Utilizacion 66.434812 VolCajasEmpacado 76.976427 Duracion[s] 45.305000 Iteraciones 1707
0 2 0 0 0 0 68 69 61
1 2 0 68 0 0 136 69 61
2 2 0 0 69 0 68 138 61
3 2 0 68 69 0 136 138 61
4 2 0 0 138 0 68 207 61
5 2 0 68 138 0 136 207 61
6 0 0 0 0 61 154 149 209
7 2 0 0 149 61 68 218 122
8 2 0 0 149 122 68 218 183
9 4 0 68 149 61 163 239 197
10 0 0 154 0 0 308 149 148
11 0 0 308 0 0 462 149 148
12 1 0 154 0 148 208 61 208
13 1 0 154 61 148 208 121 209
14 1 0 208 61 148 262 121 209
15 1 0 262 61 148 316 121 209
16 4 0 163 149 0 258 239 136
17 4 0 258 149 0 353 239 136
18 3 0 353 149 0 476 235 122
19 6 1 0 0 209 41 43 245
20 6 1 41 0 209 82 43 245
21 6 1 82 0 209 123 43 245
22 6 1 123 0 209 164 43 245
23 6 1 0 43 209 41 86 245
24 6 1 41 43 209 82 86 245
25 6 1 82 43 209 123 86 245
26 6 1 123 43 209 164 86 245
27 6 1 0 86 209 41 129 245
28 6 1 41 86 209 82 129 245
29 6 1 82 86 209 123 129 245
30 6 1 123 86 209 164 129 245
31 14 1 164 121 148 209 162 194
32 14 1 209 121 148 254 162 194
33 14 1 164 121 194 209 162 240
34 14 1 209 121 194 254 162 240
35 13 1 208 0 148 257 50 192
36 13 1 208 0 192 257 50 236
37 13 1 254 121 148 303 171 192
38 13 1 254 121 192 303 171 236
39 12 1 303 149 136 377 226 203
40 12 1 316 0 148 390 77 215
41 12 1 390 0 148 464 77 215
42 12 1 316 77 148 393 144 222
43 11 1 377 149 122 463 234 197
44 12 1 393 77 148 470 144 222
45 12 1 464 0 0 541 67 74
46 9 1 470 0 74 577 98 221
47 11 1 476 98 0 561 184 75
48 8 1 476 98 75 592 214 237
49 10 1 577 0 0 777 96 178
50 10 1 592 96 0 792 192 178
51 10 1 777 0 0 977 96 178
52 8 1 792 96 0 908 212 162
53 7 1 908 96 0 1044 234 197
54 10 1 977 0 0 1177 96 178
55 10 1 1044 96 0 1244 192 178
56 9 1 1244 0 0 1342 107 147
57 9 1 1244 107 0 1342 214 147
