Utilizacion 70.879809 VolCajasEmpacado 91.812966 Duracion[s] 23.026000 Iteraciones 19
0 5 0 0 0 0 34 37 30
1 5 0 0 37 0 34 74 30
2 5 0 0 74 0 34 111 30
3 5 0 0 111 0 34 148 30
4 5 0 0 148 0 34 185 30
5 5 0 0 185 0 34 222 30
6 2 0 0 222 0 31 236 1
7 8 0 0 0 30 41 46 75
8 8 0 0 0 75 41 46 120
9 8 0 0 0 120 41 46 165
10 8 0 0 0 165 41 46 210
11 5 0 0 0 210 37 34 240
12 2 0 0 0 240 14 31 241
13 2 0 0 0 241 14 31 242
14 2 0 0 0 242 14 31 243
15 2 0 0 0 243 14 31 244
16 2 0 0 0 244 14 31 245
17 4 0 0 236 0 22 238 50
18 4 0 0 238 0 22 240 50
19 4 0 0 222 1 50 224 23
20 4 0 0 224 1 50 226 23
21 4 0 0 226 1 50 228 23
22 4 0 0 228 1 50 230 23
23 4 0 0 230 1 50 232 23
24 4 0 0 232 1 50 234 23
25 4 0 0 234 1 50 236 23
26 4 0 0 222 23 50 224 45
27 4 0 0 224 23 50 226 45
28 4 0 0 226 23 50 228 45
29 4 0 0 228 23 50 230 45
30 4 0 0 230 23 50 232 45
31 4 0 0 232 23 50 234 45
32 4 0 0 234 23 50 236 45
33 4 0 0 34 210 50 36 232
34 2 0 14 0 240 45 14 241
35 2 0 14 0 241 45 14 242
36 2 0 14 0 242 45 14 243
37 2 0 14 0 243 45 14 244
38 2 0 14 0 244 45 14 245
39 2 0 14 14 240 45 28 241
40 2 0 14 14 241 45 28 242
41 2 0 14 14 242 45 28 243
42 2 0 14 14 243 45 28 244
43 2 0 14 14 244 45 28 245
44 6 0 0 46 30 42 86 68
45 6 0 0 86 30 42 126 68
46 6 0 0 46 68 42 86 106
47 6 0 0 86 68 42 126 106
48 6 0 0 46 106 42 86 144
49 6 0 0 86 106 42 126 144
50 6 0 0 46 144 42 86 182
51 6 0 0 86 144 42 126 182
52 6 0 0 46 182 42 86 220
53 6 0 0 86 182 42 126 220
54 4 0 0 36 220 2 86 242
55 9 0 0 126 30 55 181 79
56 9 0 0 126 79 55 181 128
57 9 0 0 126 128 55 181 177
58 9 0 0 126 177 55 181 226
59 4 0 0 86 220 50 108 222
60 4 0 0 86 222 50 108 224
61 5 0 0 181 30 34 218 60
62 5 0 0 181 60 34 218 90
63 5 0 0 181 90 34 218 120
64 2 0 0 86 224 31 100 225
65 2 0 0 100 224 31 114 225
66 2 0 2 36 220 16 67 221
67 2 0 2 36 221 16 67 222
68 7 0 0 181 120 60 235 181
69 7 0 0 181 181 60 235 242
70 8 0 42 36 0 88 77 45
71 8 0 42 36 45 83 82 90
72 8 0 42 36 90 83 82 135
73 8 0 42 36 135 83 82 180
74 8 0 42 36 180 83 82 225
75 8 0 50 82 0 95 123 46
76 7 0 55 123 0 116 177 60
77 0 0 55 82 60 177 168 183
78 7 0 55 82 183 115 143 237
79 9 0 60 177 0 115 232 49
80 7 0 60 177 49 120 231 110
81 7 0 60 177 110 120 231 171
82 7 0 60 177 171 120 231 232
83 7 0 88 0 0 149 60 54
84 1 0 83 0 54 203 80 167
85 7 0 83 0 167 137 60 228
86 7 0 115 60 183 175 121 237
87 9 0 115 121 183 170 176 232
88 9 0 120 176 0 175 231 49
89 9 0 120 176 49 175 231 98
90 9 0 120 176 98 175 231 147
91 9 0 120 176 147 175 231 196
92 3 0 177 80 0 278 196 197
93 3 0 278 0 0 379 116 197
94 14 1 14 28 240 47 40 242
95 14 1 14 28 242 47 40 244
96 10 1 14 28 244 26 48 245
97 10 1 26 28 244 38 48 245
98 10 1 38 28 244 50 48 245
99 10 1 170 121 197 190 133 198
100 10 1 170 121 198 190 133 199
101 10 1 170 121 199 190 133 200
102 10 1 170 121 200 190 133 201
103 10 1 170 121 201 190 133 202
104 10 1 170 121 202 190 133 203
105 10 1 170 121 203 190 133 204
106 10 1 170 121 204 190 133 205
107 10 1 170 121 205 190 133 206
108 10 1 170 121 206 190 133 207
109 10 1 170 121 207 190 133 208
110 10 1 170 121 208 190 133 209
111 10 1 170 121 209 190 133 210
112 10 1 170 121 210 190 133 211
113 10 1 170 121 211 190 133 212
114 10 1 170 121 212 190 133 213
115 10 1 170 121 213 190 133 214
116 10 1 170 121 214 190 133 215
117 10 1 170 121 215 190 133 216
118 10 1 170 121 216 190 133 217
119 10 1 170 121 217 190 133 218
120 10 1 170 121 218 190 133 219
121 10 1 170 121 219 190 133 220
122 10 1 170 121 220 190 133 221
123 10 1 170 121 221 190 133 222
124 10 1 170 121 222 190 133 223
125 10 1 170 121 223 190 133 224
126 12 1 170 133 197 219 183 241
127 14 1 60 183 232 93 195 234
128 14 1 60 195 232 93 207 234
129 14 1 60 207 232 93 219 234
130 14 1 60 219 232 93 231 234
131 14 1 60 183 234 93 195 236
132 14 1 60 195 234 93 207 236
133 14 1 60 207 234 93 219 236
134 14 1 60 219 234 93 231 236
135 13 1 120 196 196 160 233 229
136 12 1 175 196 0 224 240 50
137 12 1 175 196 50 224 240 100
138 12 1 175 196 100 224 240 150
139 12 1 175 196 150 224 240 200
140 12 1 160 183 200 209 233 244
141 12 1 224 196 0 274 240 49
142 12 1 224 196 49 273 240 99
143 13 1 224 196 99 264 233 132
144 11 1 278 116 0 404 229 144
145 11 1 379 0 0 505 113 144
146 11 1 404 113 0 517 239 144
147 11 1 505 0 0 631 113 144
148 28 2 209 183 200 225 223 202
149 28 2 209 183 202 225 223 204
150 28 2 209 183 204 225 223 206
151 28 2 209 183 206 225 223 208
152 28 2 209 183 208 225 223 210
153 28 2 209 183 210 225 223 212
154 28 2 209 183 212 225 223 214
155 28 2 209 183 214 225 223 216
156 28 2 209 183 216 225 223 218
157 28 2 209 183 218 225 223 220
158 28 2 209 183 220 225 223 222
159 28 2 209 183 222 225 223 224
160 28 2 209 183 224 225 223 226
161 28 2 209 183 226 225 223 228
162 28 2 209 183 228 225 223 230
163 28 2 209 183 230 225 223 232
164 28 2 209 183 232 225 223 234
165 28 2 209 183 234 225 223 236
166 28 2 209 183 236 225 223 238
167 28 2 209 183 238 225 223 240
168 28 2 209 183 240 225 223 242
169 28 2 209 183 242 225 223 244
170 29 2 209 223 200 234 236 201
171 29 2 209 223 201 234 236 202
172 29 2 209 223 202 234 236 203
173 29 2 209 223 203 234 236 204
174 29 2 209 223 204 234 236 205
175 29 2 209 223 205 234 236 206
176 29 2 209 223 206 234 236 207
177 29 2 209 223 207 234 236 208
178 29 2 209 223 208 234 236 209
179 29 2 209 223 209 234 236 210
180 29 2 209 223 210 234 236 211
181 29 2 209 223 211 234 236 212
182 29 2 209 223 212 234 236 213
183 29 2 209 223 213 234 236 214
184 29 2 209 223 214 234 236 215
185 29 2 209 223 215 234 236 216
186 29 2 209 223 216 234 236 217
187 29 2 209 223 217 234 236 218
188 29 2 209 223 218 234 236 219
189 29 2 209 223 219 234 236 220
190 29 2 209 223 220 234 236 221
191 29 2 209 223 221 234 236 222
192 29 2 209 223 222 234 236 223
193 29 2 209 223 223 234 236 224
194 29 2 209 223 224 234 236 225
195 29 2 209 223 225 234 236 226
196 29 2 209 223 226 234 236 227
197 29 2 209 223 227 234 236 228
198 29 2 209 223 228 234 236 229
199 29 2 209 223 229 234 236 230
200 29 2 209 223 230 234 236 231
201 29 2 209 223 231 234 236 232
202 29 2 209 223 232 234 236 233
203 29 2 209 223 233 234 236 234
204 29 2 209 223 234 234 236 235
205 29 2 209 223 235 234 236 236
206 29 2 209 223 236 234 236 237
207 29 2 209 223 237 234 236 238
208 29 2 209 223 238 234 236 239
209 29 2 209 223 239 234 236 240
210 28 2 209 223 240 249 239 242
211 28 2 209 223 242 249 239 244
212 28 2 278 116 144 294 156 146
213 28 2 278 116 146 294 156 148
214 28 2 278 116 148 294 156 150
215 28 2 278 116 150 294 156 152
216 28 2 278 116 152 294 156 154
217 28 2 278 116 154 294 156 156
218 28 2 278 116 156 294 156 158
219 28 2 278 116 158 294 156 160
220 28 2 278 116 160 294 156 162
221 28 2 278 116 162 294 156 164
222 28 2 278 116 164 294 156 166
223 28 2 278 116 166 294 156 168
224 28 2 278 116 168 294 156 170
225 28 2 278 116 170 294 156 172
226 28 2 278 116 172 294 156 174
227 28 2 278 116 174 294 156 176
228 24 2 278 156 144 355 230 211
229 24 2 355 156 144 432 230 211
230 24 2 432 156 144 509 230 211
231 21 2 379 0 144 485 101 236
232 21 2 485 0 144 591 101 236
233 27 2 219 101 197 262 142 233
234 27 2 219 142 197 262 183 233
235 25 2 591 0 144 659 69 205
236 25 2 591 69 144 659 138 205
237 25 2 517 113 0 586 181 61
238 25 2 517 113 61 585 182 122
239 25 2 517 113 122 585 182 183
240 25 2 517 113 183 585 182 244
241 20 2 586 138 0 693 236 147
242 23 2 585 138 147 670 224 222
243 23 2 659 0 0 745 85 75
244 23 2 745 0 0 831 85 75
245 23 2 831 0 0 917 85 75
246 23 2 917 0 0 1003 85 75
247 23 2 1003 0 0 1089 85 75
248 23 2 1089 0 0 1175 85 75
249 23 2 1175 0 0 1261 85 75
250 23 2 1261 0 0 1347 85 75
251 26 2 659 0 75 726 77 149
252 26 2 659 0 149 726 77 223
253 16 2 693 85 0 801 203 100
254 26 2 693 77 100 760 154 174
255 26 2 760 77 100 827 154 174
256 26 2 693 154 100 760 231 174
257 26 2 760 154 100 827 231 174
258 24 2 670 77 174 744 154 241
259 24 2 744 77 174 818 154 241
260 24 2 670 154 174 744 231 241
261 24 2 744 154 174 818 231 241
262 24 2 726 0 75 800 77 142
263 24 2 726 0 142 800 77 209
264 24 2 800 0 75 874 77 142
265 24 2 800 0 142 874 77 209
266 23 2 874 0 75 960 85 150
267 23 2 874 0 150 960 85 225
268 25 2 827 85 0 895 154 61
269 25 2 895 85 0 963 154 61
270 23 2 827 154 0 913 239 75
271 17 2 827 85 75 981 234 223
272 24 2 960 0 75 1034 77 142
273 15 2 981 85 0 1119 221 197
274 16 2 1119 0 75 1227 118 175
275 16 2 1227 0 75 1335 118 175
276 16 2 1119 118 0 1237 226 100
277 18 2 1119 118 100 1220 224 192
278 18 2 1237 118 0 1343 219 92
279 22 2 1237 118 92 1327 225 208
