Utilizacion 76.507407 VolCajasEmpacado 50.129615 Duracion[s] 40.026000 Iteraciones 1375
0 9 0 0 0 0 168 155 195
1 9 0 168 0 0 336 155 195
2 9 0 336 0 0 504 155 195
3 9 0 504 0 0 672 155 195
4 9 0 672 0 0 840 155 195
5 5 0 0 0 195 37 33 235
6 5 0 0 33 195 37 66 235
7 5 0 0 66 195 37 99 235
8 5 0 0 99 195 37 132 235
9 8 0 0 132 195 49 176 245
10 7 0 0 176 0 61 230 60
11 7 0 61 176 0 122 230 60
12 7 0 122 176 0 183 230 60
13 7 0 183 176 0 244 230 60
14 7 0 244 176 0 305 230 60
15 6 0 49 155 60 123 232 127
16 6 0 123 155 60 197 232 127
17 0 0 49 155 127 116 232 201
18 0 0 116 155 127 183 232 201
19 4 0 197 155 60 292 237 152
20 4 0 197 155 152 292 237 244
21 4 0 305 155 0 397 237 95
22 4 0 397 155 0 489 237 95
23 4 0 489 155 0 581 237 95
24 4 0 581 155 0 673 237 95
25 4 0 673 155 0 765 237 95
26 0 0 292 155 95 359 232 169
27 0 0 292 155 169 359 232 243
28 0 0 359 155 95 436 222 169
29 0 0 359 155 169 436 222 243
30 0 0 436 155 95 503 232 169
31 0 0 436 155 169 503 232 243
32 2 0 840 0 0 940 118 108
33 1 0 840 0 108 956 100 237
34 1 0 840 118 0 940 234 129
35 1 0 940 118 0 1040 234 129
36 1 0 1040 118 0 1140 234 129
37 1 0 1140 118 0 1240 234 129
38 1 0 1240 118 0 1340 234 129
39 1 0 840 100 129 969 200 245
40 1 0 956 0 0 1072 100 129
41 1 0 956 0 129 1085 100 245
42 1 0 969 100 129 1069 229 245
43 1 0 1069 100 129 1198 200 245
44 1 0 1085 0 0 1214 100 116
45 1 0 1085 0 116 1214 100 232
46 1 0 1198 100 129 1327 200 245
47 1 0 1214 0 0 1343 100 116
48 1 0 1214 0 116 1330 100 245
