Utilizacion 77.619644 VolCajasEmpacado 89.571235 Duracion[s] 15.532000 Iteraciones 139
0 1 0 0 0 0 139 88 25
1 1 0 0 88 0 139 176 25
2 1 0 0 0 25 139 88 50
3 1 0 0 88 25 139 176 50
4 1 0 0 0 50 139 88 75
5 1 0 0 88 50 139 176 75
6 1 0 0 0 75 139 88 100
7 1 0 0 88 75 139 176 100
8 1 0 0 0 100 139 88 125
9 1 0 0 88 100 139 176 125
10 1 0 0 0 125 139 88 150
11 1 0 0 88 125 139 176 150
12 1 0 0 0 150 139 88 175
13 1 0 0 88 150 139 176 175
14 1 0 0 0 175 139 88 200
15 1 0 0 88 175 139 176 200
16 1 0 0 0 200 139 88 225
17 1 0 0 88 200 139 176 225
18 1 0 0 176 0 88 201 139
19 1 0 0 201 0 88 226 139
20 1 0 0 176 139 139 201 227
21 1 0 0 201 139 139 226 227
22 1 0 139 0 0 278 25 88
23 1 0 139 25 0 278 50 88
24 1 0 139 50 0 278 75 88
25 1 0 139 75 0 278 100 88
26 1 0 139 100 0 278 125 88
27 1 0 139 125 0 278 150 88
28 1 0 139 150 0 278 175 88
29 1 0 139 175 0 278 200 88
30 1 0 139 200 0 278 225 88
31 1 0 139 0 88 278 25 176
32 1 0 139 25 88 278 50 176
33 1 0 139 50 88 278 75 176
34 1 0 139 75 88 278 100 176
35 1 0 139 100 88 278 125 176
36 1 0 139 125 88 278 150 176
37 1 0 139 150 88 278 175 176
38 1 0 139 175 88 278 200 176
39 1 0 139 200 88 278 225 176
40 1 0 139 0 176 278 88 201
41 1 0 139 88 176 278 176 201
42 1 0 139 0 201 278 88 226
43 0 0 278 0 0 384 99 63
44 0 0 278 99 0 384 198 63
45 0 0 278 0 63 384 99 126
46 0 0 278 99 63 384 198 126
47 0 0 278 0 126 384 99 189
48 0 0 278 99 126 384 198 189
49 0 0 384 0 0 483 106 63
50 0 0 483 0 0 582 106 63
51 0 0 582 0 0 681 106 63
52 0 0 384 106 0 483 212 63
53 0 0 483 106 0 582 212 63
54 0 0 582 106 0 681 212 63
55 0 0 384 0 63 483 106 126
56 0 0 483 0 63 582 106 126
57 0 0 582 0 63 681 106 126
58 0 0 384 106 63 483 212 126
59 0 0 483 106 63 582 212 126
60 0 0 582 106 63 681 212 126
61 0 0 384 0 126 483 106 189
62 0 0 483 0 126 582 106 189
63 0 0 582 0 126 681 106 189
64 0 0 384 106 126 483 212 189
65 0 0 483 106 126 582 212 189
66 0 0 582 106 126 681 212 189
67 3 1 278 0 189 341 50 227
68 3 1 341 0 189 404 50 227
69 3 1 278 50 189 341 100 227
70 3 1 341 50 189 404 100 227
71 3 1 278 100 189 341 150 227
72 3 1 341 100 189 404 150 227
73 3 1 278 150 189 341 200 227
74 3 1 341 150 189 404 200 227
75 4 1 404 0 189 632 64 229
76 4 1 404 64 189 632 128 229
77 4 1 404 128 189 632 192 229
78 2 1 404 192 189 429 230 214
79 2 1 429 192 189 454 230 214
80 2 1 454 192 189 479 230 214
81 4 1 632 0 189 696 228 229
82 2 1 696 0 0 734 25 25
83 2 1 734 0 0 772 25 25
84 2 1 772 0 0 810 25 25
85 2 1 810 0 0 848 25 25
86 2 1 848 0 0 886 25 25
87 2 1 886 0 0 924 25 25
88 2 1 924 0 0 962 25 25
89 2 1 962 0 0 1000 25 25
90 2 1 1000 0 0 1038 25 25
91 2 1 1038 0 0 1076 25 25
92 2 1 1076 0 0 1114 25 25
93 2 1 1114 0 0 1152 25 25
94 3 1 696 0 25 734 50 88
95 3 1 734 0 25 772 50 88
96 3 1 772 0 25 810 50 88
97 3 1 810 0 25 848 50 88
98 3 1 848 0 25 886 50 88
99 3 1 886 0 25 924 50 88
100 3 1 924 0 25 962 50 88
101 3 1 962 0 25 1000 50 88
102 3 1 1000 0 25 1038 50 88
103 3 1 1038 0 25 1076 50 88
104 3 1 1076 0 25 1114 50 88
105 3 1 1114 0 25 1152 50 88
106 3 1 696 0 88 734 50 151
107 3 1 734 0 88 772 50 151
108 3 1 772 0 88 810 50 151
109 3 1 810 0 88 848 50 151
110 3 1 848 0 88 886 50 151
111 3 1 886 0 88 924 50 151
112 3 1 924 0 88 962 50 151
113 3 1 962 0 88 1000 50 151
114 3 1 1000 0 88 1038 50 151
115 3 1 1038 0 88 1076 50 151
116 3 1 1076 0 88 1114 50 151
117 3 1 1114 0 88 1152 50 151
118 3 1 696 0 151 734 50 214
119 3 1 734 0 151 772 50 214
120 3 1 772 0 151 810 50 214
121 3 1 810 0 151 848 50 214
122 3 1 848 0 151 886 50 214
123 3 1 886 0 151 924 50 214
124 3 1 924 0 151 962 50 214
125 3 1 962 0 151 1000 50 214
126 3 1 1000 0 151 1038 50 214
127 3 1 1038 0 151 1076 50 214
128 3 1 1076 0 151 1114 50 214
129 3 1 1114 0 151 1152 50 214
130 4 1 696 50 0 924 90 64
131 4 1 696 90 0 924 130 64
132 4 1 696 130 0 924 170 64
133 4 1 696 170 0 924 210 64
134 4 1 696 50 64 924 90 128
135 4 1 696 90 64 924 130 128
136 4 1 696 130 64 924 170 128
137 4 1 696 170 64 924 210 128
138 4 1 696 50 128 924 90 192
139 4 1 696 90 128 924 130 192
140 4 1 696 130 128 924 170 192
141 4 1 696 170 128 924 210 192
142 4 1 696 50 192 924 114 232
143 3 1 696 114 192 746 177 230
144 2 1 696 177 192 721 215 217
145 2 1 721 177 192 746 215 217
146 2 1 746 177 192 771 215 217
147 2 1 771 177 192 796 215 217
148 2 1 796 177 192 821 215 217
149 2 1 821 177 192 846 215 217
150 2 1 846 177 192 871 215 217
151 2 1 871 177 192 896 215 217
152 2 1 896 177 192 921 215 217
153 4 1 924 50 0 988 90 228
154 2 1 924 90 0 949 128 25
155 2 1 949 90 0 974 128 25
156 2 1 974 90 0 999 128 25
157 2 1 999 90 0 1024 128 25
158 2 1 1024 90 0 1049 128 25
159 2 1 1049 90 0 1074 128 25
160 2 1 1074 90 0 1099 128 25
161 2 1 1099 90 0 1124 128 25
162 2 1 1124 90 0 1149 128 25
163 2 1 1149 90 0 1174 128 25
164 2 1 924 128 0 949 166 25
165 2 1 949 128 0 974 166 25
166 2 1 974 128 0 999 166 25
167 2 1 999 128 0 1024 166 25
168 2 1 1024 128 0 1049 166 25
169 2 1 1049 128 0 1074 166 25
170 2 1 1074 128 0 1099 166 25
171 2 1 1099 128 0 1124 166 25
172 2 1 1124 128 0 1149 166 25
173 2 1 1149 128 0 1174 166 25
174 2 1 924 166 0 949 204 25
175 2 1 949 166 0 974 204 25
176 2 1 974 166 0 999 204 25
177 2 1 999 166 0 1024 204 25
178 2 1 1024 166 0 1049 204 25
179 2 1 1049 166 0 1074 204 25
180 2 1 1074 166 0 1099 204 25
181 2 1 1099 166 0 1124 204 25
182 2 1 1124 166 0 1149 204 25
183 2 1 1149 166 0 1174 204 25
184 2 1 924 204 0 949 229 38
185 4 1 924 90 25 1152 130 89
186 4 1 924 130 25 1152 170 89
187 4 1 924 90 89 1152 130 153
188 4 1 924 130 89 1152 170 153
189 4 1 924 90 153 1152 130 217
190 4 1 924 130 153 1152 170 217
191 2 1 949 170 25 974 208 50
192 2 1 974 170 25 999 208 50
193 2 1 999 170 25 1024 208 50
194 2 1 1024 170 25 1049 208 50
195 2 1 1049 170 25 1074 208 50
196 2 1 1074 170 25 1099 208 50
197 2 1 1099 170 25 1124 208 50
198 2 1 1124 170 25 1149 208 50
199 2 1 1149 170 25 1174 208 50
200 2 1 924 208 38 949 233 76
201 4 1 949 170 50 1177 210 114
202 2 1 988 50 0 1013 75 38
203 2 1 1013 50 0 1038 75 38
204 2 1 1038 50 0 1063 75 38
205 2 1 1063 50 0 1088 75 38
206 2 1 1088 50 0 1113 75 38
207 2 1 1113 50 0 1138 75 38
208 2 1 1138 50 0 1163 75 38
209 2 1 1163 50 0 1188 75 38
210 2 1 988 50 38 1013 88 63
211 2 1 988 50 63 1026 75 88
212 2 1 988 50 88 1013 88 113
213 2 1 1013 50 88 1038 88 113
214 2 1 1038 50 38 1063 88 63
215 2 1 1038 50 63 1076 75 88
216 2 1 1038 50 88 1063 88 113
217 2 1 1063 50 88 1088 88 113
218 2 1 1088 50 38 1113 88 63
219 2 1 1088 50 63 1126 75 88
220 2 1 1088 50 88 1113 88 113
221 2 1 1113 50 88 1138 88 113
222 2 1 1138 50 38 1163 88 63
223 2 1 1163 50 38 1188 88 63
224 2 1 1152 0 0 1177 25 38
225 2 1 1152 25 0 1190 50 25
226 2 1 1152 0 38 1190 25 63
227 2 1 1152 88 25 1177 126 50
228 2 1 1152 88 50 1190 113 75
229 2 1 1152 113 50 1190 138 75
230 2 1 1152 138 25 1190 163 50
231 2 1 1152 0 63 1177 38 88
232 2 1 1152 0 88 1190 25 113
233 2 1 1152 0 113 1177 38 138
234 2 1 1152 0 138 1190 25 163
235 2 1 1152 0 163 1177 38 188
236 2 1 1152 0 188 1190 25 213
237 2 1 1152 25 188 1177 50 226
