Utilizacion 71.418340 VolCajasEmpacado 60.587485 Duracion[s] 41.164000 Iteraciones 17
0 5 0 0 0 0 101 197 116
1 5 0 101 0 0 202 197 116
2 5 0 202 0 0 303 197 116
3 5 0 303 0 0 404 197 116
4 5 0 404 0 0 505 197 116
5 5 0 505 0 0 606 197 116
6 5 0 606 0 0 707 197 116
7 5 0 707 0 0 808 197 116
8 5 0 808 0 0 909 197 116
9 2 0 0 0 116 58 55 165
10 2 0 58 0 116 116 55 165
11 2 0 116 0 116 174 55 165
12 2 0 174 0 116 232 55 165
13 2 0 232 0 116 290 55 165
14 2 0 290 0 116 348 55 165
15 2 0 0 0 165 58 55 214
16 2 0 58 0 165 116 55 214
17 2 0 116 0 165 174 55 214
18 2 0 174 0 165 232 55 214
19 2 0 232 0 165 290 55 214
20 2 0 290 0 165 348 55 214
21 1 0 0 0 214 50 20 234
22 1 0 0 20 214 50 40 234
23 1 0 0 40 214 50 60 234
24 0 0 0 0 234 20 65 237
25 0 0 0 0 237 20 65 240
26 0 0 0 0 240 20 65 243
27 1 0 0 65 116 50 85 136
28 1 0 0 65 136 50 85 156
29 1 0 0 65 156 50 85 176
30 1 0 0 65 176 50 85 196
31 1 0 0 65 196 50 85 216
32 1 0 0 65 216 50 85 236
33 1 0 0 197 0 50 217 20
34 1 0 0 217 0 50 237 20
35 0 0 0 197 20 65 217 23
36 0 0 0 217 20 65 237 23
37 0 0 0 197 23 65 217 26
38 0 0 0 217 23 65 237 26
39 0 0 0 197 26 65 217 29
40 0 0 0 217 26 65 237 29
41 0 0 0 197 29 65 217 32
42 0 0 0 217 29 65 237 32
43 0 0 0 197 32 65 217 35
44 0 0 0 217 32 65 237 35
45 0 0 0 197 35 65 217 38
46 0 0 0 217 35 65 237 38
47 0 0 0 197 38 65 217 41
48 0 0 0 217 38 65 237 41
49 0 0 0 197 41 65 217 44
50 0 0 0 217 41 65 237 44
51 1 0 0 197 44 50 217 64
52 1 0 0 197 64 50 217 84
53 1 0 0 197 84 50 217 104
54 1 0 0 197 104 50 217 124
55 1 0 0 197 124 50 217 144
56 1 0 0 197 144 50 217 164
57 1 0 0 197 164 50 217 184
58 1 0 0 197 184 50 217 204
59 1 0 0 197 204 50 217 224
60 1 0 0 197 224 50 217 244
61 0 0 20 0 234 40 65 237
62 1 0 0 217 44 50 237 64
63 1 0 0 217 64 50 237 84
64 1 0 0 217 84 50 237 104
65 1 0 0 217 104 50 237 124
66 1 0 0 217 124 50 237 144
67 1 0 0 217 144 50 237 164
68 1 0 0 217 164 50 237 184
69 1 0 0 217 184 50 237 204
70 1 0 0 217 204 50 237 224
71 1 0 0 217 224 50 237 244
72 3 0 0 85 116 74 162 183
73 3 0 74 85 116 148 162 183
74 1 0 0 162 116 50 182 136
75 1 0 0 162 136 50 182 156
76 1 0 0 162 156 50 182 176
77 1 0 0 162 176 50 182 196
78 1 0 0 162 196 50 182 216
79 1 0 0 162 216 50 182 236
80 1 0 0 85 183 20 135 203
81 1 0 0 85 203 20 135 223
82 1 0 0 85 223 20 135 243
83 1 0 50 0 214 100 20 234
84 1 0 0 135 183 50 155 203
85 1 0 0 135 203 50 155 223
86 1 0 0 135 223 50 155 243
87 1 0 20 85 183 40 135 203
88 1 0 40 85 183 60 135 203
89 1 0 60 85 183 80 135 203
90 1 0 80 85 183 100 135 203
91 1 0 100 85 183 120 135 203
92 1 0 120 85 183 140 135 203
93 1 0 20 85 203 40 135 223
94 1 0 40 85 203 60 135 223
95 1 0 60 85 203 80 135 223
96 1 0 80 85 203 100 135 223
97 1 0 100 85 203 120 135 223
98 1 0 120 85 203 140 135 223
99 1 0 20 85 223 40 135 243
100 1 0 40 85 223 60 135 243
101 1 0 60 85 223 80 135 243
102 1 0 80 85 223 100 135 243
103 1 0 100 85 223 120 135 243
104 1 0 120 85 223 140 135 243
105 1 0 50 55 116 100 75 136
106 1 0 100 55 116 150 75 136
107 1 0 150 55 116 200 75 136
108 4 0 148 75 116 227 152 185
109 4 0 227 75 116 306 152 185
110 4 0 306 75 116 385 152 185
111 4 0 385 75 116 464 152 185
112 4 0 464 75 116 543 152 185
113 4 0 543 75 116 622 152 185
114 4 0 622 75 116 701 152 185
115 4 0 701 75 116 780 152 185
116 4 0 780 75 116 859 152 185
117 4 0 859 75 116 938 152 185
118 4 0 148 152 116 227 229 185
119 4 0 227 152 116 306 229 185
120 4 0 306 152 116 385 229 185
121 4 0 385 152 116 464 229 185
122 4 0 464 152 116 543 229 185
123 4 0 543 152 116 622 229 185
124 4 0 622 152 116 701 229 185
125 4 0 701 152 116 780 229 185
126 4 0 780 152 116 859 229 185
127 4 0 859 152 116 938 229 185
128 4 0 938 0 0 1015 79 69
129 4 0 1015 0 0 1092 79 69
130 4 0 938 79 0 1015 158 69
131 4 0 1015 79 0 1092 158 69
132 4 0 938 158 0 1015 237 69
133 4 0 1015 158 0 1092 237 69
134 6 1 0 237 0 15 240 45
135 6 1 15 237 0 30 240 45
136 6 1 30 237 0 45 240 45
137 6 1 45 237 0 60 240 45
138 6 1 60 237 0 75 240 45
139 6 1 75 237 0 90 240 45
140 6 1 90 237 0 105 240 45
141 6 1 105 237 0 120 240 45
142 6 1 120 237 0 135 240 45
143 6 1 135 237 0 150 240 45
144 6 1 150 237 0 165 240 45
145 6 1 165 237 0 180 240 45
146 7 1 20 0 237 38 52 240
147 7 1 20 0 240 38 52 243
148 7 1 40 0 234 58 52 237
149 7 1 40 0 237 58 52 240
150 7 1 40 0 240 58 52 243
151 7 1 58 0 234 110 18 237
152 7 1 58 0 237 110 18 240
153 7 1 58 0 240 110 18 243
154 7 1 58 20 214 110 38 217
155 7 1 110 20 214 162 38 217
156 7 1 162 20 214 214 38 217
157 7 1 214 20 214 266 38 217
158 7 1 266 20 214 318 38 217
159 7 1 318 20 214 370 38 217
160 7 1 58 20 217 110 38 220
161 7 1 58 38 214 110 56 217
162 7 1 58 38 217 110 56 220
163 7 1 58 20 220 110 38 223
164 7 1 58 20 223 110 38 226
165 7 1 58 20 226 110 38 229
166 7 1 58 20 229 110 38 232
167 7 1 58 20 232 110 38 235
168 7 1 58 38 220 110 56 223
169 7 1 58 38 223 110 56 226
170 7 1 58 18 235 110 36 238
171 7 1 58 18 238 110 36 241
172 7 1 58 18 241 110 36 244
173 8 1 140 55 185 208 119 242
174 8 1 140 119 185 208 183 242
175 8 1 208 55 185 276 119 242
176 8 1 208 119 185 276 183 242
177 8 1 276 55 185 344 119 242
178 8 1 276 119 185 344 183 242
179 8 1 344 55 185 412 119 242
180 8 1 344 119 185 412 183 242
181 8 1 412 0 116 480 57 180
182 8 1 412 0 180 480 64 237
183 8 1 412 64 185 480 128 242
184 8 1 412 128 185 480 192 242
185 8 1 480 0 116 548 57 180
186 8 1 480 0 180 548 64 237
187 8 1 480 64 185 548 128 242
188 8 1 480 128 185 548 192 242
189 8 1 548 0 116 616 57 180
190 8 1 548 0 180 616 64 237
191 8 1 548 64 185 616 128 242
192 8 1 548 128 185 616 192 242
193 8 1 616 0 116 684 57 180
194 8 1 616 0 180 684 64 237
195 8 1 616 64 185 684 128 242
196 8 1 616 128 185 684 192 242
197 8 1 684 0 116 752 57 180
198 8 1 684 0 180 752 64 237
199 8 1 684 64 185 752 128 242
200 9 1 752 0 116 829 67 190
201 9 1 829 0 116 906 67 190
202 10 1 909 0 69 995 75 154
203 10 1 906 0 154 992 75 239
204 10 1 938 75 69 1024 160 144
205 10 1 938 75 144 1024 160 219
206 10 1 938 160 69 1024 235 154
207 10 1 938 160 154 1024 235 239
208 10 1 995 0 69 1081 75 154
209 10 1 1024 0 154 1110 85 229
210 12 2 1024 85 69 1119 167 161
211 12 2 1024 85 161 1119 177 243
212 11 2 1110 0 0 1196 75 85
213 11 2 1110 0 85 1196 75 170
214 11 2 1119 75 0 1205 150 85
215 11 2 1119 75 85 1205 150 170
216 12 2 1119 150 0 1211 232 95
217 12 2 1119 150 95 1214 232 187
218 12 2 1205 0 0 1287 92 95
219 12 2 1205 0 95 1287 92 190
220 13 2 1214 92 0 1322 210 100
221 13 2 1214 92 100 1322 210 200
