Utilizacion 78.845493 VolCajasEmpacado 35.760438 Duracion[s] 60.149000 Iteraciones 311
0 24 0 0 0 0 126 113 144
1 24 0 126 0 0 252 113 144
2 24 0 252 0 0 378 113 144
3 24 0 0 113 0 126 226 144
4 24 0 126 113 0 252 226 144
5 24 0 252 113 0 378 226 144
6 34 0 0 226 0 31 240 1
7 34 0 31 226 0 62 240 1
8 34 0 62 226 0 93 240 1
9 34 0 93 226 0 124 240 1
10 34 0 124 226 0 155 240 1
11 34 0 155 226 0 186 240 1
12 34 0 186 226 0 217 240 1
13 34 0 217 226 0 248 240 1
14 34 0 248 226 0 279 240 1
15 34 0 279 226 0 310 240 1
16 34 0 310 226 0 341 240 1
17 34 0 341 226 0 372 240 1
18 34 0 372 226 0 403 240 1
19 34 0 403 226 0 434 240 1
20 34 0 434 226 0 465 240 1
21 34 0 465 226 0 496 240 1
22 34 0 496 226 0 527 240 1
23 34 0 527 226 0 558 240 1
24 34 0 558 226 0 589 240 1
25 34 0 589 226 0 620 240 1
26 34 0 620 226 0 651 240 1
27 34 0 651 226 0 682 240 1
28 34 0 682 226 0 713 240 1
29 34 0 713 226 0 744 240 1
30 34 0 744 226 0 775 240 1
31 34 0 775 226 0 806 240 1
32 34 0 806 226 0 837 240 1
33 34 0 837 226 0 868 240 1
34 34 0 868 226 0 899 240 1
35 34 0 899 226 0 930 240 1
36 17 0 0 226 1 130 239 105
37 17 0 130 226 1 260 239 105
38 17 0 260 226 1 390 239 105
39 17 0 390 226 1 520 239 105
40 17 0 520 226 1 650 239 105
41 17 0 650 226 1 780 239 105
42 17 0 0 226 105 130 239 209
43 17 0 130 226 105 260 239 209
44 17 0 260 226 105 390 239 209
45 17 0 390 226 105 520 239 209
46 17 0 520 226 105 650 239 209
47 17 0 650 226 105 780 239 209
48 16 0 0 239 1 63 240 64
49 8 0 0 0 144 86 75 229
50 8 0 0 75 144 86 150 229
51 8 0 0 150 144 86 225 229
52 33 0 0 0 229 25 8 231
53 33 0 0 0 231 25 8 233
54 33 0 0 0 233 25 8 235
55 33 0 0 0 235 25 8 237
56 33 0 0 0 237 25 8 239
57 33 0 0 0 239 25 8 241
58 33 0 0 0 241 25 8 243
59 33 0 0 0 243 25 8 245
60 33 0 0 8 229 25 16 231
61 33 0 0 16 229 25 24 231
62 35 0 0 8 231 50 30 233
63 35 0 0 225 209 50 227 231
64 35 0 50 225 209 100 227 231
65 35 0 0 227 209 50 229 231
66 35 0 50 227 209 100 229 231
67 35 0 0 229 209 50 231 231
68 35 0 50 229 209 100 231 231
69 35 0 0 231 209 50 233 231
70 35 0 50 231 209 100 233 231
71 35 0 0 233 209 50 235 231
72 35 0 50 233 209 100 235 231
73 35 0 0 235 209 50 237 231
74 35 0 50 235 209 100 237 231
75 35 0 0 237 209 50 239 231
76 35 0 50 237 209 100 239 231
77 35 0 0 8 233 50 30 235
78 35 0 0 8 235 50 30 237
79 35 0 0 8 237 50 30 239
80 35 0 0 8 239 50 30 241
81 35 0 0 8 241 50 30 243
82 50 0 0 30 229 50 124 231
83 50 0 0 124 229 50 218 231
84 32 0 0 218 229 80 221 232
85 50 0 0 30 231 50 124 233
86 50 0 0 124 231 50 218 233
87 50 0 0 30 233 50 124 235
88 50 0 0 124 233 50 218 235
89 50 0 0 30 235 50 124 237
90 50 0 0 124 235 50 218 237
91 31 0 50 0 229 93 51 239
92 31 0 50 51 229 101 94 239
93 31 0 50 94 229 101 137 239
94 31 0 50 137 229 101 180 239
95 39 0 86 180 144 129 221 180
96 39 0 86 180 180 122 223 221
97 3 0 86 223 144 88 225 183
98 31 0 86 180 221 137 223 231
99 31 0 86 180 231 137 223 241
100 31 0 93 0 144 144 43 154
101 31 0 93 0 154 144 43 164
102 31 0 93 0 164 144 43 174
103 31 0 93 0 174 144 43 184
104 31 0 93 0 184 144 43 194
105 31 0 93 0 194 144 43 204
106 31 0 93 0 204 144 43 214
107 31 0 93 0 214 144 43 224
108 31 0 93 0 224 144 43 234
109 31 0 93 0 234 144 43 244
110 46 0 101 43 144 156 98 193
111 46 0 156 43 144 211 98 193
112 46 0 101 98 144 156 153 193
113 46 0 156 98 144 211 153 193
114 46 0 101 43 193 156 98 242
115 46 0 156 43 193 211 98 242
116 46 0 101 98 193 156 153 242
117 46 0 156 98 193 211 153 242
118 47 0 101 153 144 157 177 200
119 47 0 157 153 144 213 177 200
120 39 0 137 153 200 173 196 241
121 39 0 173 153 200 209 196 241
122 48 0 137 196 144 192 216 199
123 36 0 137 196 199 167 226 229
124 31 0 137 196 229 188 239 239
125 48 0 144 0 144 199 20 199
126 48 0 144 20 144 199 40 199
127 39 0 144 0 199 180 43 240
128 39 0 180 0 199 216 41 242
129 48 0 192 196 144 247 216 199
130 31 0 209 177 199 260 220 209
131 31 0 209 177 209 260 220 219
132 31 0 209 177 219 260 220 229
133 31 0 209 177 229 260 220 239
134 6 0 211 41 144 291 109 216
135 6 0 291 41 144 371 109 216
136 37 0 211 41 216 243 114 245
137 38 0 211 114 144 246 153 231
138 31 0 211 114 231 254 165 241
139 38 0 216 0 144 303 39 179
140 37 0 216 0 179 289 32 208
141 37 0 216 0 208 289 32 237
142 31 0 243 32 216 294 75 226
143 31 0 243 32 226 294 75 236
144 37 0 243 75 216 316 107 245
145 46 0 254 109 144 309 164 193
146 46 0 254 109 193 309 164 242
147 45 0 260 164 144 340 224 186
148 41 0 260 164 186 304 213 236
149 31 0 304 164 186 347 215 196
150 46 0 304 164 196 359 219 245
151 37 0 303 0 144 376 32 173
152 37 0 303 0 173 376 32 202
153 49 0 309 109 144 370 163 204
154 42 0 309 109 204 354 155 245
155 22 0 378 0 0 490 140 43
156 22 0 490 0 0 602 140 43
157 22 0 602 0 0 714 140 43
158 29 0 378 0 43 516 136 240
159 29 0 516 0 43 654 136 240
160 11 0 378 140 0 501 226 122
161 40 0 378 136 122 438 216 178
162 40 0 378 136 178 438 216 234
163 45 0 438 136 122 480 216 182
164 45 0 438 136 182 480 216 242
165 45 0 480 136 122 522 216 182
166 49 0 480 136 182 534 197 242
167 8 0 534 140 0 609 226 85
168 8 0 534 140 85 609 226 170
169 5 0 534 136 170 601 213 244
170 9 0 609 140 0 689 220 60
171 9 0 609 140 60 689 220 120
172 2 0 609 136 120 677 205 181
173 2 0 609 136 181 677 205 242
174 4 0 654 0 43 711 68 107
175 4 0 654 68 43 711 136 107
176 4 0 654 0 107 711 68 171
177 4 0 654 68 107 711 136 171
178 4 0 654 0 171 711 68 235
179 4 0 654 68 171 711 136 235
180 10 0 689 140 0 784 221 36
181 43 0 689 140 36 745 210 107
182 43 0 689 140 107 745 210 178
183 4 0 677 136 178 745 193 242
184 43 0 714 0 0 770 70 71
185 43 0 770 0 0 826 70 71
186 43 0 826 0 0 882 70 71
187 23 0 711 0 71 851 113 214
188 51 0 711 0 214 761 50 235
189 51 0 711 50 214 761 100 235
190 7 0 745 113 36 816 225 106
191 7 0 745 113 106 816 225 176
192 4 0 745 113 176 802 181 240
193 4 0 780 181 176 848 238 240
194 5 0 816 113 0 893 180 74
195 5 0 816 113 74 893 180 148
196 5 0 816 113 148 893 180 222
197 1 0 851 0 71 911 80 120
198 12 0 851 0 120 952 92 226
199 14 0 893 92 0 1011 192 108
200 14 0 1011 92 0 1129 192 108
201 19 0 893 92 108 1030 232 220
202 4 0 952 0 0 1016 68 57
203 4 0 952 0 57 1016 68 114
204 4 0 952 0 114 1016 68 171
205 4 0 952 0 171 1016 68 228
206 12 0 1016 0 0 1117 92 106
207 4 0 1016 0 106 1084 64 163
208 4 0 1016 0 163 1084 64 220
209 26 0 1030 64 108 1190 230 224
210 4 0 1084 0 106 1141 64 174
211 4 0 1084 0 174 1141 64 242
212 4 0 1141 0 0 1205 57 68
213 4 0 1141 0 68 1205 57 136
214 4 0 1141 0 136 1205 57 204
215 4 0 1190 57 0 1258 114 64
216 4 0 1258 57 0 1326 114 64
217 4 0 1190 114 0 1258 171 64
218 4 0 1258 114 0 1326 171 64
219 4 0 1190 171 0 1258 228 64
220 4 0 1258 171 0 1326 228 64
221 21 0 1190 57 64 1330 169 135
222 21 0 1190 57 135 1330 169 206
223 20 0 1190 0 206 1302 140 243
224 4 0 1190 169 64 1247 237 128
225 4 0 1247 169 64 1304 237 128
226 4 0 1190 169 128 1247 237 192
227 4 0 1247 169 128 1304 237 192
