Utilizacion 68.207455 VolCajasEmpacado 57.863543 Duracion[s] 54.646000 Iteraciones 18
0 5 0 0 0 0 116 101 197
1 5 0 116 0 0 232 101 197
2 5 0 232 0 0 348 101 197
3 5 0 348 0 0 464 101 197
4 5 0 464 0 0 580 101 197
5 5 0 580 0 0 696 101 197
6 5 0 696 0 0 812 101 197
7 5 0 812 0 0 928 101 197
8 5 0 928 0 0 1044 101 197
9 0 0 0 0 197 65 20 200
10 0 0 0 0 200 65 20 203
11 0 0 0 0 203 65 20 206
12 0 0 0 0 206 65 20 209
13 0 0 0 0 209 65 20 212
14 0 0 0 0 212 65 20 215
15 0 0 0 0 215 65 20 218
16 0 0 0 0 218 65 20 221
17 0 0 0 0 221 65 20 224
18 0 0 0 0 224 65 20 227
19 0 0 0 0 227 65 20 230
20 0 0 0 0 230 65 20 233
21 0 0 0 0 233 65 20 236
22 0 0 0 0 236 65 20 239
23 0 0 0 0 239 65 20 242
24 0 0 0 0 242 65 20 245
25 1 0 0 20 197 50 40 217
26 1 0 0 20 217 50 40 237
27 0 0 0 40 197 20 105 200
28 0 0 0 40 200 20 105 203
29 0 0 0 40 203 20 105 206
30 0 0 0 40 206 20 105 209
31 1 0 0 105 0 50 125 20
32 1 0 0 125 0 20 175 20
33 1 0 0 175 0 20 225 20
34 1 0 0 40 209 20 90 229
35 1 0 20 40 197 70 60 217
36 1 0 20 60 197 70 80 217
37 1 0 20 80 197 70 100 217
38 1 0 20 40 217 70 60 237
39 1 0 20 60 217 70 80 237
40 1 0 20 80 217 70 100 237
41 3 0 20 125 0 94 202 67
42 4 0 0 105 67 79 182 136
43 4 0 0 105 136 79 182 205
44 1 0 0 182 20 20 232 40
45 1 0 0 105 205 50 125 225
46 1 0 0 125 205 50 145 225
47 1 0 0 145 205 50 165 225
48 1 0 0 165 205 50 185 225
49 1 0 0 105 225 50 125 245
50 1 0 0 125 225 50 145 245
51 1 0 0 145 225 50 165 245
52 1 0 0 165 225 50 185 245
53 1 0 0 185 40 20 235 60
54 1 0 0 185 60 20 235 80
55 1 0 0 185 80 20 235 100
56 1 0 0 185 100 20 235 120
57 1 0 0 185 120 20 235 140
58 1 0 0 185 140 20 235 160
59 1 0 0 185 160 20 235 180
60 1 0 0 185 180 20 235 200
61 1 0 0 185 200 20 235 220
62 1 0 0 185 220 20 235 240
63 1 0 20 185 67 70 205 87
64 1 0 20 185 87 70 205 107
65 1 0 20 185 107 70 205 127
66 1 0 20 185 127 70 205 147
67 1 0 20 185 147 70 205 167
68 1 0 20 185 167 70 205 187
69 1 0 20 185 187 70 205 207
70 1 0 20 185 207 70 205 227
71 1 0 20 205 0 70 225 20
72 1 0 50 100 205 100 120 225
73 1 0 50 120 205 100 140 225
74 1 0 50 140 205 100 160 225
75 1 0 50 160 205 100 180 225
76 1 0 50 20 197 100 40 217
77 1 0 50 20 217 100 40 237
78 1 0 50 100 225 70 150 245
79 1 0 70 100 225 90 150 245
80 1 0 90 100 225 110 150 245
81 1 0 65 0 197 115 20 217
82 1 0 65 0 217 115 20 237
83 1 0 70 150 225 120 170 245
84 1 0 70 170 225 120 190 245
85 1 0 70 40 197 120 60 217
86 1 0 120 40 197 170 60 217
87 1 0 170 40 197 220 60 217
88 1 0 220 40 197 270 60 217
89 1 0 270 40 197 320 60 217
90 1 0 320 40 197 370 60 217
91 1 0 370 40 197 420 60 217
92 1 0 420 40 197 470 60 217
93 1 0 470 40 197 520 60 217
94 1 0 520 40 197 570 60 217
95 1 0 570 40 197 620 60 217
96 1 0 620 40 197 670 60 217
97 4 0 120 101 0 197 180 69
98 4 0 197 101 0 274 180 69
99 4 0 274 101 0 351 180 69
100 4 0 351 101 0 428 180 69
101 4 0 428 101 0 505 180 69
102 4 0 505 101 0 582 180 69
103 4 0 582 101 0 659 180 69
104 4 0 659 101 0 736 180 69
105 4 0 736 101 0 813 180 69
106 4 0 813 101 0 890 180 69
107 4 0 890 101 0 967 180 69
108 4 0 967 101 0 1044 180 69
109 4 0 1044 101 0 1121 180 69
110 4 0 1121 101 0 1198 180 69
111 4 0 1198 101 0 1275 180 69
112 2 0 120 180 0 178 235 49
113 2 0 178 180 0 236 235 49
114 2 0 236 180 0 294 235 49
115 2 0 294 180 0 352 235 49
116 2 0 352 180 0 410 235 49
117 2 0 410 180 0 468 235 49
118 2 0 468 180 0 526 235 49
119 2 0 526 180 0 584 235 49
120 2 0 584 180 0 642 235 49
121 2 0 642 180 0 700 235 49
122 2 0 700 180 0 758 235 49
123 2 0 758 180 0 816 235 49
124 3 0 120 101 69 194 178 136
125 4 0 120 101 136 199 178 205
126 4 0 199 101 69 276 180 138
127 4 0 199 101 138 276 180 207
128 4 0 276 101 69 353 180 138
129 4 0 353 101 69 430 180 138
130 4 0 430 101 69 507 180 138
131 4 0 507 101 69 584 180 138
132 4 0 584 101 69 661 180 138
133 4 0 661 101 69 738 180 138
134 6 1 0 235 0 15 238 45
135 6 1 15 235 0 30 238 45
136 6 1 30 235 0 45 238 45
137 6 1 45 235 0 60 238 45
138 6 1 60 235 0 75 238 45
139 6 1 75 235 0 90 238 45
140 6 1 90 235 0 105 238 45
141 6 1 105 235 0 120 238 45
142 6 1 120 235 0 135 238 45
143 6 1 135 235 0 150 238 45
144 6 1 150 235 0 165 238 45
145 6 1 165 235 0 180 238 45
146 7 1 100 20 217 118 72 220
147 7 1 100 20 220 118 72 223
148 7 1 100 20 223 118 72 226
149 7 1 100 20 226 118 72 229
150 7 1 100 20 229 118 72 232
151 7 1 100 20 232 118 72 235
152 7 1 100 20 235 118 72 238
153 7 1 100 20 238 118 72 241
154 7 1 100 20 241 118 72 244
155 7 1 70 72 197 122 90 200
156 7 1 122 72 197 174 90 200
157 7 1 174 72 197 226 90 200
158 7 1 226 72 197 278 90 200
159 7 1 278 72 197 330 90 200
160 7 1 330 72 197 382 90 200
161 7 1 382 72 197 434 90 200
162 7 1 434 72 197 486 90 200
163 7 1 486 72 197 538 90 200
164 7 1 538 72 197 590 90 200
165 7 1 590 72 197 642 90 200
166 7 1 642 72 197 694 90 200
167 7 1 694 72 197 746 90 200
168 7 1 746 72 197 798 90 200
169 7 1 798 72 197 850 90 200
170 7 1 850 72 197 902 90 200
171 7 1 902 72 197 954 90 200
172 7 1 954 72 197 1006 90 200
173 8 1 120 180 49 188 237 113
174 8 1 120 180 113 188 237 177
175 8 1 120 180 177 188 237 241
176 8 1 188 180 49 256 237 113
177 8 1 188 180 113 256 237 177
178 8 1 188 180 177 256 237 241
179 8 1 256 180 49 324 237 113
180 8 1 256 180 113 324 237 177
181 8 1 256 180 177 324 237 241
182 8 1 276 101 138 344 158 202
183 10 1 344 101 138 430 176 223
184 8 1 324 180 49 388 237 117
185 8 1 388 180 49 452 237 117
186 8 1 452 180 49 516 237 117
187 8 1 516 180 49 580 237 117
188 8 1 580 180 49 644 237 117
189 8 1 644 180 49 708 237 117
190 8 1 708 180 49 772 237 117
191 8 1 772 180 49 836 237 117
192 8 1 324 180 117 388 237 185
193 8 1 388 180 117 452 237 185
194 8 1 452 180 117 516 237 185
195 8 1 516 180 117 580 237 185
196 8 1 580 180 117 644 237 185
197 8 1 644 180 117 708 237 185
198 8 1 708 180 117 772 237 185
199 8 1 772 180 117 836 237 185
200 10 1 430 101 138 516 176 223
201 10 1 516 101 138 602 176 223
202 10 1 602 101 138 688 176 223
203 10 1 688 101 138 774 176 223
204 8 1 774 101 69 838 158 137
205 9 1 774 101 137 841 178 211
206 10 1 841 101 69 927 186 144
207 10 1 841 101 144 927 186 219
208 10 1 927 101 69 1013 176 154
209 9 1 927 101 154 994 178 228
210 12 2 1013 101 69 1108 193 151
211 12 2 1108 101 69 1203 193 151
212 12 2 1203 101 69 1298 193 151
213 12 2 1013 101 151 1108 193 233
214 12 2 1108 101 151 1203 193 233
215 12 2 1203 101 151 1298 193 233
216 11 2 1044 0 0 1119 86 85
217 11 2 1044 0 85 1130 75 170
218 11 2 1130 0 0 1216 75 85
219 11 2 1216 0 0 1302 75 85
