Utilizacion 62.716105 VolCajasEmpacado 63.614097 Duracion[s] 21.977000 Iteraciones 114
0 9 0 0 0 0 61 60 54
1 9 0 0 60 0 61 120 54
2 9 0 0 120 0 61 180 54
3 9 0 0 180 0 61 240 54
4 0 0 0 0 54 86 75 139
5 0 0 0 75 54 86 150 139
6 0 0 0 150 54 86 225 139
7 8 0 0 225 54 31 239 55
8 8 0 0 225 55 31 239 56
9 8 0 0 225 56 31 239 57
10 8 0 0 225 57 31 239 58
11 8 0 0 225 58 31 239 59
12 13 0 0 0 139 16 40 141
13 13 0 0 40 139 16 80 141
14 13 0 0 80 139 16 120 141
15 13 0 0 120 139 16 160 141
16 13 0 0 160 139 16 200 141
17 13 0 0 200 139 16 240 141
18 8 0 0 0 141 31 14 142
19 8 0 0 14 141 31 28 142
20 8 0 0 28 141 31 42 142
21 8 0 0 42 141 31 56 142
22 8 0 0 56 141 31 70 142
23 8 0 0 70 141 31 84 142
24 8 0 0 84 141 31 98 142
25 8 0 0 98 141 31 112 142
26 8 0 0 112 141 31 126 142
27 8 0 0 126 141 31 140 142
28 8 0 0 140 141 31 154 142
29 8 0 0 154 141 31 168 142
30 8 0 0 168 141 31 182 142
31 8 0 0 182 141 31 196 142
32 8 0 0 196 141 31 210 142
33 9 0 0 0 142 61 60 196
34 9 0 0 60 142 61 120 196
35 9 0 0 120 142 61 180 196
36 9 0 0 180 142 61 240 196
37 12 0 61 0 139 83 50 141
38 12 0 61 50 139 83 100 141
39 12 0 61 100 139 83 150 141
40 12 0 61 150 139 83 200 141
41 11 0 61 0 141 98 34 171
42 11 0 61 0 171 98 34 201
43 11 0 61 0 201 98 34 231
44 13 0 61 200 139 77 240 141
45 13 0 61 200 141 77 240 143
46 13 0 61 34 141 77 74 143
47 13 0 61 74 141 77 114 143
48 13 0 61 114 141 77 154 143
49 13 0 61 154 141 77 194 143
50 13 0 77 200 139 93 240 141
51 13 0 77 200 141 93 240 143
52 12 0 86 34 0 136 56 2
53 12 0 136 34 0 186 56 2
54 12 0 86 56 0 136 78 2
55 12 0 136 56 0 186 78 2
56 12 0 86 78 0 136 100 2
57 12 0 136 78 0 186 100 2
58 12 0 86 100 0 136 122 2
59 12 0 136 100 0 186 122 2
60 12 0 86 122 0 136 144 2
61 12 0 136 122 0 186 144 2
62 12 0 86 144 0 136 166 2
63 12 0 136 144 0 186 166 2
64 12 0 86 166 0 136 188 2
65 12 0 136 166 0 186 188 2
66 11 0 86 34 2 120 71 32
67 11 0 86 71 2 120 108 32
68 11 0 86 108 2 120 145 32
69 11 0 86 145 2 120 182 32
70 13 0 86 34 32 102 74 34
71 13 0 86 74 32 102 114 34
72 13 0 86 114 32 102 154 34
73 13 0 86 154 32 102 194 34
74 13 0 93 34 34 109 74 36
75 13 0 93 74 34 109 114 36
76 13 0 93 114 34 109 154 36
77 13 0 93 154 34 109 194 36
78 13 0 93 34 36 109 74 38
79 13 0 93 74 36 109 114 38
80 13 0 93 114 36 109 154 38
81 13 0 93 154 36 109 194 38
82 13 0 86 34 38 102 74 40
83 13 0 86 74 38 102 114 40
84 13 0 86 114 38 102 154 40
85 13 0 86 154 38 102 194 40
86 13 0 86 34 40 102 74 42
87 13 0 86 74 40 102 114 42
88 13 0 86 114 40 102 154 42
89 13 0 86 154 40 102 194 42
90 13 0 93 34 42 109 74 44
91 13 0 93 74 42 109 114 44
92 13 0 93 114 42 109 154 44
93 13 0 93 154 42 109 194 44
94 13 0 86 34 44 102 74 46
95 13 0 86 74 44 102 114 46
96 13 0 86 114 44 102 154 46
97 13 0 86 154 44 102 194 46
98 11 0 93 194 0 127 231 30
99 11 0 93 194 30 127 231 60
100 11 0 93 194 60 127 231 90
101 7 0 120 0 2 215 82 94
102 7 0 120 0 94 215 82 186
103 12 0 98 0 186 148 22 188
104 12 0 148 0 186 198 22 188
105 12 0 98 0 188 148 22 190
106 12 0 148 0 188 198 22 190
107 10 0 98 0 190 141 41 226
108 10 0 120 82 2 161 125 38
109 10 0 161 82 2 202 125 38
110 10 0 120 125 2 161 168 38
111 10 0 161 125 2 202 168 38
112 10 0 120 82 38 161 125 74
113 10 0 161 82 38 202 125 74
114 10 0 120 125 38 161 168 74
115 10 0 161 125 38 202 168 74
116 7 0 86 82 74 181 174 156
117 7 0 86 82 156 181 174 238
118 10 0 141 22 186 184 63 222
119 2 0 202 82 0 370 237 195
120 7 0 215 0 0 310 82 92
121 7 0 310 0 0 405 82 92
122 0 0 215 0 92 301 75 177
123 5 0 370 82 0 471 198 197
124 4 0 471 0 0 589 108 100
125 4 0 471 108 0 589 216 100
126 4 0 589 0 0 707 108 100
127 4 0 589 108 0 707 216 100
128 1 0 707 0 0 878 180 163
129 1 0 878 0 0 1049 180 163
130 6 0 471 0 100 671 178 196
131 3 0 1049 0 0 1169 126 176
132 15 1 671 126 163 756 212 238
133 15 1 756 126 163 841 212 238
134 15 1 841 126 163 926 212 238
135 15 1 926 126 163 1011 212 238
136 16 1 471 180 100 508 220 133
137 16 1 471 180 133 508 220 166
138 16 1 471 180 166 508 220 199
139 16 1 471 180 199 508 220 232
140 16 1 508 180 100 545 220 133
141 16 1 508 180 133 545 220 166
142 16 1 508 180 166 545 220 199
143 16 1 508 180 199 545 220 232
144 16 1 545 180 100 582 220 133
145 16 1 545 180 133 582 220 166
146 14 1 1011 126 163 1085 203 230
147 14 1 1085 0 176 1162 74 243
148 14 1 1085 74 176 1162 148 243
149 15 1 1085 148 0 1170 234 75
150 15 1 1170 148 0 1255 234 75
151 15 1 1085 148 75 1170 234 150
152 15 1 1170 148 75 1255 234 150
153 15 1 1085 148 150 1170 234 225
154 15 1 1170 148 150 1255 234 225
155 18 1 1169 0 0 1318 148 154
156 15 1 1169 0 154 1254 86 229
157 14 1 1254 0 154 1331 74 221
158 15 1 1255 74 154 1340 160 229
