Utilizacion 71.768083 VolCajasEmpacado 32.550473 Duracion[s] 17.369000 Iteraciones 16
0 17 0 0 0 0 155 168 195
1 27 0 0 0 195 41 36 238
2 21 0 0 168 0 22 170 50
3 21 0 0 170 0 22 172 50
4 21 0 0 172 0 22 174 50
5 21 0 0 174 0 22 176 50
6 21 0 0 176 0 22 178 50
7 21 0 0 178 0 22 180 50
8 21 0 0 180 0 22 182 50
9 21 0 0 182 0 22 184 50
10 21 0 0 184 0 22 186 50
11 21 0 0 186 0 22 188 50
12 21 0 0 188 0 22 190 50
13 21 0 0 190 0 22 192 50
14 21 0 0 192 0 22 194 50
15 21 0 0 194 0 22 196 50
16 21 0 0 196 0 22 198 50
17 21 0 0 198 0 22 200 50
18 21 0 0 200 0 22 202 50
19 21 0 0 202 0 22 204 50
20 21 0 0 204 0 22 206 50
21 21 0 0 206 0 22 208 50
22 20 0 0 0 238 16 40 240
23 20 0 0 0 240 16 40 242
24 20 0 0 0 242 16 40 244
25 18 0 0 0 244 13 25 245
26 18 0 0 25 244 13 50 245
27 20 0 16 0 238 32 40 240
28 20 0 16 0 240 32 40 242
29 20 0 16 0 242 32 40 244
30 20 0 0 50 195 16 90 197
31 20 0 0 90 195 16 130 197
32 20 0 0 130 195 16 170 197
33 20 0 32 0 238 48 40 240
34 18 0 0 50 197 25 63 198
35 18 0 0 63 197 25 76 198
36 18 0 0 76 197 25 89 198
37 18 0 0 89 197 25 102 198
38 18 0 0 102 197 25 115 198
39 18 0 0 115 197 25 128 198
40 18 0 0 128 197 25 141 198
41 18 0 0 141 197 25 154 198
42 18 0 0 154 197 25 167 198
43 20 0 0 208 0 40 224 2
44 20 0 0 224 0 40 240 2
45 20 0 0 50 198 40 66 200
46 20 0 0 66 198 40 82 200
47 20 0 0 82 198 40 98 200
48 20 0 0 98 198 40 114 200
49 20 0 0 114 198 40 130 200
50 20 0 0 130 198 40 146 200
51 20 0 0 146 198 40 162 200
52 27 0 0 50 200 41 86 243
53 27 0 0 86 200 41 122 243
54 27 0 0 122 200 41 158 243
55 18 0 13 40 243 26 65 244
56 18 0 13 40 244 26 65 245
57 18 0 13 0 244 38 13 245
58 18 0 13 13 244 38 26 245
59 18 0 13 26 244 38 39 245
60 20 0 0 208 2 40 224 4
61 20 0 0 224 2 40 240 4
62 20 0 0 208 4 40 224 6
63 20 0 0 224 4 40 240 6
64 20 0 0 208 6 40 224 8
65 20 0 0 224 6 40 240 8
66 20 0 0 208 8 40 224 10
67 20 0 0 224 8 40 240 10
68 20 0 0 208 10 40 224 12
69 20 0 0 224 10 40 240 12
70 20 0 0 208 12 40 224 14
71 2 0 0 65 243 63 128 244
72 18 0 0 224 12 25 237 13
73 18 0 0 224 13 25 237 14
74 18 0 0 65 244 25 78 245
75 18 0 25 65 244 50 78 245
76 18 0 50 65 244 75 78 245
77 18 0 0 78 244 25 91 245
78 18 0 0 91 244 25 104 245
79 18 0 0 104 244 25 117 245
80 18 0 0 117 244 25 130 245
81 8 0 0 208 14 55 228 69
82 8 0 0 208 69 55 228 124
83 8 0 0 208 124 55 228 179
84 8 0 0 208 179 55 228 234
85 27 0 22 168 0 63 204 43
86 27 0 22 168 43 65 204 84
87 18 0 25 78 244 50 91 245
88 18 0 50 78 244 75 91 245
89 5 0 0 170 84 104 183 214
90 5 0 0 183 84 104 196 214
91 12 0 0 158 214 46 208 232
92 18 0 0 158 232 13 183 233
93 18 0 0 183 232 13 208 233
94 18 0 0 158 233 25 171 234
95 28 0 48 0 195 97 44 245
96 9 0 63 91 195 117 156 205
97 9 0 63 91 205 117 156 215
98 9 0 63 91 215 117 156 225
99 9 0 63 91 225 117 156 235
100 9 0 63 91 235 117 156 245
101 16 0 40 228 0 42 230 39
102 12 0 46 156 214 92 206 232
103 5 0 55 206 0 185 219 104
104 5 0 55 219 0 185 232 104
105 9 0 55 156 232 120 210 242
106 9 0 0 158 234 54 223 244
107 13 0 75 44 195 120 90 236
108 9 0 117 90 195 182 144 205
109 9 0 117 90 205 171 155 215
110 9 0 117 90 215 171 155 225
111 5 0 55 210 104 159 223 234
112 5 0 55 223 104 159 236 234
113 12 0 117 90 225 167 136 243
114 5 0 120 168 0 224 181 130
115 5 0 224 168 0 328 181 130
116 5 0 328 168 0 432 181 130
117 5 0 120 181 0 224 194 130
118 5 0 224 181 0 328 194 130
119 5 0 328 181 0 432 194 130
120 0 0 120 0 195 175 55 244
121 0 0 155 155 130 210 210 179
122 0 0 210 155 130 265 210 179
123 0 0 265 155 130 320 210 179
124 0 0 320 155 130 375 210 179
125 0 0 375 155 130 430 210 179
126 0 0 155 155 179 210 210 228
127 0 0 210 155 179 265 210 228
128 0 0 265 155 179 320 210 228
129 0 0 320 155 179 375 210 228
130 0 0 375 155 179 430 210 228
131 1 0 175 0 0 287 71 70
132 12 0 175 0 70 225 46 88
133 12 0 175 0 88 225 46 106
134 12 0 175 0 106 225 46 124
135 12 0 175 0 124 225 46 142
136 12 0 175 0 142 225 46 160
137 12 0 175 0 160 225 46 178
138 12 0 175 0 178 225 46 196
139 11 0 175 0 196 225 50 217
140 1 0 182 71 0 252 142 112
141 1 0 182 50 112 252 121 224
142 11 0 171 55 224 221 105 245
143 1 0 252 0 70 322 112 141
144 1 0 252 0 141 322 112 212
145 1 0 322 0 0 393 112 70
146 15 0 322 0 70 435 140 213
147 3 0 432 140 0 550 240 108
148 3 0 550 140 0 668 240 108
149 4 0 432 140 108 512 200 179
150 10 0 430 140 179 484 201 239
151 6 0 435 0 0 572 140 112
152 14 0 435 0 112 575 112 155
153 14 0 435 0 155 575 112 198
154 14 0 435 0 198 575 112 241
155 10 0 484 112 179 538 173 239
156 1 0 538 140 108 608 211 220
157 24 0 575 0 0 741 116 160
158 7 0 575 0 160 687 140 231
159 1 0 608 140 108 678 211 220
160 1 0 678 140 0 790 211 70
161 23 0 687 116 70 841 236 225
162 25 0 741 0 0 857 116 162
163 25 0 857 0 0 973 116 162
164 25 0 973 0 0 1089 116 162
165 7 0 687 0 162 827 112 233
166 7 0 827 0 162 967 112 233
167 7 0 967 0 162 1107 112 233
168 26 0 841 116 0 967 229 144
169 26 0 967 116 0 1093 229 144
170 26 0 1093 116 0 1219 229 144
171 26 0 1219 116 0 1345 229 144
172 7 0 841 116 144 981 228 215
173 7 0 981 116 144 1121 228 215
174 7 0 1121 116 144 1261 228 215
175 26 0 1107 0 0 1233 113 144
176 7 0 1107 0 144 1247 112 215
