Utilizacion 71.115712 VolCajasEmpacado 93.657056 Duracion[s] 15.302000 Iteraciones 66
0 5 0 0 0 0 107 98 147
1 3 0 0 0 147 106 101 239
2 12 0 0 0 239 31 10 242
3 12 0 0 10 239 31 20 242
4 12 0 0 20 239 31 30 242
5 12 0 0 30 239 31 40 242
6 12 0 0 40 239 31 50 242
7 12 0 0 50 239 31 60 242
8 12 0 0 60 239 31 70 242
9 12 0 0 70 239 31 80 242
10 12 0 0 80 239 31 90 242
11 12 0 0 90 239 31 100 242
12 12 0 0 0 242 31 10 245
13 12 0 0 10 242 31 20 245
14 12 0 0 20 242 31 30 245
15 12 0 0 30 242 31 40 245
16 12 0 0 40 242 31 50 245
17 12 0 0 50 242 31 60 245
18 12 0 0 60 242 31 70 245
19 12 0 0 70 242 31 80 245
20 12 0 0 80 242 31 90 245
21 12 0 0 90 242 31 100 245
22 4 0 0 101 0 61 161 54
23 4 0 0 161 0 61 221 54
24 4 0 0 101 54 61 161 108
25 4 0 0 161 54 61 221 108
26 4 0 0 101 108 61 161 162
27 4 0 0 161 108 61 221 162
28 4 0 0 101 162 61 161 216
29 4 0 0 161 162 61 221 216
30 11 0 0 101 216 10 121 219
31 11 0 0 121 216 10 141 219
32 11 0 0 141 216 10 161 219
33 11 0 0 161 216 10 181 219
34 11 0 0 181 216 10 201 219
35 11 0 0 101 219 10 121 222
36 11 0 0 121 219 10 141 222
37 11 0 0 141 219 10 161 222
38 11 0 0 161 219 10 181 222
39 11 0 0 181 219 10 201 222
40 11 0 0 101 222 10 121 225
41 11 0 0 121 222 10 141 225
42 11 0 0 141 222 10 161 225
43 11 0 0 161 222 10 181 225
44 11 0 0 181 222 10 201 225
45 11 0 0 101 225 10 121 228
46 11 0 0 121 225 10 141 228
47 11 0 0 141 225 10 161 228
48 11 0 0 161 225 10 181 228
49 11 0 0 181 225 10 201 228
50 11 0 0 101 228 10 121 231
51 11 0 0 121 228 10 141 231
52 11 0 0 141 228 10 161 231
53 11 0 0 161 228 10 181 231
54 11 0 0 181 228 10 201 231
55 11 0 0 101 231 10 121 234
56 11 0 0 121 231 10 141 234
57 11 0 0 141 231 10 161 234
58 11 0 0 161 231 10 181 234
59 11 0 0 181 231 10 201 234
60 1 0 61 101 0 141 221 113
61 0 0 61 101 113 103 141 151
62 0 0 61 141 113 103 181 151
63 0 0 61 181 113 103 221 151
64 2 0 61 101 151 136 187 236
65 6 0 61 187 151 102 230 187
66 6 0 61 187 187 102 230 223
67 0 0 103 187 113 143 229 151
68 2 0 107 0 0 182 86 85
69 2 0 182 0 0 257 86 85
70 2 0 257 0 0 332 86 85
71 2 0 332 0 0 407 86 85
72 2 0 407 0 0 482 86 85
73 2 0 107 0 85 182 86 170
74 2 0 182 0 85 257 86 170
75 2 0 257 0 85 332 86 170
76 2 0 332 0 85 407 86 170
77 2 0 407 0 85 482 86 170
78 2 0 106 0 170 192 85 245
79 3 0 141 86 0 247 178 101
80 8 0 141 86 101 175 123 131
81 8 0 141 123 101 175 160 131
82 8 0 141 86 131 175 123 161
83 8 0 141 123 131 175 160 161
84 8 0 141 86 161 175 123 191
85 8 0 141 123 161 175 160 191
86 8 0 136 85 191 173 119 221
87 8 0 136 119 191 173 153 221
88 8 0 192 0 170 226 37 200
89 8 0 192 0 200 226 37 230
90 4 0 143 178 0 203 239 54
91 4 0 143 178 54 203 239 108
92 0 0 192 37 170 232 79 208
93 0 0 232 0 170 272 42 208
94 0 0 232 42 170 272 84 208
95 0 0 143 160 108 183 202 146
96 0 0 272 0 170 314 40 208
97 0 0 143 160 146 185 200 184
98 10 0 247 86 0 396 240 148
99 7 0 396 86 0 522 199 144
100 7 0 522 0 0 648 113 144
101 7 0 522 113 0 648 226 144
102 9 0 648 0 0 786 136 197
103 7 0 786 0 0 899 126 144
104 13 1 0 187 234 10 212 237
105 13 1 0 187 237 10 212 240
106 13 1 0 187 240 10 212 243
107 13 1 31 85 239 56 95 242
108 13 1 31 95 239 56 105 242
109 13 1 31 85 242 56 95 245
110 13 1 31 95 242 56 105 245
111 13 1 56 85 239 66 110 242
112 13 1 66 85 239 76 110 242
113 13 1 76 85 239 86 110 242
114 13 1 86 85 239 96 110 242
115 13 1 96 85 239 106 110 242
116 13 1 56 85 242 81 95 245
117 13 1 81 85 242 106 95 245
118 13 1 56 95 242 81 105 245
119 13 1 56 105 242 81 115 245
120 13 1 81 95 242 106 105 245
121 13 1 81 105 242 106 115 245
122 18 1 106 85 236 119 125 240
123 18 1 119 85 236 132 125 240
124 18 1 106 125 236 119 165 240
125 18 1 119 125 236 132 165 240
126 18 1 106 165 236 119 205 240
127 18 1 119 165 236 132 205 240
128 18 1 106 85 240 119 125 244
129 18 1 119 85 240 132 125 244
130 18 1 106 125 240 119 165 244
131 18 1 119 125 240 132 165 244
132 18 1 106 165 240 119 205 244
133 18 1 119 165 240 132 205 244
134 18 1 192 0 230 232 13 234
135 18 1 192 13 230 232 26 234
136 18 1 192 26 230 232 39 234
137 18 1 192 0 234 232 13 238
138 18 1 192 13 234 232 26 238
139 18 1 192 26 234 232 39 238
140 18 1 192 0 238 232 13 242
141 18 1 192 13 238 232 26 242
142 18 1 192 26 238 232 39 242
143 19 1 192 0 242 204 35 245
144 13 1 204 0 242 229 10 245
145 13 1 204 10 242 229 20 245
146 13 1 204 20 242 229 30 245
147 13 1 204 30 242 229 40 245
148 18 1 132 200 151 145 240 155
149 18 1 132 200 155 145 240 159
150 18 1 132 200 159 145 240 163
151 18 1 132 200 163 145 240 167
152 18 1 132 200 167 145 240 171
153 18 1 132 200 171 145 240 175
154 18 1 132 200 175 145 240 179
155 18 1 132 200 179 145 240 183
156 18 1 132 200 183 145 240 187
157 18 1 132 200 187 145 240 191
158 18 1 132 200 191 145 240 195
159 18 1 132 200 195 145 240 199
160 13 1 132 85 221 157 95 224
161 13 1 132 85 224 157 95 227
162 13 1 132 85 227 157 95 230
163 13 1 132 85 230 157 95 233
164 13 1 132 85 233 157 95 236
165 13 1 132 85 236 157 95 239
166 13 1 132 85 239 157 95 242
167 13 1 132 85 242 157 95 245
168 18 1 136 95 221 176 108 225
169 18 1 136 95 225 176 108 229
170 18 1 136 95 229 176 108 233
171 18 1 136 95 233 176 108 237
172 18 1 136 95 237 176 108 241
173 18 1 136 95 241 176 108 245
174 19 1 132 187 199 144 222 202
175 19 1 132 187 202 144 222 205
176 19 1 132 187 205 144 222 208
177 19 1 132 187 208 144 222 211
178 19 1 132 187 211 144 222 214
179 19 1 132 187 214 144 222 217
180 19 1 132 187 217 144 222 220
181 19 1 132 187 220 144 222 223
182 19 1 132 187 223 144 222 226
183 13 1 132 187 226 142 212 229
184 13 1 132 187 229 142 212 232
185 13 1 132 187 232 142 212 235
186 13 1 132 187 235 142 212 238
187 13 1 132 187 238 142 212 241
188 13 1 132 187 241 142 212 244
189 18 1 136 108 221 149 148 225
190 13 1 136 108 225 161 118 228
191 13 1 136 108 228 161 118 231
192 13 1 136 108 231 161 118 234
193 13 1 136 108 234 161 118 237
194 17 1 145 160 184 200 215 233
195 14 1 200 136 148 306 237 240
196 17 1 306 136 148 361 191 197
197 17 1 361 136 148 416 191 197
198 17 1 416 136 144 471 191 193
199 17 1 416 136 193 471 191 242
200 14 1 471 136 144 577 237 236
201 17 1 577 136 144 632 191 193
202 17 1 577 136 193 632 191 242
203 15 1 648 136 0 764 237 197
204 15 1 764 136 0 880 237 197
205 17 1 786 0 144 841 55 193
206 17 1 786 0 193 841 55 242
207 17 1 786 55 144 841 110 193
208 16 1 899 0 0 1070 180 163
209 28 2 132 108 237 182 128 241
210 28 2 132 108 241 182 128 245
211 27 2 192 55 208 232 88 245
212 28 2 232 55 208 252 105 212
213 28 2 232 55 212 252 105 216
214 28 2 232 55 216 252 105 220
215 28 2 232 55 220 252 105 224
216 28 2 232 55 224 252 105 228
217 28 2 232 55 228 252 105 232
218 28 2 232 55 232 252 105 236
219 28 2 232 55 236 252 105 240
220 28 2 232 55 240 252 105 244
221 28 2 252 55 208 272 105 212
222 27 2 252 55 212 289 95 245
223 24 2 632 55 197 681 105 241
224 24 2 681 55 197 730 105 241
225 24 2 632 105 197 681 155 241
226 24 2 681 105 197 730 155 241
227 24 2 632 155 197 681 205 241
228 24 2 681 155 197 730 205 241
229 28 2 632 55 241 652 105 245
230 28 2 652 55 241 672 105 245
231 28 2 672 55 241 692 105 245
232 28 2 692 55 241 712 105 245
233 28 2 712 55 241 732 105 245
234 28 2 632 105 241 652 155 245
235 28 2 652 105 241 672 155 245
236 28 2 672 105 241 692 155 245
237 24 2 730 105 197 779 155 241
238 24 2 779 105 197 828 155 241
239 25 2 730 155 197 776 200 238
240 25 2 732 55 197 777 101 238
241 25 2 776 155 197 822 200 238
242 25 2 786 55 193 831 101 234
243 25 2 822 155 197 868 200 238
244 25 2 880 0 163 926 45 204
245 25 2 880 45 163 926 90 204
246 25 2 880 0 204 926 45 245
247 25 2 880 45 204 926 90 245
248 25 2 880 180 0 925 226 41
249 23 2 880 90 163 947 167 237
250 20 2 926 0 163 1003 74 230
251 23 2 947 74 163 1024 148 230
252 21 2 1003 0 163 1071 69 224
253 23 2 1024 69 163 1091 143 240
254 23 2 1024 143 163 1091 217 240
255 21 2 1071 0 0 1139 69 61
256 21 2 1139 0 0 1207 69 61
257 21 2 1207 0 0 1275 69 61
258 21 2 1275 0 0 1343 69 61
259 21 2 1071 0 61 1140 68 122
260 21 2 1071 0 122 1140 68 183
261 21 2 1071 0 183 1140 68 244
262 23 2 1140 0 61 1207 77 135
263 23 2 1140 0 135 1207 77 209
264 22 2 1207 0 61 1330 86 183
265 20 2 1091 77 0 1165 154 67
266 20 2 1091 154 0 1165 231 67
267 20 2 1091 77 67 1165 154 134
268 20 2 1091 154 67 1165 231 134
269 20 2 1091 77 134 1165 154 201
270 20 2 1091 154 134 1165 231 201
271 26 2 1165 86 0 1273 204 100
272 20 2 1165 86 100 1242 160 167
273 20 2 1165 160 100 1242 234 167
274 20 2 1273 86 0 1350 160 67
275 20 2 1273 86 67 1350 160 134
276 20 2 1273 86 134 1350 160 201
