Utilizacion 76.507407 VolCajasEmpacado 50.129615 Duracion[s] 5.107000 Iteraciones 433
0 9 0 0 0 0 168 155 195
1 9 0 168 0 0 336 155 195
2 9 0 336 0 0 504 155 195
3 9 0 504 0 0 672 155 195
4 9 0 672 0 0 840 155 195
5 8 0 0 0 195 49 44 245
6 5 0 0 44 195 37 77 235
7 5 0 37 44 195 74 77 235
8 5 0 74 44 195 111 77 235
9 5 0 111 44 195 148 77 235
10 4 0 0 155 0 92 237 95
11 4 0 92 155 0 184 237 95
12 4 0 184 155 0 276 237 95
13 4 0 276 155 0 368 237 95
14 4 0 368 155 0 460 237 95
15 4 0 460 155 0 552 237 95
16 4 0 552 155 0 644 237 95
17 6 0 0 155 95 74 232 162
18 0 0 0 155 162 77 222 236
19 0 0 77 155 95 144 232 169
20 0 0 77 155 169 144 232 243
21 0 0 144 155 95 211 232 169
22 0 0 144 155 169 211 232 243
23 0 0 211 155 95 278 232 169
24 0 0 211 155 169 278 232 243
25 7 0 278 155 95 339 209 155
26 7 0 278 155 155 339 209 215
27 7 0 339 155 95 400 209 155
28 7 0 339 155 155 400 209 215
29 0 0 400 155 95 467 232 169
30 6 0 400 155 169 474 232 236
31 7 0 474 155 95 535 209 155
32 1 0 840 0 0 940 129 116
33 1 0 940 0 0 1040 129 116
34 1 0 1040 0 0 1140 129 116
35 1 0 1140 0 0 1240 129 116
36 1 0 1240 0 0 1340 129 116
37 2 0 840 129 0 958 229 108
38 1 0 840 0 116 940 116 245
39 1 0 840 129 108 969 229 224
40 1 0 940 0 116 1069 100 232
41 1 0 969 129 0 1098 229 116
42 1 0 1098 129 0 1227 229 116
43 1 0 1069 0 116 1185 100 245
44 1 0 1185 0 116 1285 116 245
45 1 0 969 100 116 1085 200 245
46 1 0 1085 100 116 1185 229 232
47 1 0 1227 129 0 1343 229 129
48 1 0 1185 116 129 1314 216 245
