Utilizacion 68.443497 VolCajasEmpacado 58.063788 Duracion[s] 40.240000 Iteraciones 100
0 0 0 0 0 0 20 65 3
1 0 0 0 65 0 20 130 3
2 0 0 0 130 0 20 195 3
3 1 0 0 0 3 20 50 23
4 1 0 0 50 3 20 100 23
5 1 0 0 100 3 20 150 23
6 1 0 0 150 3 20 200 23
7 0 0 0 200 0 65 220 3
8 0 0 65 200 0 130 220 3
9 0 0 130 200 0 195 220 3
10 0 0 195 200 0 260 220 3
11 0 0 260 200 0 325 220 3
12 0 0 325 200 0 390 220 3
13 0 0 390 200 0 455 220 3
14 0 0 455 200 0 520 220 3
15 0 0 520 200 0 585 220 3
16 0 0 585 200 0 650 220 3
17 0 0 650 200 0 715 220 3
18 0 0 715 200 0 780 220 3
19 0 0 780 200 0 845 220 3
20 0 0 845 200 0 910 220 3
21 0 0 910 200 0 975 220 3
22 0 0 975 200 0 1040 220 3
23 0 0 1040 200 0 1105 220 3
24 1 0 0 200 3 50 220 23
25 1 0 0 220 0 50 240 20
26 2 0 20 0 0 78 55 49
27 2 0 20 55 0 78 110 49
28 2 0 20 110 0 78 165 49
29 3 0 0 0 49 74 77 116
30 3 0 0 0 116 74 77 183
31 2 0 0 77 49 58 132 98
32 2 0 0 132 49 58 187 98
33 2 0 0 77 98 58 132 147
34 2 0 0 132 98 58 187 147
35 2 0 0 77 147 58 132 196
36 2 0 0 132 147 58 187 196
37 2 0 0 77 196 58 132 245
38 2 0 0 132 196 58 187 245
39 2 0 0 0 183 58 55 232
40 1 0 0 55 183 50 75 203
41 1 0 50 187 3 70 237 23
42 1 0 70 187 3 90 237 23
43 1 0 90 187 3 110 237 23
44 1 0 110 187 3 130 237 23
45 1 0 130 187 3 150 237 23
46 1 0 150 187 3 170 237 23
47 1 0 170 187 3 190 237 23
48 1 0 190 187 3 210 237 23
49 1 0 210 187 3 230 237 23
50 1 0 230 187 3 250 237 23
51 1 0 250 187 3 270 237 23
52 1 0 270 187 3 290 237 23
53 1 0 290 187 3 310 237 23
54 1 0 310 187 3 330 237 23
55 1 0 330 187 3 350 237 23
56 1 0 350 187 3 370 237 23
57 1 0 370 187 3 390 237 23
58 1 0 390 187 3 410 237 23
59 1 0 410 187 3 430 237 23
60 1 0 430 187 3 450 237 23
61 1 0 450 187 3 470 237 23
62 1 0 470 187 3 490 237 23
63 1 0 490 187 3 510 237 23
64 1 0 510 187 3 530 237 23
65 1 0 530 187 3 550 237 23
66 1 0 550 187 3 570 237 23
67 1 0 570 187 3 590 237 23
68 1 0 590 187 3 610 237 23
69 1 0 610 187 3 630 237 23
70 1 0 630 187 3 650 237 23
71 1 0 650 187 3 670 237 23
72 1 0 670 187 3 690 237 23
73 1 0 690 187 3 710 237 23
74 1 0 710 187 3 730 237 23
75 1 0 730 187 3 750 237 23
76 1 0 750 187 3 770 237 23
77 1 0 770 187 3 790 237 23
78 1 0 790 187 3 810 237 23
79 1 0 810 187 3 830 237 23
80 1 0 830 187 3 850 237 23
81 1 0 850 187 3 870 237 23
82 1 0 870 187 3 890 237 23
83 1 0 890 187 3 910 237 23
84 1 0 910 187 3 930 237 23
85 1 0 930 187 3 950 237 23
86 1 0 950 187 3 970 237 23
87 1 0 970 187 3 990 237 23
88 1 0 990 187 3 1010 237 23
89 1 0 1010 187 3 1030 237 23
90 1 0 1030 187 3 1050 237 23
91 1 0 1050 187 3 1070 237 23
92 1 0 1070 187 3 1090 237 23
93 1 0 1090 187 3 1110 237 23
94 1 0 58 165 0 108 185 20
95 1 0 58 0 183 78 50 203
96 1 0 58 50 183 78 100 203
97 1 0 58 165 23 78 215 43
98 1 0 78 165 23 98 215 43
99 5 0 78 0 0 275 101 116
100 5 0 78 0 116 275 101 232
101 4 0 108 101 0 187 178 69
102 5 0 58 101 69 255 217 170
103 4 0 255 101 0 332 180 69
104 4 0 255 101 69 332 180 138
105 4 0 255 101 138 332 180 207
106 5 0 275 0 0 472 101 116
107 5 0 472 0 0 669 101 116
108 5 0 669 0 0 866 101 116
109 5 0 275 0 116 472 101 232
110 5 0 472 0 116 669 101 232
111 5 0 669 0 116 866 101 232
112 4 0 332 101 0 409 180 69
113 4 0 409 101 0 486 180 69
114 4 0 486 101 0 563 180 69
115 4 0 563 101 0 640 180 69
116 4 0 640 101 0 717 180 69
117 4 0 717 101 0 794 180 69
118 4 0 794 101 0 871 180 69
119 4 0 871 101 0 948 180 69
120 4 0 948 101 0 1025 180 69
121 4 0 1025 101 0 1102 180 69
122 4 0 1102 101 0 1179 180 69
123 4 0 1179 101 0 1256 180 69
124 4 0 1256 101 0 1333 180 69
125 4 0 332 101 69 409 180 138
126 4 0 409 101 69 486 180 138
127 4 0 486 101 69 563 180 138
128 4 0 563 101 69 640 180 138
129 4 0 332 101 138 409 180 207
130 4 0 409 101 138 486 180 207
131 4 0 486 101 138 563 180 207
132 4 0 563 101 138 640 180 207
133 4 0 640 101 69 717 180 138
134 6 1 0 0 232 15 45 235
135 6 1 0 0 235 15 45 238
136 7 1 0 0 238 18 52 241
137 7 1 0 0 241 18 52 244
138 7 1 18 0 232 36 52 235
139 7 1 36 0 232 54 52 235
140 7 1 18 0 235 36 52 238
141 7 1 36 0 235 54 52 238
142 7 1 18 0 238 36 52 241
143 7 1 36 0 238 54 52 241
144 7 1 18 0 241 36 52 244
145 7 1 36 0 241 54 52 244
146 6 1 50 237 0 65 240 45
147 8 1 58 180 170 122 237 238
148 7 1 58 0 232 110 18 235
149 7 1 58 18 232 110 36 235
150 7 1 58 36 232 110 54 235
151 7 1 58 54 232 110 72 235
152 7 1 58 0 235 110 18 238
153 7 1 58 18 235 110 36 238
154 7 1 58 36 235 110 54 238
155 7 1 58 54 235 110 72 238
156 7 1 58 0 238 110 18 241
157 7 1 58 18 238 110 36 241
158 7 1 58 36 238 110 54 241
159 7 1 58 54 238 110 72 241
160 7 1 58 0 241 110 18 244
161 7 1 58 18 241 110 36 244
162 7 1 58 36 241 110 54 244
163 7 1 58 54 241 110 72 244
164 6 1 58 72 232 103 87 235
165 6 1 58 87 232 103 102 235
166 6 1 58 72 235 103 87 238
167 6 1 58 87 235 103 102 238
168 6 1 65 237 0 110 240 15
169 6 1 103 72 232 118 117 235
170 6 1 103 72 235 118 117 238
171 8 1 122 180 170 190 237 234
172 8 1 190 180 170 258 237 234
173 6 1 110 237 0 125 240 45
174 6 1 258 101 207 303 104 222
175 7 1 258 104 207 310 122 210
176 8 1 640 101 138 708 165 195
177 8 1 258 180 23 326 237 87
178 8 1 326 180 23 390 237 91
179 8 1 390 180 23 454 237 91
180 8 1 454 180 23 518 237 91
181 8 1 518 180 23 586 237 87
182 10 1 717 101 69 802 176 155
183 8 1 586 180 23 650 237 91
184 8 1 650 180 23 714 237 91
185 10 1 708 101 155 793 187 230
186 8 1 793 180 23 861 237 87
187 8 1 861 180 23 929 237 87
188 8 1 793 176 87 857 233 155
189 8 1 802 101 69 859 169 133
190 8 1 859 101 69 916 169 133
191 8 1 916 101 69 973 169 133
192 8 1 973 101 69 1030 169 133
193 8 1 1030 101 69 1087 169 133
194 8 1 1087 101 69 1144 169 133
195 8 1 1144 101 69 1201 169 133
196 8 1 1201 101 69 1258 169 133
197 8 1 1258 101 69 1315 169 133
198 10 1 857 101 133 932 186 219
199 8 1 932 180 23 996 237 91
200 10 1 866 0 0 941 86 85
201 10 1 866 0 85 941 86 170
202 10 1 866 0 170 952 85 245
203 9 1 932 169 91 1009 236 165
204 10 1 952 0 0 1038 85 75
205 10 1 952 0 75 1038 85 150
206 8 1 952 0 150 1020 64 207
207 9 1 1038 0 0 1105 77 74
208 8 1 1038 0 74 1102 68 131
209 8 1 1038 0 131 1106 64 188
210 12 2 941 85 133 1036 167 225
211 13 2 1036 85 133 1154 193 233
212 12 2 1106 0 0 1198 82 95
213 12 2 1106 0 95 1198 82 190
214 13 2 1154 82 133 1272 190 233
215 12 2 1198 0 0 1290 82 95
216 12 2 1198 0 95 1290 82 190
217 11 2 1272 82 133 1347 168 218
