Utilizacion 67.373822 VolCajasEmpacado 68.338506 Duracion[s] 55.662000 Iteraciones 655
0 1 0 0 0 0 171 180 163
1 8 0 0 180 0 14 181 31
2 8 0 0 180 31 14 181 62
3 8 0 0 180 62 14 181 93
4 8 0 0 180 93 14 181 124
5 7 0 0 0 163 92 95 245
6 7 0 92 0 163 184 95 245
7 7 0 0 95 163 92 190 245
8 7 0 92 95 163 184 190 245
9 12 0 0 190 0 50 212 2
10 12 0 50 190 0 100 212 2
11 12 0 100 190 0 150 212 2
12 12 0 150 190 0 200 212 2
13 12 0 200 190 0 250 212 2
14 12 0 250 190 0 300 212 2
15 12 0 300 190 0 350 212 2
16 12 0 0 190 2 50 212 4
17 12 0 50 190 2 100 212 4
18 12 0 100 190 2 150 212 4
19 12 0 150 190 2 200 212 4
20 12 0 200 190 2 250 212 4
21 12 0 250 190 2 300 212 4
22 12 0 300 190 2 350 212 4
23 12 0 0 190 4 50 212 6
24 12 0 50 190 4 100 212 6
25 12 0 100 190 4 150 212 6
26 12 0 150 190 4 200 212 6
27 12 0 200 190 4 250 212 6
28 12 0 250 190 4 300 212 6
29 12 0 300 190 4 350 212 6
30 8 0 0 212 0 14 213 31
31 8 0 0 212 31 14 213 62
32 8 0 0 212 62 14 213 93
33 8 0 0 212 93 14 213 124
34 8 0 0 213 0 31 227 1
35 8 0 0 213 1 31 227 2
36 8 0 0 213 2 31 227 3
37 8 0 0 213 3 31 227 4
38 8 0 0 213 4 31 227 5
39 12 0 0 190 6 50 212 8
40 13 0 0 190 8 40 206 10
41 13 0 0 190 10 40 206 12
42 8 0 0 190 12 31 204 13
43 13 0 0 190 13 40 206 15
44 13 0 0 190 15 40 206 17
45 8 0 0 227 0 31 228 14
46 8 0 0 228 0 31 229 14
47 8 0 0 229 0 31 230 14
48 8 0 0 230 0 31 231 14
49 8 0 0 231 0 31 232 14
50 8 0 0 232 0 31 233 14
51 13 0 14 190 17 54 206 19
52 13 0 0 190 19 40 206 21
53 13 0 0 190 21 40 206 23
54 13 0 14 190 23 54 206 25
55 13 0 14 190 25 54 206 27
56 13 0 0 190 27 40 206 29
57 13 0 0 190 29 40 206 31
58 13 0 14 190 31 54 206 33
59 13 0 14 190 33 54 206 35
60 13 0 0 190 35 40 206 37
61 13 0 0 190 37 40 206 39
62 13 0 14 190 39 54 206 41
63 13 0 14 190 41 54 206 43
64 13 0 0 190 43 40 206 45
65 13 0 0 190 45 40 206 47
66 13 0 14 190 47 54 206 49
67 13 0 14 190 49 54 206 51
68 13 0 0 190 51 40 206 53
69 13 0 0 190 53 40 206 55
70 13 0 14 190 55 54 206 57
71 13 0 14 190 57 54 206 59
72 13 0 0 190 59 40 206 61
73 13 0 0 190 61 40 206 63
74 13 0 14 190 63 54 206 65
75 13 0 14 190 65 54 206 67
76 13 0 0 190 67 40 206 69
77 13 0 0 190 69 40 206 71
78 13 0 14 190 71 54 206 73
79 13 0 14 190 73 54 206 75
80 13 0 0 190 75 40 206 77
81 13 0 0 190 77 40 206 79
82 13 0 14 190 79 54 206 81
83 13 0 0 190 81 40 206 83
84 13 0 0 190 83 40 206 85
85 13 0 14 190 85 54 206 87
86 13 0 0 190 87 40 206 89
87 13 0 0 190 89 40 206 91
88 13 0 14 190 91 54 206 93
89 10 0 54 190 6 97 231 42
90 10 0 54 190 42 95 233 78
91 10 0 54 190 78 95 233 114
92 10 0 54 190 114 95 233 150
93 10 0 54 190 150 95 233 186
94 10 0 54 190 186 95 233 222
95 11 0 97 190 6 131 227 36
96 10 0 97 190 36 138 233 72
97 10 0 95 190 72 136 233 108
98 10 0 95 190 108 136 233 144
99 10 0 95 190 144 136 233 180
100 11 0 95 190 180 132 224 210
101 11 0 95 190 210 132 224 240
102 11 0 138 190 6 172 227 36
103 11 0 138 190 36 175 224 66
104 11 0 138 190 66 172 227 96
105 11 0 136 190 96 170 227 126
106 11 0 136 190 126 170 227 156
107 11 0 136 190 156 173 224 186
108 11 0 136 190 186 173 224 216
109 7 0 184 0 0 276 95 82
110 7 0 184 95 0 276 190 82
111 4 0 184 0 82 302 108 182
112 4 0 184 108 82 302 216 182
113 1 0 302 0 0 473 180 163
114 9 0 302 0 163 362 61 217
115 9 0 362 0 163 422 61 217
116 9 0 422 0 163 482 61 217
117 9 0 302 61 163 362 122 217
118 9 0 362 61 163 422 122 217
119 9 0 422 61 163 482 122 217
120 9 0 302 180 6 363 240 60
121 9 0 302 180 60 363 240 114
122 0 0 302 122 163 388 207 238
123 0 0 388 122 163 474 207 238
124 0 0 474 122 0 549 207 86
125 4 0 474 122 86 582 240 186
126 0 0 482 0 0 557 86 85
127 4 0 482 0 85 600 108 185
128 5 0 582 108 0 698 209 197
129 6 0 600 0 0 800 96 178
130 3 0 698 96 0 818 222 176
131 2 0 818 0 0 973 168 195
132 16 1 698 168 176 735 208 209
133 16 1 735 168 176 772 208 209
134 16 1 772 168 176 809 208 209
135 16 1 698 168 209 735 208 242
136 16 1 735 168 209 772 208 242
137 16 1 772 168 209 809 208 242
138 16 1 809 0 195 849 37 228
139 16 1 849 0 195 889 37 228
140 16 1 889 0 195 929 37 228
141 16 1 929 0 195 969 37 228
142 15 1 973 0 0 1058 86 75
143 15 1 973 86 0 1058 172 75
144 15 1 973 0 75 1058 86 150
145 15 1 973 86 75 1058 172 150
146 15 1 973 0 150 1058 86 225
147 15 1 973 86 150 1058 172 225
148 15 1 1058 0 0 1143 86 75
149 15 1 1143 0 0 1228 86 75
150 15 1 1228 0 0 1313 86 75
151 15 1 1058 0 75 1143 86 150
152 15 1 1143 0 75 1228 86 150
153 15 1 1228 0 75 1313 86 150
154 18 1 1058 86 0 1212 235 148
155 14 1 1058 0 150 1132 77 217
156 14 1 1058 86 148 1135 160 215
157 14 1 1058 160 148 1135 234 215
158 14 1 1132 0 150 1209 74 217
159 17 1 1212 86 0 1348 224 197
