Utilizacion 70.879809 VolCajasEmpacado 91.812966 Duracion[s] 36.948000 Iteraciones 67
0 5 0 0 0 0 37 30 34
1 5 0 0 30 0 37 60 34
2 5 0 0 60 0 37 90 34
3 5 0 0 90 0 37 120 34
4 5 0 0 120 0 37 150 34
5 5 0 0 150 0 37 180 34
6 5 0 0 180 0 37 210 34
7 5 0 0 210 0 37 240 34
8 7 0 0 0 34 61 54 94
9 7 0 0 54 34 61 108 94
10 7 0 0 108 34 61 162 94
11 7 0 0 162 34 61 216 94
12 7 0 0 0 94 61 54 154
13 7 0 0 54 94 61 108 154
14 7 0 0 108 94 61 162 154
15 7 0 0 162 94 61 216 154
16 8 0 0 0 154 46 41 199
17 8 0 0 0 199 46 41 244
18 2 0 0 0 244 31 14 245
19 4 0 0 216 34 50 238 36
20 4 0 0 216 36 50 238 38
21 4 0 0 216 38 50 238 40
22 4 0 0 216 40 50 238 42
23 4 0 0 216 42 50 238 44
24 4 0 0 216 44 50 238 46
25 4 0 0 216 46 50 238 48
26 4 0 0 216 48 50 238 50
27 4 0 0 216 50 50 238 52
28 4 0 0 216 52 50 238 54
29 4 0 0 216 54 50 238 56
30 4 0 0 216 56 50 238 58
31 4 0 0 216 58 50 238 60
32 4 0 0 216 60 50 238 62
33 4 0 0 216 62 50 238 64
34 4 0 0 216 64 50 238 66
35 4 0 0 216 66 50 238 68
36 4 0 0 216 68 50 238 70
37 4 0 0 216 70 50 238 72
38 4 0 0 216 72 50 238 74
39 2 0 0 14 244 14 45 245
40 8 0 0 45 154 41 91 199
41 8 0 0 45 199 41 91 244
42 2 0 0 216 74 31 230 75
43 2 0 0 216 75 31 230 76
44 2 0 0 216 76 31 230 77
45 2 0 0 216 77 31 230 78
46 2 0 0 216 78 31 230 79
47 2 0 0 216 79 31 230 80
48 2 0 0 216 80 31 230 81
49 2 0 0 216 81 31 230 82
50 2 0 0 216 82 31 230 83
51 2 0 0 216 83 31 230 84
52 2 0 0 216 84 31 230 85
53 2 0 0 216 85 31 230 86
54 2 0 0 216 86 31 230 87
55 2 0 0 216 87 31 230 88
56 2 0 0 216 88 31 230 89
57 2 0 0 216 89 31 230 90
58 2 0 0 216 90 31 230 91
59 2 0 0 216 91 31 230 92
60 8 0 0 91 154 45 137 195
61 8 0 0 91 195 45 137 236
62 8 0 0 137 154 46 178 199
63 8 0 0 137 199 46 178 244
64 8 0 0 178 154 41 224 199
65 8 0 0 178 199 41 224 244
66 5 0 41 41 154 78 75 184
67 6 0 41 41 184 81 83 222
68 5 0 41 178 154 71 212 191
69 7 0 41 178 191 101 239 245
70 6 0 61 0 0 103 40 38
71 6 0 61 0 38 103 40 76
72 6 0 61 0 76 103 40 114
73 6 0 61 0 114 103 40 152
74 6 0 61 0 152 103 40 190
75 6 0 61 0 190 103 40 228
76 6 0 61 83 0 101 125 38
77 6 0 61 125 0 101 167 38
78 6 0 61 83 38 101 125 76
79 9 0 61 83 76 116 138 125
80 9 0 61 83 125 116 138 174
81 9 0 61 83 174 116 138 223
82 3 0 101 138 0 217 239 197
83 3 0 217 138 0 333 239 197
84 7 0 103 0 0 157 61 60
85 9 0 103 0 60 158 55 109
86 9 0 103 0 109 158 55 158
87 9 0 103 0 158 158 55 207
88 9 0 116 61 0 171 116 49
89 9 0 116 61 49 171 116 98
90 9 0 116 61 98 171 116 147
91 9 0 116 61 147 171 116 196
92 1 0 171 0 0 251 120 113
93 0 0 171 0 113 294 86 235
94 10 1 0 91 236 12 111 237
95 10 1 0 111 236 12 131 237
96 10 1 0 91 237 12 111 238
97 10 1 0 111 237 12 131 238
98 10 1 0 91 238 12 111 239
99 10 1 0 111 238 12 131 239
100 10 1 0 91 239 12 111 240
101 10 1 0 111 239 12 131 240
102 10 1 0 91 240 12 111 241
103 10 1 0 111 240 12 131 241
104 10 1 0 91 241 12 111 242
105 10 1 0 111 241 12 131 242
106 10 1 0 91 242 12 111 243
107 10 1 0 111 242 12 131 243
108 10 1 0 91 243 12 111 244
109 10 1 0 111 243 12 131 244
110 10 1 0 91 244 12 111 245
111 10 1 0 111 244 12 131 245
112 10 1 0 45 244 20 57 245
113 10 1 0 57 244 20 69 245
114 10 1 0 69 244 20 81 245
115 10 1 0 131 244 12 151 245
116 10 1 12 131 244 24 151 245
117 10 1 24 131 244 36 151 245
118 10 1 36 131 244 48 151 245
119 10 1 0 151 244 20 163 245
120 10 1 20 151 244 40 163 245
121 10 1 0 163 244 20 175 245
122 10 1 20 163 244 40 175 245
123 14 1 12 91 236 45 103 238
124 14 1 12 91 238 45 103 240
125 14 1 12 91 240 45 103 242
126 14 1 12 91 242 45 103 244
127 10 1 12 81 244 24 101 245
128 14 1 12 103 236 45 115 238
129 14 1 12 115 236 45 127 238
130 14 1 12 103 238 45 115 240
131 14 1 12 115 238 45 127 240
132 14 1 12 103 240 45 115 242
133 14 1 12 115 240 45 127 242
134 12 1 101 138 197 150 188 241
135 12 1 150 138 197 199 188 241
136 12 1 199 138 197 248 188 241
137 12 1 248 138 197 297 188 241
138 12 1 101 188 197 150 238 241
139 12 1 150 188 197 199 238 241
140 12 1 199 188 197 248 238 241
141 12 1 248 188 197 297 238 241
142 13 1 116 86 196 156 123 229
143 13 1 171 86 113 211 123 146
144 11 1 294 0 0 407 126 144
145 11 1 407 0 0 520 126 144
146 11 1 520 0 0 633 126 144
147 11 1 633 0 0 746 126 144
148 29 2 14 14 244 27 39 245
149 29 2 27 14 244 40 39 245
150 29 2 12 103 242 37 116 243
151 29 2 12 116 242 37 129 243
152 29 2 12 103 243 37 116 244
153 29 2 12 116 243 37 129 244
154 29 2 12 103 244 37 116 245
155 29 2 12 116 244 37 129 245
156 29 2 20 39 244 33 64 245
157 29 2 33 39 244 46 64 245
158 29 2 20 64 244 45 77 245
159 29 2 24 77 244 49 90 245
160 29 2 24 90 244 49 103 245
161 29 2 31 0 244 56 13 245
162 29 2 37 103 242 50 128 243
163 29 2 37 103 243 50 128 244
164 29 2 37 103 244 50 128 245
165 29 2 37 239 0 62 240 13
166 29 2 50 123 223 75 124 236
167 29 2 50 124 223 75 125 236
168 29 2 50 125 223 75 126 236
169 29 2 50 126 223 75 127 236
170 29 2 50 127 223 75 128 236
171 29 2 50 128 223 75 129 236
172 29 2 50 129 223 75 130 236
173 29 2 50 130 223 75 131 236
174 29 2 50 131 223 75 132 236
175 29 2 50 132 223 75 133 236
176 29 2 50 133 223 75 134 236
177 29 2 50 134 223 75 135 236
178 29 2 50 135 223 75 136 236
179 29 2 50 136 223 75 137 236
180 29 2 50 137 223 75 138 236
181 29 2 75 123 223 100 136 224
182 29 2 100 123 223 125 136 224
183 29 2 75 123 224 100 136 225
184 29 2 100 123 224 125 136 225
185 29 2 75 123 225 100 136 226
186 29 2 100 123 225 125 136 226
187 29 2 37 239 13 62 240 26
188 28 2 156 86 196 172 126 198
189 28 2 156 86 198 172 126 200
190 28 2 156 86 200 172 126 202
191 28 2 156 86 202 172 126 204
192 28 2 156 86 204 172 126 206
193 28 2 156 86 206 172 126 208
194 28 2 156 86 208 172 126 210
195 28 2 156 86 210 172 126 212
196 28 2 156 86 212 172 126 214
197 28 2 156 86 214 172 126 216
198 28 2 156 86 216 172 126 218
199 28 2 156 86 218 172 126 220
200 28 2 156 86 220 172 126 222
201 28 2 156 86 222 172 126 224
202 28 2 156 86 224 172 126 226
203 28 2 156 86 226 172 126 228
204 28 2 156 86 228 172 126 230
205 28 2 156 86 230 172 126 232
206 28 2 156 86 232 172 126 234
207 28 2 156 86 234 172 126 236
208 28 2 156 86 236 172 126 238
209 28 2 156 86 238 172 126 240
210 28 2 156 86 240 172 126 242
211 28 2 156 86 242 172 126 244
212 28 2 101 126 241 117 166 243
213 28 2 101 166 241 117 206 243
214 28 2 101 126 243 117 166 245
215 28 2 101 166 243 117 206 245
216 28 2 101 206 241 141 222 243
217 28 2 101 222 241 141 238 243
218 28 2 101 206 243 141 222 245
219 28 2 101 222 243 141 238 245
220 28 2 117 126 241 133 166 243
221 28 2 133 126 241 149 166 243
222 28 2 149 126 241 165 166 243
223 28 2 165 126 241 181 166 243
224 28 2 181 126 241 197 166 243
225 28 2 197 126 241 213 166 243
226 28 2 213 126 241 229 166 243
227 28 2 229 126 241 245 166 243
228 26 2 294 0 144 371 67 218
229 26 2 294 67 144 371 134 218
230 27 2 297 134 197 338 177 233
231 27 2 297 177 197 338 220 233
232 21 2 338 134 0 439 240 92
233 21 2 439 134 0 540 240 92
234 16 2 371 0 144 479 118 244
235 16 2 479 0 144 587 118 244
236 16 2 587 0 144 695 118 244
237 24 2 695 0 144 769 77 211
238 26 2 695 77 144 762 154 218
239 23 2 338 134 92 423 220 167
240 23 2 338 134 167 423 220 242
241 22 2 423 126 92 530 216 208
242 23 2 540 126 0 625 212 75
243 20 2 540 126 75 638 233 222
244 25 2 638 154 0 706 223 61
245 25 2 706 154 0 774 223 61
246 25 2 774 154 0 842 223 61
247 25 2 842 154 0 910 223 61
248 25 2 910 154 0 978 223 61
249 25 2 978 154 0 1046 223 61
250 25 2 1046 154 0 1114 223 61
251 25 2 1114 154 0 1182 223 61
252 24 2 638 154 61 715 228 128
253 24 2 638 154 128 715 228 195
254 23 2 715 154 61 800 240 136
255 23 2 715 154 136 801 239 211
256 24 2 762 77 0 836 154 67
257 24 2 762 77 67 836 154 134
258 24 2 762 77 134 836 154 201
259 24 2 769 0 0 843 77 67
260 26 2 769 0 67 836 77 141
261 24 2 769 0 141 843 77 208
262 23 2 801 154 61 887 239 136
263 23 2 801 154 136 887 239 211
264 24 2 836 77 0 910 154 67
265 26 2 836 77 67 903 154 141
266 26 2 836 77 141 903 154 215
267 24 2 843 0 0 917 77 67
268 24 2 843 0 67 917 77 134
269 24 2 843 0 134 917 77 201
270 23 2 887 154 61 973 239 136
271 23 2 887 154 136 972 240 211
272 23 2 917 0 0 1003 85 75
273 23 2 1003 0 0 1089 85 75
274 23 2 1089 0 0 1175 85 75
275 17 2 917 0 75 1071 149 223
276 16 2 1071 0 75 1189 108 175
277 18 2 1071 108 61 1172 214 153
278 18 2 1071 108 153 1172 214 245
279 15 2 1189 0 0 1325 138 197
