Utilizacion 66.434812 VolCajasEmpacado 76.976427 Duracion[s] 55.315000 Iteraciones 1695
0 0 0 0 0 0 154 149 148
1 0 0 154 0 0 308 149 148
2 0 0 308 0 0 462 149 148
3 3 0 0 149 0 123 235 122
4 1 0 0 0 148 61 54 208
5 1 0 0 54 148 61 108 208
6 1 0 0 108 148 61 162 208
7 2 0 0 162 122 69 230 183
8 2 0 69 162 122 138 230 183
9 2 0 0 162 183 69 230 244
10 2 0 69 162 183 138 230 244
11 2 0 61 0 148 130 68 209
12 2 0 61 68 148 130 136 209
13 1 0 130 0 148 184 60 209
14 2 0 130 60 148 199 128 209
15 4 0 138 149 0 233 239 136
16 2 0 199 0 148 268 68 209
17 4 0 233 149 0 328 239 136
18 4 0 328 149 0 423 239 136
19 14 1 138 128 148 184 169 193
20 14 1 184 128 148 230 169 193
21 14 1 138 128 193 184 169 238
22 14 1 184 128 193 230 169 238
23 13 1 199 68 148 249 117 192
24 13 1 199 68 192 249 117 236
25 6 1 230 117 148 273 158 184
26 6 1 230 117 184 273 158 220
27 6 1 249 68 148 292 109 184
28 6 1 249 68 184 292 109 220
29 6 1 268 0 148 309 43 184
30 6 1 268 0 184 309 43 220
31 12 1 273 109 148 350 183 215
32 13 1 292 43 148 342 92 192
33 13 1 292 43 192 342 92 236
34 6 1 309 0 148 352 41 184
35 6 1 352 0 148 395 41 184
36 6 1 395 0 148 438 41 184
37 6 1 309 0 184 352 41 220
38 6 1 352 0 184 395 41 220
39 6 1 395 0 184 438 41 220
40 12 1 342 41 148 419 108 222
41 12 1 350 108 148 417 185 222
42 12 1 417 108 148 484 185 222
43 12 1 419 41 148 493 108 225
44 9 1 484 108 0 582 215 147
45 9 1 582 108 0 680 215 147
46 9 1 680 108 0 778 215 147
47 11 1 484 108 147 570 193 222
48 10 1 493 0 0 693 96 178
49 10 1 693 0 0 893 96 178
50 10 1 893 0 0 1093 96 178
51 10 1 1093 0 0 1293 96 178
52 12 1 570 96 147 647 170 214
53 11 1 647 96 147 733 181 222
54 7 1 778 96 0 916 232 197
55 10 1 916 96 0 1116 192 178
56 8 1 1116 96 0 1232 212 162
57 8 1 1232 96 0 1348 212 162
