Utilizacion 68.325215 VolCajasEmpacado 30.988958 Duracion[s] 60.209000 Iteraciones 152
0 27 0 0 0 0 36 43 41
1 27 0 0 43 0 36 86 41
2 27 0 0 86 0 36 129 41
3 27 0 0 129 0 36 172 41
4 27 0 0 172 0 36 215 41
5 5 0 0 0 41 13 104 171
6 5 0 13 0 41 26 104 171
7 5 0 0 104 41 13 208 171
8 5 0 13 104 41 26 208 171
9 20 0 0 0 171 16 40 173
10 20 0 0 40 171 16 80 173
11 20 0 0 80 171 16 120 173
12 20 0 0 0 173 16 40 175
13 20 0 0 40 173 16 80 175
14 20 0 0 80 173 16 120 175
15 20 0 0 0 175 16 40 177
16 20 0 0 40 175 16 80 177
17 20 0 0 80 175 16 120 177
18 20 0 0 0 177 16 40 179
19 20 0 0 40 177 16 80 179
20 20 0 0 80 177 16 120 179
21 20 0 0 0 179 16 40 181
22 20 0 0 40 179 16 80 181
23 20 0 0 80 179 16 120 181
24 20 0 0 0 181 16 40 183
25 20 0 0 40 181 16 80 183
26 20 0 0 80 181 16 120 183
27 20 0 0 0 183 16 40 185
28 20 0 0 40 183 16 80 185
29 20 0 0 80 183 16 120 185
30 20 0 0 0 185 16 40 187
31 20 0 0 40 185 16 80 187
32 20 0 0 80 185 16 120 187
33 20 0 0 0 187 16 40 189
34 20 0 0 40 187 16 80 189
35 20 0 0 80 187 16 120 189
36 20 0 0 0 189 16 40 191
37 20 0 0 40 189 16 80 191
38 20 0 0 80 189 16 120 191
39 21 0 0 215 0 22 217 50
40 21 0 0 217 0 22 219 50
41 21 0 0 219 0 22 221 50
42 21 0 0 221 0 22 223 50
43 21 0 0 223 0 22 225 50
44 21 0 0 225 0 22 227 50
45 21 0 0 227 0 22 229 50
46 21 0 0 229 0 22 231 50
47 21 0 0 231 0 22 233 50
48 21 0 0 233 0 22 235 50
49 21 0 0 235 0 22 237 50
50 21 0 0 237 0 22 239 50
51 2 0 0 239 0 63 240 63
52 18 0 0 120 171 25 133 172
53 21 0 0 133 171 22 183 173
54 18 0 0 0 191 13 25 192
55 18 0 0 25 191 13 50 192
56 18 0 0 50 191 13 75 192
57 18 0 0 75 191 13 100 192
58 18 0 0 0 192 13 25 193
59 18 0 0 25 192 13 50 193
60 18 0 0 50 192 13 75 193
61 18 0 0 75 192 13 100 193
62 18 0 0 0 193 13 25 194
63 18 0 0 25 193 13 50 194
64 18 0 0 50 193 13 75 194
65 18 0 0 75 193 13 100 194
66 18 0 0 0 194 13 25 195
67 18 0 0 25 194 13 50 195
68 18 0 0 50 194 13 75 195
69 18 0 0 75 194 13 100 195
70 18 0 0 0 195 13 25 196
71 18 0 0 25 195 13 50 196
72 18 0 0 50 195 13 75 196
73 18 0 0 75 195 13 100 196
74 18 0 0 0 196 13 25 197
75 18 0 0 25 196 13 50 197
76 18 0 0 50 196 13 75 197
77 18 0 0 75 196 13 100 197
78 18 0 0 0 197 13 25 198
79 18 0 0 25 197 13 50 198
80 18 0 0 50 197 13 75 198
81 18 0 0 75 197 13 100 198
82 18 0 0 0 198 13 25 199
83 21 0 0 25 198 2 75 220
84 21 0 0 133 173 22 183 175
85 21 0 0 183 171 2 205 221
86 21 0 2 183 171 4 205 221
87 21 0 4 183 171 6 205 221
88 21 0 6 183 171 8 205 221
89 21 0 8 183 171 10 205 221
90 8 0 22 215 0 77 235 55
91 8 0 22 215 55 77 235 110
92 8 0 22 215 110 77 235 165
93 8 0 22 215 165 77 235 220
94 16 0 22 235 0 24 237 39
95 7 0 36 0 0 148 140 71
96 7 0 36 0 71 148 140 142
97 7 0 36 0 142 148 140 213
98 1 0 36 140 0 106 211 112
99 1 0 106 140 0 176 211 112
100 1 0 176 140 0 246 211 112
101 1 0 246 140 0 316 211 112
102 1 0 316 140 0 386 211 112
103 1 0 386 140 0 456 211 112
104 1 0 456 140 0 526 211 112
105 1 0 526 140 0 596 211 112
106 1 0 596 140 0 666 211 112
107 9 0 36 0 213 101 54 223
108 11 0 36 0 223 86 50 244
109 4 0 36 140 112 116 200 183
110 9 0 36 54 213 90 119 223
111 9 0 90 54 213 144 119 223
112 12 0 36 50 223 82 100 241
113 5 0 77 211 0 181 224 130
114 5 0 77 224 0 181 237 130
115 12 0 82 54 223 128 104 241
116 12 0 101 0 213 147 50 231
117 12 0 116 140 112 162 190 130
118 27 0 116 140 130 157 176 173
119 26 0 148 0 0 261 126 144
120 5 0 148 126 0 252 139 130
121 5 0 252 126 0 356 139 130
122 5 0 356 126 0 460 139 130
123 5 0 460 126 0 564 139 130
124 5 0 564 126 0 668 139 130
125 5 0 668 126 0 772 139 130
126 12 0 148 0 144 198 46 162
127 12 0 148 0 162 198 46 180
128 12 0 148 0 180 198 46 198
129 12 0 148 0 198 198 46 216
130 12 0 148 0 216 198 46 234
131 9 0 148 46 144 202 111 154
132 9 0 148 46 154 202 111 164
133 9 0 148 46 164 202 111 174
134 9 0 148 46 174 202 111 184
135 9 0 148 46 184 202 111 194
136 9 0 148 46 194 202 111 204
137 9 0 148 46 204 202 111 214
138 12 0 148 46 214 194 96 232
139 13 0 198 0 144 243 46 185
140 0 0 202 46 144 257 101 193
141 25 0 261 0 0 377 116 162
142 0 0 261 0 162 316 55 211
143 0 0 316 0 162 371 55 211
144 10 0 261 55 162 315 116 222
145 10 0 315 55 162 369 116 222
146 11 0 261 55 222 311 105 243
147 26 0 377 0 0 490 126 144
148 26 0 490 0 0 603 126 144
149 26 0 603 0 0 716 126 144
150 26 0 716 0 0 829 126 144
151 26 0 829 0 0 942 126 144
152 14 0 377 0 144 517 112 187
153 14 0 377 0 187 517 112 230
154 0 0 517 0 144 566 55 199
155 0 0 566 0 144 615 55 199
156 0 0 615 0 144 664 55 199
157 0 0 664 0 144 713 55 199
158 0 0 713 0 144 762 55 199
159 0 0 762 0 144 811 55 199
160 0 0 811 0 144 860 55 199
161 0 0 517 55 144 572 110 193
162 28 0 572 55 144 621 99 194
163 3 0 666 139 0 784 239 108
164 3 0 666 139 108 784 239 216
165 15 0 784 126 0 924 239 143
166 7 0 784 126 143 924 238 214
167 7 0 924 126 0 1064 238 71
168 7 0 924 126 71 1064 238 142
169 7 0 924 126 142 1064 238 213
170 25 0 942 0 0 1058 116 162
171 23 0 1058 0 0 1212 120 155
172 7 0 1058 0 155 1198 112 226
173 15 0 1064 120 0 1204 233 143
174 7 0 1064 120 143 1204 232 214
175 14 0 1204 120 0 1344 232 43
176 6 0 1204 120 43 1341 232 183
177 25 0 1212 0 0 1328 116 162
