Utilizacion 62.933716 VolCajasEmpacado 72.919790 Duracion[s] 15.205000 Iteraciones 61
0 2 0 0 0 0 68 69 61
1 4 0 0 0 61 90 95 197
2 2 0 0 95 0 69 163 61
3 2 0 0 163 0 69 231 61
4 1 0 69 95 0 129 149 61
5 1 0 129 95 0 189 149 61
6 1 0 69 149 0 129 203 61
7 1 0 129 149 0 189 203 61
8 4 0 90 0 0 185 90 136
9 4 0 185 0 0 280 90 136
10 0 0 90 90 61 244 239 209
11 2 0 244 0 136 313 68 197
12 3 0 0 95 61 86 218 183
13 2 0 0 95 183 69 163 244
14 2 0 0 163 183 69 231 244
15 0 0 244 90 0 398 239 148
16 2 0 244 68 148 313 136 209
17 2 0 313 68 148 382 136 209
18 0 0 398 0 0 552 149 148
19 13 1 244 136 148 294 185 192
20 13 1 244 185 148 294 234 192
21 13 1 244 136 192 294 185 236
22 13 1 244 185 192 294 234 236
23 14 1 294 136 148 335 181 194
24 14 1 294 181 148 335 226 194
25 14 1 294 136 194 335 181 240
26 14 1 294 181 194 335 226 240
27 11 1 335 136 148 421 221 223
28 12 1 382 0 148 459 67 222
29 12 1 459 0 148 536 67 222
30 12 1 382 67 148 459 134 222
31 12 1 459 67 148 536 134 222
32 12 1 421 149 0 498 223 67
33 11 1 421 149 67 506 235 142
34 6 1 421 149 142 462 192 178
35 6 1 462 149 142 503 192 178
36 6 1 421 192 142 462 235 178
37 6 1 462 192 142 503 235 178
38 12 1 421 134 178 495 211 245
39 6 1 506 149 0 549 190 36
40 6 1 506 190 0 549 231 36
41 6 1 506 149 36 549 190 72
42 6 1 506 190 36 549 231 72
43 6 1 506 149 72 547 192 108
44 6 1 506 192 72 547 235 108
45 6 1 506 149 108 547 192 144
46 6 1 506 192 108 547 235 144
47 9 1 552 0 0 659 98 147
48 9 1 552 98 0 659 196 147
49 8 1 659 0 0 775 116 162
50 8 1 659 116 0 775 232 162
51 7 1 775 0 0 911 138 197
52 10 1 775 138 0 975 234 178
53 10 1 975 138 0 1175 234 178
54 10 1 911 0 0 1111 96 178
55 10 1 1111 0 0 1311 96 178
56 8 1 1175 96 0 1291 212 162
