Utilizacion 70.339506 VolCajasEmpacado 31.902541 Duracion[s] 40.879000 Iteraciones 34
0 20 0 0 0 0 16 40 2
1 20 0 16 0 0 32 40 2
2 20 0 32 0 0 48 40 2
3 20 0 48 0 0 64 40 2
4 20 0 64 0 0 80 40 2
5 20 0 80 0 0 96 40 2
6 20 0 96 0 0 112 40 2
7 20 0 112 0 0 128 40 2
8 20 0 128 0 0 144 40 2
9 20 0 144 0 0 160 40 2
10 20 0 160 0 0 176 40 2
11 20 0 176 0 0 192 40 2
12 20 0 192 0 0 208 40 2
13 20 0 208 0 0 224 40 2
14 20 0 224 0 0 240 40 2
15 20 0 240 0 0 256 40 2
16 20 0 256 0 0 272 40 2
17 20 0 272 0 0 288 40 2
18 20 0 288 0 0 304 40 2
19 20 0 304 0 0 320 40 2
20 20 0 320 0 0 336 40 2
21 20 0 336 0 0 352 40 2
22 20 0 352 0 0 368 40 2
23 20 0 368 0 0 384 40 2
24 20 0 384 0 0 400 40 2
25 20 0 400 0 0 416 40 2
26 20 0 416 0 0 432 40 2
27 20 0 432 0 0 448 40 2
28 20 0 448 0 0 464 40 2
29 20 0 464 0 0 480 40 2
30 21 0 0 0 2 22 50 4
31 21 0 0 0 4 22 50 6
32 21 0 0 0 6 22 50 8
33 21 0 0 0 8 22 50 10
34 21 0 0 0 10 22 50 12
35 21 0 0 0 12 22 50 14
36 21 0 0 0 14 22 50 16
37 21 0 0 0 16 22 50 18
38 21 0 0 0 18 22 50 20
39 21 0 0 0 20 22 50 22
40 21 0 0 0 22 22 50 24
41 21 0 0 0 24 22 50 26
42 21 0 0 0 26 22 50 28
43 21 0 0 0 28 22 50 30
44 21 0 0 0 30 22 50 32
45 21 0 0 0 32 22 50 34
46 21 0 0 0 34 22 50 36
47 21 0 0 0 36 22 50 38
48 21 0 0 0 38 22 50 40
49 21 0 0 0 40 22 50 42
50 17 0 0 50 0 155 218 195
51 5 0 0 0 195 104 130 208
52 5 0 0 0 208 104 130 221
53 5 0 0 0 221 104 130 234
54 8 0 0 218 0 55 238 55
55 8 0 55 218 0 110 238 55
56 8 0 110 218 0 165 238 55
57 8 0 165 218 0 220 238 55
58 18 0 0 0 234 25 13 235
59 18 0 0 0 235 25 13 236
60 18 0 0 0 236 25 13 237
61 18 0 0 0 237 25 13 238
62 18 0 0 0 238 25 13 239
63 18 0 0 0 239 25 13 240
64 18 0 0 0 240 25 13 241
65 18 0 0 0 241 25 13 242
66 18 0 0 0 242 25 13 243
67 18 0 0 0 243 25 13 244
68 18 0 0 0 244 25 13 245
69 9 0 0 13 234 65 67 244
70 9 0 65 13 234 130 67 244
71 9 0 0 67 234 65 121 244
72 9 0 65 67 234 130 121 244
73 18 0 0 13 244 25 26 245
74 18 0 0 26 244 25 39 245
75 18 0 0 39 244 25 52 245
76 18 0 0 52 244 25 65 245
77 18 0 0 65 244 25 78 245
78 18 0 0 78 244 25 91 245
79 18 0 0 91 244 25 104 245
80 18 0 0 104 244 25 117 245
81 16 0 0 238 0 2 240 39
82 2 0 25 0 244 88 63 245
83 18 0 0 121 234 25 134 235
84 18 0 25 121 234 50 134 235
85 18 0 50 121 234 75 134 235
86 18 0 75 121 234 100 134 235
87 18 0 0 121 235 25 134 236
88 18 0 25 121 235 50 134 236
89 18 0 50 121 235 75 134 236
90 18 0 75 121 235 100 134 236
91 18 0 25 63 244 38 88 245
92 18 0 25 88 244 38 113 245
93 18 0 38 88 244 51 113 245
94 13 0 0 134 195 45 180 236
95 12 0 0 180 195 50 226 213
96 12 0 0 180 213 50 226 231
97 9 0 0 180 231 65 234 241
98 27 0 45 134 195 88 175 231
99 5 0 65 218 55 195 231 159
100 9 0 65 175 195 130 229 205
101 9 0 65 175 205 130 229 215
102 9 0 65 175 215 130 229 225
103 9 0 65 175 225 130 229 235
104 9 0 65 175 235 130 229 245
105 27 0 88 134 195 131 175 231
106 27 0 131 134 195 174 175 231
107 5 0 104 0 2 234 13 106
108 5 0 104 0 106 234 13 210
109 28 0 130 175 195 174 224 245
110 5 0 130 13 2 260 26 106
111 5 0 130 26 2 260 39 106
112 5 0 130 13 106 234 26 236
113 5 0 130 26 106 234 39 236
114 27 0 130 39 195 171 82 231
115 11 0 130 82 195 180 132 216
116 11 0 130 82 216 180 132 237
117 27 0 171 40 0 214 76 41
118 27 0 171 39 41 212 82 77
119 1 0 174 132 0 245 202 112
120 5 0 174 132 112 304 145 216
121 12 0 174 145 112 224 191 130
122 12 0 174 145 130 224 191 148
123 12 0 174 145 148 224 191 166
124 12 0 174 145 166 224 191 184
125 12 0 174 145 184 224 191 202
126 12 0 174 145 202 224 191 220
127 12 0 174 145 220 224 191 238
128 5 0 174 202 0 278 215 130
129 0 0 180 39 77 235 94 126
130 0 0 180 39 126 235 94 175
131 0 0 180 39 175 235 94 224
132 12 0 195 191 130 245 237 148
133 0 0 195 191 148 250 240 203
134 0 0 235 0 106 284 55 161
135 0 0 235 0 161 284 55 216
136 1 0 235 55 0 347 125 71
137 1 0 235 55 71 347 125 142
138 1 0 235 55 142 347 125 213
139 10 0 284 0 2 345 54 62
140 10 0 284 0 62 345 54 122
141 0 0 250 145 0 299 200 55
142 0 0 250 145 55 305 200 104
143 0 0 278 145 104 327 200 159
144 1 0 250 145 159 362 215 230
145 0 0 284 0 122 339 55 171
146 0 0 284 0 171 339 55 220
147 1 0 347 40 0 417 111 112
148 6 0 347 0 112 487 137 224
149 3 0 362 137 0 480 237 108
150 3 0 480 137 0 598 237 108
151 1 0 362 137 108 474 208 178
152 1 0 474 137 108 545 207 220
153 1 0 545 137 108 616 207 220
154 14 0 487 0 0 627 112 43
155 24 0 487 0 43 653 116 203
156 4 0 616 116 0 696 176 71
157 23 0 616 116 71 770 236 226
158 25 0 653 0 0 769 116 162
159 14 0 653 0 162 793 112 205
160 26 0 770 112 0 883 238 144
161 26 0 883 112 0 996 238 144
162 26 0 996 112 0 1109 238 144
163 26 0 1109 112 0 1222 238 144
164 26 0 1222 112 0 1335 238 144
165 14 0 770 112 144 910 224 187
166 7 0 793 0 0 933 112 71
167 7 0 933 0 0 1073 112 71
168 7 0 1073 0 0 1213 112 71
169 7 0 793 0 71 933 112 142
170 7 0 933 0 71 1073 112 142
171 7 0 1073 0 71 1213 112 142
172 7 0 793 0 142 933 112 213
173 7 0 933 0 142 1073 112 213
174 7 0 1073 0 142 1213 112 213
175 7 0 910 112 144 1050 224 215
176 7 0 1050 112 144 1190 224 215
177 6 0 1213 0 0 1350 112 140
