Utilizacion 65.297231 VolCajasEmpacado 75.658338 Duracion[s] 15.195000 Iteraciones 245
0 0 0 0 0 0 149 154 148
1 3 0 0 154 0 123 240 122
2 2 0 0 154 122 68 223 183
3 2 0 0 154 183 68 223 244
4 1 0 0 0 148 61 54 208
5 1 0 0 54 148 61 108 208
6 1 0 61 54 148 122 108 208
7 1 0 61 0 148 122 54 208
8 2 0 68 108 148 137 176 209
9 2 0 137 154 0 205 223 61
10 0 0 149 0 0 303 149 148
11 0 0 303 0 0 457 149 148
12 2 0 149 149 61 218 217 122
13 2 0 137 154 122 205 223 183
14 2 0 137 154 183 205 223 244
15 2 0 137 0 148 206 68 209
16 4 0 218 149 0 313 239 136
17 4 0 313 149 0 408 239 136
18 4 0 408 149 0 503 239 136
19 12 1 137 68 148 211 135 225
20 12 1 206 0 148 280 67 225
21 12 1 280 0 148 354 67 225
22 12 1 354 0 148 428 67 225
23 14 1 205 149 136 250 190 182
24 14 1 205 190 136 250 231 182
25 14 1 205 149 182 250 190 228
26 14 1 205 190 182 250 231 228
27 13 1 211 67 148 261 116 192
28 13 1 211 67 192 261 116 236
29 6 1 250 116 148 293 157 184
30 6 1 293 116 148 336 157 184
31 6 1 336 116 148 379 157 184
32 6 1 379 116 148 422 157 184
33 6 1 422 116 148 465 157 184
34 6 1 250 116 184 293 157 220
35 6 1 293 116 184 336 157 220
36 6 1 336 116 184 379 157 220
37 6 1 379 116 184 422 157 220
38 6 1 422 116 184 465 157 220
39 13 1 261 67 148 311 116 192
40 13 1 311 67 148 361 116 192
41 6 1 261 67 192 304 108 228
42 6 1 304 67 192 347 108 228
43 10 1 457 0 0 657 96 178
44 10 1 657 0 0 857 96 178
45 10 1 857 0 0 1057 96 178
46 10 1 1057 0 0 1257 96 178
47 12 1 428 0 178 505 74 245
48 11 1 503 96 0 588 182 75
49 9 1 503 96 75 601 203 222
50 7 1 601 96 0 798 234 136
51 12 1 601 96 136 668 170 213
52 11 1 668 96 136 754 181 211
53 10 1 798 96 0 998 192 178
54 8 1 998 96 0 1114 212 162
55 8 1 1114 96 0 1230 212 162
56 8 1 1230 96 0 1346 212 162
