Utilizacion 71.418340 VolCajasEmpacado 60.587485 Duracion[s] 50.772000 Iteraciones 484
0 5 0 0 0 0 197 101 116
1 5 0 197 0 0 394 101 116
2 5 0 394 0 0 591 101 116
3 5 0 591 0 0 788 101 116
4 5 0 0 101 0 197 202 116
5 5 0 197 101 0 394 202 116
6 5 0 394 101 0 591 202 116
7 5 0 591 101 0 788 202 116
8 2 0 0 0 116 58 55 165
9 2 0 0 55 116 58 110 165
10 2 0 0 110 116 58 165 165
11 2 0 0 165 116 58 220 165
12 2 0 0 0 165 58 55 214
13 2 0 0 55 165 58 110 214
14 2 0 0 110 165 58 165 214
15 2 0 0 165 165 58 220 214
16 0 0 0 220 0 65 240 3
17 0 0 65 220 0 130 240 3
18 0 0 130 220 0 195 240 3
19 0 0 195 220 0 260 240 3
20 0 0 260 220 0 325 240 3
21 0 0 325 220 0 390 240 3
22 0 0 390 220 0 455 240 3
23 0 0 455 220 0 520 240 3
24 0 0 520 220 0 585 240 3
25 0 0 585 220 0 650 240 3
26 0 0 650 220 0 715 240 3
27 0 0 715 220 0 780 240 3
28 0 0 780 220 0 845 240 3
29 0 0 845 220 0 910 240 3
30 0 0 910 220 0 975 240 3
31 0 0 975 220 0 1040 240 3
32 0 0 1040 220 0 1105 240 3
33 0 0 1105 220 0 1170 240 3
34 0 0 1170 220 0 1235 240 3
35 0 0 1235 220 0 1300 240 3
36 1 0 0 220 3 50 240 23
37 1 0 50 220 3 100 240 23
38 1 0 100 220 3 150 240 23
39 1 0 150 220 3 200 240 23
40 1 0 200 220 3 250 240 23
41 1 0 250 220 3 300 240 23
42 1 0 300 220 3 350 240 23
43 1 0 350 220 3 400 240 23
44 1 0 400 220 3 450 240 23
45 1 0 450 220 3 500 240 23
46 1 0 500 220 3 550 240 23
47 1 0 550 220 3 600 240 23
48 1 0 600 220 3 650 240 23
49 1 0 650 220 3 700 240 23
50 1 0 700 220 3 750 240 23
51 1 0 750 220 3 800 240 23
52 1 0 800 220 3 850 240 23
53 1 0 850 220 3 900 240 23
54 1 0 900 220 3 950 240 23
55 1 0 950 220 3 1000 240 23
56 1 0 1000 220 3 1050 240 23
57 1 0 1050 220 3 1100 240 23
58 1 0 1100 220 3 1150 240 23
59 1 0 1150 220 3 1200 240 23
60 1 0 1200 220 3 1250 240 23
61 1 0 1250 220 3 1300 240 23
62 1 0 0 0 214 50 20 234
63 1 0 0 20 214 50 40 234
64 1 0 0 40 214 50 60 234
65 1 0 0 60 214 50 80 234
66 1 0 0 80 214 50 100 234
67 1 0 0 100 214 50 120 234
68 1 0 0 120 214 50 140 234
69 1 0 0 140 214 50 160 234
70 1 0 0 160 214 50 180 234
71 1 0 0 180 214 50 200 234
72 1 0 0 200 214 50 220 234
73 5 0 58 0 116 255 101 232
74 2 0 58 101 116 116 156 165
75 2 0 58 156 116 116 211 165
76 2 0 58 101 165 116 156 214
77 2 0 58 156 165 116 211 214
78 1 0 116 101 116 166 121 136
79 1 0 116 121 116 166 141 136
80 1 0 116 141 116 166 161 136
81 1 0 116 161 116 166 181 136
82 1 0 116 181 116 166 201 136
83 3 0 116 101 136 190 178 203
84 1 0 116 101 203 136 151 223
85 1 0 116 151 203 136 201 223
86 1 0 50 101 214 70 151 234
87 1 0 50 151 214 70 201 234
88 1 0 50 201 214 100 221 234
89 1 0 100 101 223 150 121 243
90 1 0 100 121 223 150 141 243
91 1 0 70 101 214 90 151 234
92 1 0 70 151 214 90 201 234
93 1 0 90 141 214 110 191 234
94 1 0 100 191 223 150 211 243
95 1 0 100 211 23 150 231 43
96 1 0 150 211 23 200 231 43
97 1 0 200 211 23 250 231 43
98 1 0 250 211 23 300 231 43
99 1 0 300 211 23 350 231 43
100 1 0 350 211 23 400 231 43
101 1 0 400 211 23 450 231 43
102 1 0 450 211 23 500 231 43
103 1 0 500 211 23 550 231 43
104 1 0 550 211 23 600 231 43
105 1 0 600 211 23 650 231 43
106 1 0 136 141 203 156 191 223
107 4 0 190 101 116 267 180 185
108 4 0 255 0 116 332 79 185
109 4 0 267 79 116 344 158 185
110 4 0 267 158 116 344 237 185
111 4 0 332 0 116 409 79 185
112 4 0 344 79 116 423 156 185
113 4 0 344 156 116 423 233 185
114 4 0 409 0 116 486 79 185
115 4 0 423 79 116 502 156 185
116 4 0 502 79 116 581 156 185
117 4 0 581 79 116 660 156 185
118 4 0 660 79 116 739 156 185
119 4 0 739 79 116 818 156 185
120 4 0 423 156 116 500 235 185
121 4 0 486 0 116 563 79 185
122 3 0 500 156 116 577 230 183
123 4 0 563 0 116 640 79 185
124 4 0 640 0 116 717 79 185
125 4 0 717 0 116 794 79 185
126 4 0 577 156 116 654 235 185
127 4 0 654 156 116 731 235 185
128 4 0 731 156 116 808 235 185
129 4 0 794 0 0 871 79 69
130 4 0 794 0 69 871 79 138
131 4 0 794 0 138 871 79 207
132 4 0 818 79 0 895 158 69
133 4 0 895 79 0 972 158 69
134 7 1 0 0 234 52 18 237
135 7 1 0 0 237 52 18 240
136 7 1 0 0 240 52 18 243
137 7 1 0 18 234 18 70 237
138 7 1 0 18 237 18 70 240
139 7 1 0 18 240 18 70 243
140 6 1 0 141 234 15 186 237
141 6 1 0 141 237 15 186 240
142 6 1 0 211 234 45 226 237
143 6 1 0 211 237 45 226 240
144 7 1 0 211 240 52 229 243
145 6 1 15 141 234 30 186 237
146 6 1 15 141 237 30 186 240
147 7 1 18 18 234 70 36 237
148 7 1 18 18 237 70 36 240
149 7 1 18 18 240 70 36 243
150 7 1 18 36 234 70 54 237
151 7 1 18 36 237 70 54 240
152 7 1 18 36 240 70 54 243
153 6 1 18 54 234 33 99 237
154 6 1 0 70 237 45 85 240
155 6 1 0 85 237 45 100 240
156 7 1 0 70 240 52 88 243
157 6 1 30 141 234 45 186 237
158 6 1 30 141 237 45 186 240
159 7 1 45 141 234 97 159 237
160 7 1 45 159 234 97 177 237
161 7 1 45 141 237 97 159 240
162 7 1 45 159 237 97 177 240
163 7 1 45 141 240 97 159 243
164 7 1 45 159 240 97 177 243
165 6 1 0 141 240 45 156 243
166 7 1 52 211 234 104 229 237
167 7 1 52 211 237 104 229 240
168 7 1 52 211 240 104 229 243
169 7 1 52 0 232 104 18 235
170 7 1 52 0 235 104 18 238
171 7 1 52 0 238 104 18 241
172 7 1 52 0 241 104 18 244
173 8 1 190 101 185 258 165 242
174 8 1 258 79 185 322 147 242
175 8 1 322 79 185 386 147 242
176 8 1 386 79 185 450 147 242
177 8 1 450 79 185 514 147 242
178 8 1 514 79 185 578 147 242
179 8 1 578 79 185 642 147 242
180 8 1 642 79 185 706 147 242
181 8 1 706 79 185 770 147 242
182 8 1 770 79 185 834 147 242
183 8 1 258 147 185 326 211 242
184 8 1 326 147 185 390 215 242
185 8 1 390 147 185 454 215 242
186 8 1 808 158 0 876 215 64
187 8 1 834 79 69 891 147 133
188 10 1 808 158 64 894 233 149
189 10 1 808 158 149 894 233 234
190 8 1 834 79 133 898 147 190
191 9 1 871 0 0 948 67 74
192 9 1 871 0 74 948 67 148
193 8 1 871 0 148 935 68 205
194 8 1 894 158 0 958 215 68
195 10 1 898 68 69 973 154 154
196 10 1 898 68 154 973 154 239
197 8 1 894 158 68 951 222 136
198 10 1 894 154 136 980 239 211
199 8 1 948 0 0 1012 68 57
200 8 1 948 0 57 1016 64 114
201 8 1 948 0 114 1005 68 178
202 8 1 935 0 178 1003 64 235
203 10 1 973 68 0 1058 143 86
204 10 1 973 68 86 1058 154 161
205 10 1 973 68 161 1058 154 236
206 8 1 980 154 0 1037 218 68
207 8 1 1037 154 0 1094 218 68
208 8 1 1094 154 0 1151 218 68
209 8 1 1151 154 0 1208 218 68
210 12 2 1058 0 0 1153 92 82
211 12 2 1153 0 0 1248 92 82
212 12 2 1248 0 0 1343 92 82
213 11 2 1058 0 82 1144 75 167
214 12 2 1144 0 82 1226 92 177
215 13 2 1226 0 82 1334 118 182
216 12 2 1058 118 68 1153 210 150
217 12 2 1058 118 150 1153 210 232
218 11 2 1153 118 68 1228 204 153
219 11 2 1153 118 153 1228 204 238
220 11 2 1228 118 0 1314 193 85
221 13 2 1228 118 85 1346 226 185
