Utilizacion 69.672908 VolCajasEmpacado 91.756930 Duracion[s] 65.481000 Iteraciones 111
0 7 0 0 0 0 126 113 144
1 7 0 0 113 0 126 226 144
2 2 0 0 0 144 75 85 230
3 2 0 0 85 144 75 170 230
4 12 0 0 0 230 31 10 233
5 12 0 31 0 230 62 10 233
6 12 0 0 0 233 31 10 236
7 12 0 31 0 233 62 10 236
8 12 0 0 0 236 31 10 239
9 12 0 31 0 236 62 10 239
10 12 0 0 0 239 31 10 242
11 12 0 31 0 239 62 10 242
12 12 0 0 0 242 31 10 245
13 12 0 31 0 242 62 10 245
14 11 0 0 226 0 20 236 3
15 11 0 0 10 230 10 30 233
16 11 0 0 30 230 10 50 233
17 11 0 0 50 230 10 70 233
18 11 0 0 70 230 10 90 233
19 11 0 0 90 230 10 110 233
20 11 0 0 10 233 10 30 236
21 11 0 0 30 233 10 50 236
22 11 0 0 50 233 10 70 236
23 11 0 0 70 233 10 90 236
24 11 0 0 90 233 10 110 236
25 11 0 0 10 236 10 30 239
26 11 0 0 30 236 10 50 239
27 11 0 0 50 236 10 70 239
28 11 0 0 70 236 10 90 239
29 11 0 0 90 236 10 110 239
30 11 0 0 10 239 10 30 242
31 11 0 0 30 239 10 50 242
32 11 0 0 50 239 10 70 242
33 11 0 0 70 239 10 90 242
34 11 0 0 90 239 10 110 242
35 11 0 0 10 242 10 30 245
36 11 0 0 30 242 10 50 245
37 11 0 0 50 242 10 70 245
38 11 0 0 70 242 10 90 245
39 11 0 0 90 242 10 110 245
40 12 0 0 226 3 31 236 6
41 12 0 0 226 6 31 236 9
42 12 0 0 226 9 31 236 12
43 12 0 0 226 12 31 236 15
44 12 0 0 226 15 31 236 18
45 12 0 0 226 18 31 236 21
46 12 0 0 226 21 31 236 24
47 12 0 0 226 24 31 236 27
48 12 0 0 226 27 31 236 30
49 12 0 0 226 30 31 236 33
50 11 0 0 110 230 10 130 233
51 11 0 0 110 233 10 130 236
52 11 0 0 110 236 10 130 239
53 11 0 0 110 239 10 130 242
54 0 0 0 170 144 42 210 182
55 0 0 42 170 144 84 210 182
56 0 0 84 170 144 126 210 182
57 0 0 0 170 182 42 210 220
58 0 0 42 170 182 84 210 220
59 0 0 84 170 182 126 210 220
60 0 0 75 0 144 115 42 182
61 0 0 75 42 144 115 84 182
62 0 0 75 84 144 115 126 182
63 0 0 75 126 144 115 168 182
64 6 0 75 0 182 118 41 218
65 4 0 75 41 182 135 102 236
66 6 0 126 0 0 169 41 36
67 8 0 126 0 36 160 37 66
68 8 0 126 0 66 160 37 96
69 8 0 126 0 96 160 37 126
70 8 0 126 0 126 160 37 156
71 8 0 126 0 156 160 37 186
72 8 0 126 0 186 160 37 216
73 9 0 126 102 0 264 238 197
74 8 0 126 102 197 163 136 227
75 8 0 126 136 197 163 170 227
76 8 0 126 170 197 163 204 227
77 8 0 126 204 197 163 238 227
78 4 0 135 41 0 195 102 54
79 4 0 135 37 54 195 98 108
80 4 0 135 37 108 195 98 162
81 4 0 135 37 162 195 98 216
82 3 0 195 0 0 301 101 92
83 2 0 195 0 92 281 85 167
84 2 0 195 0 167 281 85 242
85 7 0 264 101 0 390 214 144
86 7 0 390 101 0 516 214 144
87 2 0 264 85 144 349 160 230
88 2 0 264 160 144 349 235 230
89 2 0 301 0 0 387 75 85
90 2 0 301 0 85 376 85 171
91 4 0 281 0 171 342 60 225
92 4 0 342 0 171 403 60 225
93 2 0 349 85 144 435 160 229
94 4 0 349 160 144 409 221 198
95 4 0 409 160 144 469 221 198
96 4 0 469 160 144 529 221 198
97 2 0 403 0 0 489 85 75
98 2 0 403 0 75 478 85 161
99 2 0 403 0 161 489 85 236
100 3 0 489 0 0 581 101 106
101 1 0 489 0 106 609 80 219
102 5 0 529 101 0 636 199 147
103 10 0 636 0 0 785 154 148
104 19 1 0 110 242 12 145 245
105 13 1 0 145 230 25 155 233
106 13 1 0 155 230 25 165 233
107 13 1 0 165 230 25 175 233
108 13 1 0 145 233 25 155 236
109 13 1 0 155 233 25 165 236
110 13 1 0 165 233 25 175 236
111 13 1 0 145 236 25 155 239
112 13 1 0 155 236 25 165 239
113 13 1 0 165 236 25 175 239
114 13 1 0 145 239 25 155 242
115 13 1 0 155 239 25 165 242
116 13 1 0 165 239 25 175 242
117 13 1 0 145 242 25 155 245
118 13 1 0 155 242 25 165 245
119 13 1 0 165 242 25 175 245
120 18 1 12 102 230 25 142 234
121 18 1 25 102 230 38 142 234
122 18 1 38 102 230 51 142 234
123 18 1 51 102 230 64 142 234
124 18 1 64 102 230 77 142 234
125 18 1 12 102 234 25 142 238
126 18 1 25 102 234 38 142 238
127 18 1 38 102 234 51 142 238
128 18 1 51 102 234 64 142 238
129 18 1 64 102 234 77 142 238
130 18 1 12 102 238 25 142 242
131 18 1 25 102 238 38 142 242
132 18 1 38 102 238 51 142 242
133 18 1 51 102 238 64 142 242
134 18 1 64 102 238 77 142 242
135 13 1 25 142 230 35 167 233
136 13 1 25 142 233 35 167 236
137 13 1 25 142 236 35 167 239
138 13 1 25 142 239 35 167 242
139 13 1 25 142 242 35 167 245
140 13 1 77 85 236 102 95 239
141 13 1 77 95 236 102 105 239
142 13 1 77 85 239 102 95 242
143 13 1 77 95 239 102 105 242
144 13 1 77 85 242 102 95 245
145 13 1 77 95 242 102 105 245
146 13 1 12 105 242 22 130 245
147 13 1 12 130 242 37 140 245
148 13 1 22 105 242 47 115 245
149 13 1 47 105 242 72 115 245
150 13 1 22 115 242 47 125 245
151 13 1 47 115 242 72 125 245
152 13 1 35 142 230 45 167 233
153 13 1 35 142 233 45 167 236
154 13 1 35 142 236 45 167 239
155 13 1 35 142 239 45 167 242
156 13 1 35 142 242 45 167 245
157 13 1 37 125 242 62 135 245
158 13 1 45 135 242 70 145 245
159 18 1 45 145 230 85 158 234
160 18 1 45 158 230 85 171 234
161 18 1 45 145 234 85 158 238
162 18 1 45 158 234 85 171 238
163 18 1 45 145 238 85 158 242
164 18 1 45 158 238 85 171 242
165 13 1 45 145 242 70 155 245
166 19 1 45 155 242 80 167 245
167 19 1 102 85 236 137 97 239
168 19 1 102 85 239 137 97 242
169 19 1 102 85 242 137 97 245
170 19 1 349 221 0 384 233 3
171 18 1 349 85 229 362 125 233
172 18 1 349 85 233 362 125 237
173 18 1 349 85 237 362 125 241
174 18 1 349 85 241 362 125 245
175 18 1 349 221 3 389 234 7
176 18 1 349 221 7 389 234 11
177 18 1 349 221 11 389 234 15
178 18 1 349 221 15 389 234 19
179 18 1 349 221 19 389 234 23
180 18 1 349 221 23 389 234 27
181 18 1 349 221 27 389 234 31
182 18 1 349 221 31 389 234 35
183 18 1 349 221 35 389 234 39
184 18 1 349 221 39 389 234 43
185 18 1 349 221 43 389 234 47
186 18 1 349 221 47 389 234 51
187 18 1 349 221 51 389 234 55
188 18 1 349 221 55 389 234 59
189 18 1 349 221 59 389 234 63
190 19 1 349 221 63 384 233 66
191 19 1 349 221 66 384 233 69
192 19 1 349 221 69 384 233 72
193 19 1 349 125 229 361 160 232
194 14 1 609 0 148 710 106 240
195 17 1 529 154 147 584 209 196
196 17 1 529 154 196 584 209 245
197 14 1 710 0 148 816 101 240
198 17 1 710 101 148 765 156 197
199 17 1 584 154 147 639 209 196
200 17 1 584 154 196 639 209 245
201 17 1 639 106 148 694 161 197
202 17 1 639 161 0 694 216 49
203 17 1 694 161 0 749 216 49
204 17 1 749 161 0 804 216 49
205 17 1 804 161 0 859 216 49
206 15 1 816 0 0 917 116 197
207 15 1 859 116 0 960 232 197
208 16 1 960 0 0 1140 171 163
209 28 2 349 209 198 399 229 202
210 28 2 349 209 202 399 229 206
211 28 2 349 209 206 399 229 210
212 28 2 349 209 210 399 229 214
213 28 2 349 209 214 399 229 218
214 28 2 349 209 218 399 229 222
215 28 2 349 209 222 399 229 226
216 28 2 349 209 226 399 229 230
217 28 2 349 209 230 399 229 234
218 28 2 349 209 234 399 229 238
219 28 2 349 209 238 399 229 242
220 28 2 361 125 229 411 145 233
221 28 2 361 125 233 411 145 237
222 28 2 361 125 237 411 145 241
223 28 2 361 125 241 411 145 245
224 28 2 399 209 198 449 229 202
225 28 2 449 209 198 499 229 202
226 28 2 499 209 198 549 229 202
227 28 2 399 209 202 449 229 206
228 28 2 449 209 202 499 229 206
229 24 2 710 101 197 759 151 241
230 24 2 639 106 197 688 156 241
231 25 2 816 0 197 862 45 238
232 24 2 816 45 197 865 95 241
233 24 2 865 45 197 914 95 241
234 24 2 816 95 197 866 144 241
235 25 2 862 0 197 908 45 238
236 24 2 866 95 197 916 144 241
237 24 2 866 144 197 916 193 241
238 20 2 960 0 163 1037 74 230
239 25 2 916 74 197 962 119 238
240 25 2 916 119 197 962 164 238
241 25 2 916 164 197 962 209 238
242 23 2 962 74 163 1036 151 230
243 27 2 962 151 163 995 188 203
244 25 2 962 151 203 1007 197 244
245 27 2 962 197 0 999 230 40
246 21 2 1007 171 0 1076 239 61
247 25 2 1007 171 61 1052 217 102
248 21 2 1007 171 102 1075 240 163
249 21 2 1007 171 163 1075 240 224
250 23 2 1036 74 163 1113 148 230
251 23 2 1037 0 163 1111 67 240
252 25 2 1075 148 163 1121 193 204
253 25 2 1075 148 204 1121 193 245
254 25 2 1076 193 0 1122 238 41
255 24 2 1111 0 163 1161 49 207
256 23 2 1122 171 0 1196 238 77
257 23 2 1121 171 77 1195 238 154
258 23 2 1121 171 154 1195 238 231
259 26 2 1140 49 0 1258 157 100
260 22 2 1140 49 100 1226 171 223
261 21 2 1196 171 0 1264 240 61
262 21 2 1264 171 0 1332 240 61
263 21 2 1196 171 61 1264 240 122
264 21 2 1195 171 122 1263 240 183
265 21 2 1195 171 183 1263 240 244
266 20 2 1258 0 0 1332 77 67
267 20 2 1258 77 0 1332 154 67
268 20 2 1258 0 67 1335 74 134
269 20 2 1258 74 67 1335 148 134
270 20 2 1258 0 134 1335 74 201
271 20 2 1258 74 134 1335 148 201
272 20 2 1264 154 61 1341 228 128
273 20 2 1264 154 128 1341 228 195
