Utilizacion 70.879809 VolCajasEmpacado 91.812966 Duracion[s] 41.204000 Iteraciones 62
0 8 0 0 0 0 46 45 41
1 8 0 0 45 0 46 90 41
2 8 0 0 90 0 46 135 41
3 8 0 0 135 0 46 180 41
4 8 0 0 180 0 46 225 41
5 5 0 0 0 41 34 37 71
6 5 0 0 37 41 34 74 71
7 5 0 0 74 41 34 111 71
8 5 0 0 111 41 34 148 71
9 5 0 0 148 41 34 185 71
10 5 0 0 185 41 34 222 71
11 2 0 0 225 0 31 239 1
12 2 0 31 225 0 62 239 1
13 2 0 62 225 0 93 239 1
14 2 0 93 225 0 124 239 1
15 2 0 124 225 0 155 239 1
16 2 0 155 225 0 186 239 1
17 2 0 186 225 0 217 239 1
18 2 0 217 225 0 248 239 1
19 2 0 248 225 0 279 239 1
20 2 0 279 225 0 310 239 1
21 2 0 310 225 0 341 239 1
22 2 0 341 225 0 372 239 1
23 2 0 372 225 0 403 239 1
24 2 0 403 225 0 434 239 1
25 2 0 434 225 0 465 239 1
26 2 0 465 225 0 496 239 1
27 2 0 496 225 0 527 239 1
28 2 0 527 225 0 558 239 1
29 2 0 558 225 0 589 239 1
30 2 0 589 225 0 620 239 1
31 4 0 0 222 41 50 224 63
32 4 0 0 224 41 50 226 63
33 4 0 0 222 63 50 224 85
34 4 0 0 224 63 50 226 85
35 4 0 0 222 85 50 224 107
36 4 0 0 224 85 50 226 107
37 4 0 0 222 107 50 224 129
38 4 0 0 224 107 50 226 129
39 4 0 0 222 129 50 224 151
40 4 0 0 224 129 50 226 151
41 4 0 0 222 151 50 224 173
42 4 0 0 224 151 50 226 173
43 4 0 0 222 173 50 224 195
44 4 0 0 224 173 50 226 195
45 4 0 0 222 195 50 224 217
46 4 0 0 224 195 50 226 217
47 4 0 0 222 217 50 224 239
48 4 0 0 224 217 50 226 239
49 6 0 0 0 71 40 42 109
50 6 0 0 42 71 40 84 109
51 6 0 0 84 71 40 126 109
52 6 0 0 126 71 40 168 109
53 6 0 0 168 71 40 210 109
54 6 0 0 0 109 40 42 147
55 6 0 0 42 109 40 84 147
56 6 0 0 84 109 40 126 147
57 6 0 0 126 109 40 168 147
58 6 0 0 168 109 40 210 147
59 4 0 0 210 71 50 212 93
60 4 0 0 212 71 50 214 93
61 7 0 0 0 147 54 61 207
62 9 0 0 61 147 55 116 196
63 9 0 0 116 147 55 171 196
64 9 0 0 61 196 55 116 245
65 9 0 0 116 196 55 171 245
66 5 0 0 0 207 30 34 244
67 5 0 30 0 207 60 34 244
68 8 0 0 171 147 45 217 188
69 8 0 0 171 188 41 217 233
70 5 0 46 171 0 80 208 30
71 5 0 80 171 0 114 208 30
72 7 0 50 171 30 111 231 84
73 7 0 50 171 84 111 231 138
74 7 0 50 171 138 111 231 192
75 8 0 41 171 192 82 216 238
76 7 0 55 34 0 109 94 61
77 7 0 55 94 0 109 154 61
78 7 0 55 34 61 115 88 122
79 7 0 55 34 122 115 88 183
80 7 0 55 34 183 115 88 244
81 8 0 55 88 61 100 129 107
82 8 0 55 129 61 100 170 107
83 7 0 55 88 107 115 149 161
84 9 0 55 88 161 110 143 210
85 9 0 114 149 0 169 204 49
86 9 0 111 149 49 166 204 98
87 9 0 111 149 98 166 204 147
88 9 0 111 149 147 166 204 196
89 9 0 111 149 196 166 204 245
90 1 0 115 0 0 195 120 113
91 0 0 115 0 113 201 123 235
92 3 0 169 123 0 285 224 197
93 3 0 201 0 0 317 101 197
94 14 1 50 204 238 83 216 240
95 14 1 0 216 239 33 228 241
96 14 1 0 216 241 33 228 243
97 14 1 0 216 243 33 228 245
98 14 1 33 216 239 66 228 241
99 14 1 33 216 241 66 228 243
100 14 1 33 216 243 66 228 245
101 10 1 55 123 210 75 135 211
102 10 1 55 135 210 75 147 211
103 14 1 55 123 211 88 135 213
104 14 1 55 135 211 88 147 213
105 10 1 66 204 240 78 224 241
106 10 1 66 204 241 78 224 242
107 10 1 66 204 242 78 224 243
108 10 1 66 204 243 78 224 244
109 10 1 66 204 244 78 224 245
110 10 1 55 123 213 67 143 214
111 10 1 55 123 214 67 143 215
112 10 1 55 123 215 67 143 216
113 10 1 55 123 216 67 143 217
114 10 1 55 123 217 67 143 218
115 10 1 55 123 218 67 143 219
116 10 1 55 123 219 67 143 220
117 10 1 55 123 220 67 143 221
118 10 1 55 123 221 67 143 222
119 10 1 55 123 222 67 143 223
120 10 1 55 123 223 67 143 224
121 10 1 55 123 224 67 143 225
122 10 1 55 123 225 67 143 226
123 10 1 55 123 226 67 143 227
124 10 1 55 123 227 67 143 228
125 10 1 55 123 228 67 143 229
126 10 1 55 123 229 67 143 230
127 10 1 55 123 230 67 143 231
128 10 1 55 123 231 67 143 232
129 10 1 55 123 232 67 143 233
130 10 1 55 123 233 67 143 234
131 10 1 55 123 234 67 143 235
132 10 1 55 123 235 67 143 236
133 14 1 66 224 192 99 236 194
134 12 1 166 123 197 215 173 241
135 12 1 215 123 197 264 173 241
136 13 1 166 173 197 206 210 230
137 12 1 201 0 197 251 49 241
138 12 1 201 49 197 251 98 241
139 12 1 206 173 197 256 222 241
140 12 1 251 0 197 300 50 241
141 12 1 251 50 197 300 100 241
142 12 1 256 173 197 305 223 241
143 13 1 264 100 197 301 140 230
144 11 1 305 101 0 431 214 144
145 11 1 431 0 0 544 126 144
146 11 1 544 0 0 657 126 144
147 11 1 657 0 0 770 126 144
148 29 2 0 239 0 25 240 13
149 29 2 25 239 0 38 240 25
150 29 2 264 100 230 289 113 231
151 29 2 264 113 230 289 126 231
152 29 2 264 126 230 289 139 231
153 29 2 264 100 231 289 113 232
154 29 2 264 113 231 289 126 232
155 29 2 264 126 231 289 139 232
156 29 2 264 100 232 289 113 233
157 29 2 264 113 232 289 126 233
158 29 2 264 126 232 289 139 233
159 29 2 264 100 233 289 113 234
160 29 2 264 113 233 289 126 234
161 29 2 264 126 233 289 139 234
162 29 2 264 100 234 289 113 235
163 29 2 264 113 234 289 126 235
164 29 2 264 126 234 289 139 235
165 29 2 264 100 235 289 113 236
166 29 2 264 113 235 289 126 236
167 29 2 264 126 235 289 139 236
168 29 2 264 100 236 289 113 237
169 29 2 264 113 236 289 126 237
170 29 2 264 126 236 289 139 237
171 29 2 264 100 237 289 113 238
172 29 2 264 113 237 289 126 238
173 29 2 264 126 237 289 139 238
174 29 2 264 100 238 289 113 239
175 29 2 264 113 238 289 126 239
176 29 2 264 126 238 289 139 239
177 29 2 264 100 239 289 113 240
178 29 2 264 113 239 289 126 240
179 29 2 264 126 239 289 139 240
180 29 2 264 100 240 289 113 241
181 29 2 264 113 240 289 126 241
182 29 2 264 126 240 289 139 241
183 29 2 264 100 241 289 113 242
184 29 2 264 113 241 289 126 242
185 29 2 264 126 241 289 139 242
186 29 2 38 239 0 51 240 25
187 29 2 51 239 0 76 240 13
188 28 2 166 139 241 206 155 243
189 28 2 206 139 241 246 155 243
190 28 2 166 155 241 206 171 243
191 28 2 206 155 241 246 171 243
192 28 2 166 139 243 206 155 245
193 28 2 206 139 243 246 155 245
194 28 2 166 155 243 206 171 245
195 28 2 206 155 243 246 171 245
196 28 2 66 224 194 106 240 196
197 28 2 66 224 196 106 240 198
198 28 2 66 224 198 106 240 200
199 28 2 66 224 200 106 240 202
200 28 2 66 224 202 106 240 204
201 28 2 66 224 204 106 240 206
202 28 2 66 224 206 106 240 208
203 28 2 66 224 208 106 240 210
204 28 2 66 224 210 106 240 212
205 28 2 66 224 212 106 240 214
206 28 2 66 224 214 106 240 216
207 28 2 66 224 216 106 240 218
208 28 2 66 224 218 106 240 220
209 28 2 66 224 220 106 240 222
210 28 2 66 224 222 106 240 224
211 28 2 66 224 224 106 240 226
212 28 2 66 224 226 106 240 228
213 28 2 66 224 228 106 240 230
214 28 2 66 224 230 106 240 232
215 28 2 66 224 232 106 240 234
216 28 2 66 224 234 106 240 236
217 28 2 66 224 236 106 240 238
218 28 2 66 224 238 106 240 240
219 28 2 66 224 240 106 240 242
220 28 2 66 224 242 106 240 244
221 28 2 246 0 241 262 40 243
222 28 2 246 0 243 262 40 245
223 28 2 246 40 241 262 80 243
224 28 2 246 80 241 262 120 243
225 28 2 246 40 243 262 80 245
226 28 2 246 80 243 262 120 245
227 28 2 246 120 242 286 136 244
228 27 2 301 101 144 344 142 180
229 25 2 301 101 180 370 169 241
230 25 2 305 169 144 374 237 205
231 25 2 374 169 144 443 237 205
232 27 2 305 169 205 348 210 241
233 18 2 370 0 144 471 106 236
234 18 2 471 0 144 572 106 236
235 21 2 572 0 144 664 106 245
236 21 2 664 0 144 756 106 245
237 25 2 443 126 0 512 194 61
238 25 2 512 126 0 581 194 61
239 25 2 581 126 0 650 194 61
240 25 2 650 126 0 719 194 61
241 25 2 719 126 0 788 194 61
242 20 2 443 126 61 550 224 208
243 22 2 550 126 61 640 233 177
244 24 2 550 106 177 627 180 244
245 16 2 640 126 61 758 234 161
246 26 2 640 106 161 717 173 235
247 26 2 640 173 161 717 240 235
248 24 2 717 106 161 794 180 228
249 23 2 770 0 0 855 86 75
250 26 2 770 0 75 847 67 149
251 26 2 770 0 149 847 67 223
252 26 2 794 86 0 871 153 74
253 26 2 794 153 0 871 220 74
254 16 2 794 86 74 902 204 174
255 24 2 794 67 174 868 144 241
256 24 2 794 144 174 868 221 241
257 24 2 868 0 0 942 77 67
258 23 2 868 0 67 954 85 142
259 23 2 868 0 142 954 85 217
260 15 2 902 85 0 1040 221 197
261 23 2 954 0 0 1040 85 75
262 24 2 954 0 75 1028 77 142
263 23 2 954 0 142 1040 85 217
264 16 2 1040 0 0 1148 118 100
265 16 2 1040 118 0 1148 236 100
266 24 2 1040 0 100 1114 77 167
267 24 2 1040 77 100 1114 154 167
268 24 2 1040 154 100 1114 231 167
269 24 2 1040 0 167 1117 74 234
270 23 2 1040 74 167 1126 159 242
271 24 2 1040 159 167 1117 233 234
272 23 2 1148 0 0 1233 86 75
273 17 2 1148 86 0 1302 235 148
274 24 2 1117 159 148 1191 236 215
275 23 2 1148 0 75 1233 86 150
276 23 2 1148 0 150 1233 86 225
277 23 2 1233 0 0 1318 86 75
278 23 2 1233 0 75 1318 86 150
279 23 2 1233 0 150 1319 85 225
