Utilizacion 69.812897 VolCajasEmpacado 59.225514 Duracion[s] 10.429000 Iteraciones 157
0 4 0 0 0 0 77 79 69
1 4 0 0 79 0 77 158 69
2 4 0 0 158 0 77 237 69
3 4 0 0 0 69 77 79 138
4 4 0 0 79 69 77 158 138
5 4 0 0 158 69 77 237 138
6 4 0 0 0 138 77 79 207
7 4 0 0 79 138 77 158 207
8 4 0 0 158 138 77 237 207
9 0 0 0 0 207 65 20 210
10 0 0 0 20 207 65 40 210
11 0 0 0 40 207 65 60 210
12 0 0 0 60 207 65 80 210
13 0 0 0 80 207 65 100 210
14 0 0 0 100 207 65 120 210
15 0 0 0 120 207 65 140 210
16 0 0 0 140 207 65 160 210
17 0 0 0 160 207 65 180 210
18 0 0 0 180 207 65 200 210
19 0 0 0 200 207 65 220 210
20 0 0 0 220 207 65 240 210
21 1 0 0 0 210 20 50 230
22 1 0 0 50 210 20 100 230
23 1 0 0 100 210 20 150 230
24 1 0 0 150 210 20 200 230
25 0 0 0 200 210 65 220 213
26 0 0 0 200 213 65 220 216
27 0 0 0 200 216 65 220 219
28 0 0 0 200 219 65 220 222
29 0 0 0 200 222 65 220 225
30 0 0 0 200 225 65 220 228
31 0 0 0 200 228 65 220 231
32 0 0 0 200 231 65 220 234
33 1 0 0 220 210 50 240 230
34 1 0 20 0 210 70 20 230
35 1 0 20 20 210 70 40 230
36 1 0 20 40 210 70 60 230
37 1 0 20 60 210 70 80 230
38 1 0 20 80 210 70 100 230
39 1 0 20 100 210 70 120 230
40 1 0 20 120 210 70 140 230
41 1 0 20 140 210 70 160 230
42 1 0 20 160 210 70 180 230
43 1 0 20 180 210 70 200 230
44 5 0 77 0 0 274 101 116
45 5 0 77 0 116 274 101 232
46 5 0 77 101 0 178 217 197
47 5 0 178 101 0 279 217 197
48 5 0 279 101 0 380 217 197
49 5 0 380 101 0 481 217 197
50 5 0 481 101 0 582 217 197
51 5 0 582 101 0 683 217 197
52 5 0 683 101 0 784 217 197
53 1 0 77 101 197 97 151 217
54 1 0 77 151 197 97 201 217
55 1 0 70 101 217 90 151 237
56 1 0 70 151 217 90 201 237
57 1 0 77 201 197 127 221 217
58 1 0 65 201 217 115 221 237
59 1 0 97 101 197 147 121 217
60 1 0 147 101 197 197 121 217
61 1 0 197 101 197 247 121 217
62 1 0 247 101 197 297 121 217
63 1 0 297 101 197 347 121 217
64 1 0 347 101 197 397 121 217
65 1 0 397 101 197 447 121 217
66 1 0 447 101 197 497 121 217
67 1 0 97 121 197 147 141 217
68 1 0 147 121 197 197 141 217
69 1 0 197 121 197 247 141 217
70 1 0 247 121 197 297 141 217
71 1 0 297 121 197 347 141 217
72 1 0 347 121 197 397 141 217
73 1 0 397 121 197 447 141 217
74 1 0 447 121 197 497 141 217
75 1 0 97 141 197 147 161 217
76 1 0 147 141 197 197 161 217
77 1 0 197 141 197 247 161 217
78 1 0 247 141 197 297 161 217
79 1 0 297 141 197 347 161 217
80 1 0 347 141 197 397 161 217
81 1 0 397 141 197 447 161 217
82 1 0 447 141 197 497 161 217
83 1 0 97 161 197 147 181 217
84 1 0 147 161 197 197 181 217
85 1 0 197 161 197 247 181 217
86 1 0 247 161 197 297 181 217
87 1 0 297 161 197 347 181 217
88 1 0 347 161 197 397 181 217
89 1 0 397 161 197 447 181 217
90 1 0 447 161 197 497 181 217
91 1 0 97 181 197 147 201 217
92 1 0 147 181 197 197 201 217
93 1 0 197 181 197 247 201 217
94 1 0 247 181 197 297 201 217
95 1 0 297 181 197 347 201 217
96 1 0 347 181 197 397 201 217
97 1 0 397 181 197 447 201 217
98 1 0 447 181 197 497 201 217
99 1 0 127 201 197 177 221 217
100 1 0 177 201 197 227 221 217
101 1 0 227 201 197 277 221 217
102 4 0 274 0 0 351 79 69
103 4 0 351 0 0 428 79 69
104 4 0 428 0 0 505 79 69
105 4 0 505 0 0 582 79 69
106 4 0 582 0 0 659 79 69
107 4 0 659 0 0 736 79 69
108 4 0 736 0 0 813 79 69
109 4 0 813 0 0 890 79 69
110 4 0 890 0 0 967 79 69
111 4 0 967 0 0 1044 79 69
112 4 0 1044 0 0 1121 79 69
113 4 0 1121 0 0 1198 79 69
114 4 0 1198 0 0 1275 79 69
115 4 0 274 0 69 353 77 138
116 4 0 353 0 69 432 77 138
117 4 0 274 0 138 353 77 207
118 4 0 353 0 138 432 77 207
119 1 0 274 0 207 324 20 227
120 2 0 432 0 69 487 58 118
121 2 0 432 0 118 487 58 167
122 2 0 432 0 167 487 58 216
123 3 0 487 0 69 564 74 136
124 3 0 487 0 136 561 77 203
125 2 0 564 0 69 619 58 118
126 2 0 564 0 118 619 58 167
127 2 0 564 0 167 619 58 216
128 2 0 619 0 69 677 55 118
129 2 0 677 0 69 735 55 118
130 2 0 735 0 69 793 55 118
131 2 0 793 0 69 851 55 118
132 2 0 851 0 69 909 55 118
133 2 0 909 0 69 967 55 118
134 7 1 0 221 230 52 239 233
135 7 1 0 221 233 52 239 236
136 7 1 0 221 236 52 239 239
137 6 1 65 237 0 110 240 15
138 6 1 110 237 0 155 240 15
139 6 1 155 237 0 200 240 15
140 6 1 200 237 0 245 240 15
141 6 1 245 237 0 290 240 15
142 6 1 290 237 0 335 240 15
143 6 1 335 237 0 380 240 15
144 6 1 380 237 0 425 240 15
145 6 1 425 237 0 470 240 15
146 6 1 470 237 0 515 240 15
147 6 1 515 237 0 560 240 15
148 6 1 560 237 0 605 240 15
149 7 1 274 79 0 326 97 3
150 7 1 274 79 3 326 97 6
151 7 1 274 79 6 326 97 9
152 7 1 274 79 9 326 97 12
153 7 1 274 79 12 326 97 15
154 7 1 274 0 227 326 18 230
155 7 1 274 0 230 326 18 233
156 7 1 274 0 233 326 18 236
157 7 1 274 0 236 326 18 239
158 7 1 274 0 239 326 18 242
159 7 1 274 79 15 326 97 18
160 7 1 274 79 18 326 97 21
161 7 1 274 79 21 326 97 24
162 7 1 274 79 24 326 97 27
163 7 1 274 58 207 326 76 210
164 7 1 326 58 207 378 76 210
165 7 1 274 58 210 326 76 213
166 7 1 326 58 210 378 76 213
167 7 1 274 58 213 326 76 216
168 7 1 326 58 213 378 76 216
169 7 1 274 58 216 326 76 219
170 7 1 326 58 216 378 76 219
171 7 1 274 58 219 326 76 222
172 7 1 326 58 219 378 76 222
173 10 1 619 0 118 694 85 204
174 8 1 694 0 118 762 57 182
175 8 1 762 0 118 830 57 182
176 8 1 830 0 118 898 57 182
177 8 1 898 0 118 966 57 182
178 8 1 694 0 182 762 64 239
179 8 1 762 0 182 830 64 239
180 8 1 830 0 182 898 64 239
181 8 1 898 0 182 966 64 239
182 10 1 967 0 69 1042 85 155
183 8 1 784 79 0 848 147 57
184 8 1 848 79 0 912 147 57
185 8 1 784 147 0 848 215 57
186 8 1 848 147 0 912 215 57
187 10 1 966 0 155 1051 75 241
188 10 1 784 79 57 859 164 143
189 10 1 784 64 143 859 149 229
190 8 1 784 164 57 848 221 125
191 8 1 784 164 125 841 232 189
192 9 1 848 164 57 925 231 131
193 9 1 848 164 131 925 231 205
194 10 1 1051 0 69 1137 85 144
195 10 1 1051 0 144 1137 85 219
196 8 1 859 79 57 916 147 121
197 10 1 859 64 121 945 139 206
198 8 1 925 139 0 989 196 68
199 8 1 925 139 68 989 207 125
200 8 1 925 139 125 993 203 182
201 8 1 925 139 182 989 207 239
202 8 1 993 85 0 1057 142 68
203 8 1 1057 85 0 1121 142 68
204 8 1 1121 85 0 1185 142 68
205 8 1 1185 85 0 1249 142 68
206 8 1 993 142 0 1057 199 68
207 8 1 1057 142 0 1121 199 68
208 8 1 1121 142 0 1185 199 68
209 8 1 1185 142 0 1249 199 68
210 12 2 1137 0 69 1229 95 151
211 12 2 1137 0 151 1229 95 233
212 12 2 1229 0 69 1321 95 151
213 12 2 1229 0 151 1321 95 233
214 12 2 993 85 68 1075 177 163
215 12 2 993 85 163 1088 177 245
216 11 2 1088 95 68 1163 181 153
217 11 2 1088 95 153 1163 181 238
218 13 2 1163 95 68 1271 213 168
219 11 2 1271 95 0 1346 181 85
220 11 2 1271 95 85 1346 181 170
