Utilizacion 81.134233 VolCajasEmpacado 93.626988 Duracion[s] 51.789000 Iteraciones 332
0 1 0 0 0 0 139 88 25
1 1 0 139 0 0 278 88 25
2 1 0 278 0 0 417 88 25
3 1 0 417 0 0 556 88 25
4 1 0 556 0 0 695 88 25
5 1 0 695 0 0 834 88 25
6 1 0 834 0 0 973 88 25
7 1 0 973 0 0 1112 88 25
8 1 0 0 0 25 88 139 50
9 1 0 0 0 50 88 139 75
10 1 0 0 0 75 88 139 100
11 1 0 0 0 100 88 139 125
12 1 0 0 0 125 88 139 150
13 1 0 0 0 150 88 139 175
14 1 0 0 0 175 88 139 200
15 1 0 0 0 200 88 139 225
16 1 0 0 139 0 88 164 139
17 1 0 88 139 0 176 164 139
18 1 0 176 139 0 264 164 139
19 1 0 264 139 0 352 164 139
20 1 0 352 139 0 440 164 139
21 1 0 440 139 0 528 164 139
22 1 0 528 139 0 616 164 139
23 1 0 616 139 0 704 164 139
24 1 0 704 139 0 792 164 139
25 1 0 792 139 0 880 164 139
26 1 0 880 139 0 968 164 139
27 1 0 968 139 0 1056 164 139
28 1 0 1056 139 0 1144 164 139
29 1 0 0 139 139 139 164 227
30 1 0 139 139 139 278 164 227
31 1 0 278 139 139 417 164 227
32 1 0 417 139 139 556 164 227
33 1 0 556 139 139 695 164 227
34 1 0 695 139 139 834 164 227
35 1 0 834 139 139 973 164 227
36 1 0 973 139 139 1112 164 227
37 1 0 88 0 25 176 139 50
38 1 0 88 0 50 176 139 75
39 1 0 88 0 75 176 139 100
40 1 0 88 0 100 176 139 125
41 1 0 88 0 125 176 139 150
42 0 0 0 164 0 99 227 106
43 0 0 99 164 0 198 227 106
44 0 0 198 164 0 297 227 106
45 0 0 297 164 0 396 227 106
46 0 0 396 164 0 495 227 106
47 0 0 495 164 0 594 227 106
48 0 0 594 164 0 693 227 106
49 0 0 693 164 0 792 227 106
50 0 0 792 164 0 891 227 106
51 0 0 891 164 0 990 227 106
52 0 0 990 164 0 1089 227 106
53 0 0 1089 164 0 1188 227 106
54 0 0 0 164 106 99 227 212
55 0 0 99 164 106 198 227 212
56 0 0 198 164 106 297 227 212
57 0 0 297 164 106 396 227 212
58 0 0 396 164 106 495 227 212
59 0 0 495 164 106 594 227 212
60 0 0 594 164 106 693 227 212
61 0 0 693 164 106 792 227 212
62 0 0 792 164 106 891 227 212
63 0 0 891 164 106 990 227 212
64 0 0 990 164 106 1089 227 212
65 0 0 1089 164 106 1188 227 212
66 1 0 88 0 150 113 139 238
67 2 1 0 164 212 38 189 237
68 2 1 0 189 212 25 227 237
69 2 1 25 189 212 63 214 237
70 2 1 38 164 212 76 189 237
71 2 1 63 189 212 88 227 237
72 2 1 76 164 212 114 189 237
73 2 1 114 164 212 152 189 237
74 2 1 152 164 212 190 189 237
75 2 1 190 164 212 228 189 237
76 2 1 228 164 212 266 189 237
77 2 1 266 164 212 304 189 237
78 2 1 304 164 212 342 189 237
79 2 1 342 164 212 380 189 237
80 2 1 380 164 212 418 189 237
81 2 1 418 164 212 456 189 237
82 2 1 456 164 212 494 189 237
83 2 1 494 164 212 532 189 237
84 2 1 532 164 212 570 189 237
85 2 1 570 164 212 608 189 237
86 2 1 608 164 212 646 189 237
87 2 1 646 164 212 684 189 237
88 2 1 684 164 212 722 189 237
89 2 1 722 164 212 760 189 237
90 2 1 760 164 212 798 189 237
91 2 1 798 164 212 836 189 237
92 2 1 836 164 212 874 189 237
93 2 1 874 164 212 912 189 237
94 2 1 912 164 212 950 189 237
95 2 1 950 164 212 988 189 237
96 2 1 988 164 212 1026 189 237
97 2 1 1026 164 212 1064 189 237
98 2 1 1064 164 212 1102 189 237
99 2 1 1102 164 212 1140 189 237
100 2 1 88 189 212 113 227 237
101 2 1 113 189 212 151 214 237
102 2 1 151 189 212 189 214 237
103 2 1 189 189 212 227 214 237
104 2 1 227 189 212 265 214 237
105 2 1 265 189 212 303 214 237
106 2 1 303 189 212 341 214 237
107 2 1 341 189 212 379 214 237
108 2 1 379 189 212 417 214 237
109 2 1 417 189 212 455 214 237
110 2 1 455 189 212 493 214 237
111 2 1 493 189 212 531 214 237
112 2 1 531 189 212 569 214 237
113 2 1 569 189 212 607 214 237
114 2 1 607 189 212 645 214 237
115 2 1 645 189 212 683 214 237
116 2 1 683 189 212 721 214 237
117 2 1 721 189 212 759 214 237
118 2 1 759 189 212 797 214 237
119 2 1 797 189 212 835 214 237
120 2 1 835 189 212 873 214 237
121 2 1 873 189 212 911 214 237
122 2 1 911 189 212 949 214 237
123 2 1 949 189 212 987 214 237
124 2 1 987 189 212 1025 214 237
125 2 1 1025 189 212 1063 214 237
126 2 1 1063 189 212 1101 214 237
127 2 1 1101 189 212 1139 214 237
128 2 1 1139 189 212 1177 214 237
129 3 1 113 0 150 176 50 188
130 3 1 113 50 150 176 100 188
131 3 1 113 0 188 176 50 226
132 3 1 113 50 188 176 100 226
133 3 1 113 100 150 176 138 200
134 2 1 113 100 200 138 138 225
135 2 1 138 100 200 176 125 225
136 2 1 176 88 0 201 126 25
137 4 1 176 0 25 404 40 89
138 4 1 404 0 25 632 40 89
139 4 1 632 0 25 860 40 89
140 4 1 860 0 25 1088 40 89
141 4 1 176 40 25 404 80 89
142 4 1 404 40 25 632 80 89
143 4 1 632 40 25 860 80 89
144 4 1 860 40 25 1088 80 89
145 4 1 176 0 89 404 40 153
146 4 1 404 0 89 632 40 153
147 4 1 632 0 89 860 40 153
148 4 1 860 0 89 1088 40 153
149 4 1 176 40 89 404 80 153
150 4 1 404 40 89 632 80 153
151 4 1 632 40 89 860 80 153
152 4 1 860 40 89 1088 80 153
153 4 1 176 0 153 404 40 217
154 4 1 404 0 153 632 40 217
155 4 1 632 0 153 860 40 217
156 4 1 860 0 153 1088 40 217
157 4 1 176 40 153 404 80 217
158 4 1 404 40 153 632 80 217
159 4 1 632 40 153 860 80 217
160 4 1 860 40 153 1088 80 217
161 3 1 176 80 25 214 130 88
162 3 1 176 80 88 239 118 138
163 3 1 176 80 138 239 118 188
164 3 1 176 80 188 239 118 238
165 3 1 239 88 0 289 126 63
166 3 1 289 88 0 339 126 63
167 3 1 339 88 0 389 126 63
168 3 1 389 88 0 439 126 63
169 3 1 439 88 0 489 126 63
170 3 1 489 88 0 539 126 63
171 3 1 539 88 0 589 126 63
172 3 1 589 88 0 639 126 63
173 3 1 639 88 0 689 126 63
174 3 1 689 88 0 739 126 63
175 3 1 739 88 0 789 126 63
176 3 1 789 88 0 839 126 63
177 3 1 839 88 0 889 126 63
178 3 1 889 88 0 939 126 63
179 3 1 939 88 0 989 126 63
180 3 1 989 88 0 1039 126 63
181 3 1 1039 88 0 1089 126 63
182 3 1 1089 88 0 1139 126 63
183 3 1 1139 88 0 1189 126 63
184 4 1 239 80 63 467 120 127
185 3 1 239 80 127 277 130 190
186 3 1 239 80 190 302 130 228
187 3 1 302 80 127 340 130 190
188 3 1 340 80 127 378 130 190
189 3 1 378 80 127 416 130 190
190 3 1 416 80 127 454 130 190
191 2 1 302 80 190 327 105 228
192 2 1 302 105 190 327 130 228
193 2 1 327 105 190 352 130 228
194 2 1 352 105 190 377 130 228
195 2 1 377 105 190 402 130 228
196 2 1 402 105 190 427 130 228
197 2 1 427 105 190 452 130 228
198 2 1 327 80 190 352 105 228
199 2 1 352 80 190 377 105 228
200 2 1 377 80 190 402 105 228
201 2 1 402 80 190 427 105 228
202 2 1 427 80 190 452 105 228
203 2 1 454 80 127 479 105 165
204 2 1 454 105 127 479 130 165
205 2 1 454 80 165 492 105 190
206 2 1 454 105 165 492 130 190
207 2 1 492 80 63 530 105 88
208 2 1 492 105 63 530 130 88
209 3 1 492 80 88 530 130 151
210 3 1 492 80 151 555 118 201
211 2 1 555 80 63 580 105 101
212 2 1 555 105 63 580 130 101
213 2 1 555 80 101 593 105 126
214 3 1 555 80 126 618 130 164
215 3 1 555 80 164 618 130 202
216 3 1 618 80 63 656 130 126
217 3 1 656 80 63 694 130 126
218 3 1 694 80 63 732 130 126
219 3 1 732 80 63 770 130 126
220 3 1 770 80 63 808 130 126
221 3 1 808 80 63 846 130 126
222 3 1 846 80 63 884 130 126
223 2 1 618 80 126 643 105 164
224 2 1 618 105 126 643 130 164
225 2 1 618 80 164 656 105 189
226 2 1 618 105 164 656 130 189
227 2 1 618 80 189 643 118 214
228 2 1 643 80 189 668 105 227
229 2 1 643 105 189 668 130 227
230 2 1 668 80 126 693 118 151
231 2 1 668 80 151 706 105 176
232 2 1 668 80 176 693 118 201
233 2 1 693 80 176 718 118 201
234 2 1 718 80 126 743 105 164
235 2 1 718 105 126 743 130 164
236 2 1 718 80 164 756 105 189
237 2 1 718 105 164 756 130 189
238 2 1 718 80 189 743 118 214
239 2 1 743 80 189 768 105 227
240 2 1 743 105 189 768 130 227
241 2 1 768 80 126 793 105 164
242 2 1 768 105 126 793 130 164
243 2 1 768 80 164 806 105 189
244 2 1 768 80 189 793 118 214
245 2 1 793 80 189 818 105 227
246 2 1 793 105 126 818 130 164
247 2 1 793 105 164 831 130 189
248 2 1 818 80 126 843 105 164
249 2 1 818 80 164 856 105 189
250 2 1 831 105 126 856 130 164
251 2 1 831 105 164 869 130 189
252 2 1 856 80 126 894 105 151
253 2 1 869 105 126 894 130 164
254 2 1 894 80 63 932 105 88
255 2 1 894 105 63 932 130 88
256 2 1 932 80 63 970 105 88
257 2 1 932 105 63 970 130 88
258 2 1 970 80 63 995 118 88
259 5 1 1112 0 0 1193 66 114
260 5 1 1112 0 114 1193 66 228
261 5 1 1088 66 63 1169 132 177
