Utilizacion 74.901965 VolCajasEmpacado 49.077689 Duracion[s] 20.034000 Iteraciones 177
0 9 0 0 0 0 168 195 155
1 9 0 168 0 0 336 195 155
2 9 0 336 0 0 504 195 155
3 9 0 504 0 0 672 195 155
4 9 0 672 0 0 840 195 155
5 0 0 0 0 155 67 77 229
6 0 0 0 77 155 67 154 229
7 0 0 0 154 155 67 231 229
8 5 0 67 195 0 104 228 40
9 5 0 67 0 155 100 40 192
10 5 0 67 0 192 100 40 229
11 7 0 67 40 155 121 101 215
12 7 0 67 101 155 121 162 215
13 7 0 67 162 155 121 223 215
14 5 0 100 0 155 140 33 192
15 0 0 121 33 155 198 100 229
16 0 0 198 33 155 275 100 229
17 0 0 121 100 155 198 167 229
18 0 0 198 100 155 275 167 229
19 7 0 121 167 155 182 221 215
20 7 0 182 167 155 243 221 215
21 8 0 243 167 155 287 216 205
22 4 0 275 0 155 367 95 237
23 4 0 367 0 155 459 95 237
24 4 0 459 0 155 551 95 237
25 4 0 551 0 155 643 95 237
26 4 0 643 0 155 735 95 237
27 4 0 735 0 155 827 95 237
28 0 0 275 95 155 352 162 229
29 4 0 352 95 155 444 190 237
30 6 0 444 95 155 518 172 222
31 6 0 518 95 155 592 172 222
32 1 0 840 0 0 940 116 129
33 1 0 840 116 0 940 232 129
34 1 0 840 0 129 969 100 245
35 1 0 840 100 129 940 229 245
36 1 0 940 100 0 1056 200 129
37 1 0 940 100 129 1069 216 229
38 1 0 969 0 0 1098 100 116
39 1 0 1098 0 0 1227 100 116
40 1 0 969 0 116 1098 100 232
41 1 0 1069 100 0 1198 216 100
42 1 0 1098 0 116 1214 100 245
43 1 0 1069 100 100 1185 229 200
44 1 0 1198 100 0 1298 229 116
45 1 0 1185 100 116 1285 216 245
46 1 0 1227 0 0 1343 100 129
47 1 0 1214 0 129 1343 100 245
