Utilizacion 68.264334 VolCajasEmpacado 88.425054 Duracion[s] 16.057000 Iteraciones 17
0 8 0 0 0 0 45 41 46
1 6 0 0 41 0 42 81 38
2 6 0 0 81 0 42 121 38
3 6 0 0 121 0 42 161 38
4 6 0 0 161 0 42 201 38
5 7 0 0 0 46 60 61 100
6 7 0 0 0 100 60 61 154
7 7 0 0 0 154 60 61 208
8 2 0 0 0 208 14 31 209
9 2 0 0 31 208 14 62 209
10 2 0 0 0 209 14 31 210
11 2 0 0 31 209 14 62 210
12 2 0 0 0 210 14 31 211
13 2 0 0 31 210 14 62 211
14 2 0 0 0 211 14 31 212
15 2 0 0 31 211 14 62 212
16 2 0 0 0 212 14 31 213
17 2 0 0 31 212 14 62 213
18 2 0 0 0 213 14 31 214
19 2 0 0 31 213 14 62 214
20 2 0 0 0 214 14 31 215
21 2 0 0 31 214 14 62 215
22 2 0 0 0 215 14 31 216
23 2 0 0 31 215 14 62 216
24 2 0 0 0 216 14 31 217
25 2 0 0 31 216 14 62 217
26 2 0 0 0 217 14 31 218
27 2 0 0 31 217 14 62 218
28 4 0 0 62 38 22 112 40
29 4 0 22 62 38 44 112 40
30 4 0 0 62 40 22 112 42
31 4 0 22 62 40 44 112 42
32 4 0 0 62 42 22 112 44
33 4 0 22 62 42 44 112 44
34 4 0 0 62 44 22 112 46
35 4 0 22 62 44 44 112 46
36 4 0 0 62 46 22 112 48
37 4 0 22 62 46 44 112 48
38 4 0 0 62 48 22 112 50
39 4 0 22 62 48 44 112 50
40 4 0 0 62 50 22 112 52
41 4 0 22 62 50 44 112 52
42 4 0 0 62 52 22 112 54
43 4 0 22 62 52 44 112 54
44 4 0 0 62 54 22 112 56
45 4 0 22 62 54 44 112 56
46 4 0 0 62 56 22 112 58
47 4 0 22 62 56 44 112 58
48 5 0 0 201 0 34 238 30
49 5 0 34 201 0 68 238 30
50 5 0 68 201 0 102 238 30
51 5 0 102 201 0 136 238 30
52 5 0 136 201 0 170 238 30
53 5 0 170 201 0 204 238 30
54 5 0 204 201 0 238 238 30
55 5 0 238 201 0 272 238 30
56 5 0 272 201 0 306 238 30
57 5 0 306 201 0 340 238 30
58 7 0 0 62 58 60 123 112
59 7 0 0 62 112 60 123 166
60 7 0 0 62 166 60 123 220
61 8 0 0 123 38 46 168 79
62 8 0 0 168 38 46 213 79
63 8 0 0 123 79 46 168 120
64 8 0 0 168 79 46 213 120
65 8 0 0 123 120 46 168 161
66 8 0 0 168 120 46 213 161
67 8 0 0 123 161 46 168 202
68 8 0 0 168 161 46 213 202
69 6 0 0 123 202 40 165 240
70 6 0 0 165 202 40 207 240
71 7 0 46 123 0 100 184 60
72 8 0 46 123 60 91 169 101
73 7 0 46 123 101 100 183 162
74 7 0 46 184 30 106 238 91
75 7 0 106 184 30 166 238 91
76 6 0 46 123 162 88 163 200
77 6 0 46 163 162 88 203 200
78 6 0 46 123 200 88 163 238
79 6 0 46 163 200 88 203 238
80 3 0 60 0 0 176 101 197
81 3 0 176 0 0 292 101 197
82 9 0 88 183 91 143 238 140
83 9 0 88 183 140 143 238 189
84 9 0 88 183 189 143 238 238
85 9 0 100 101 0 155 156 49
86 9 0 100 101 49 155 156 98
87 9 0 100 101 98 155 156 147
88 9 0 100 101 147 155 156 196
89 9 0 100 101 196 155 156 245
90 9 0 155 101 0 210 156 49
91 9 0 155 101 49 210 156 98
92 0 0 210 101 0 332 187 123
93 1 0 155 101 123 275 181 236
94 14 1 0 156 240 12 189 242
95 14 1 12 156 240 24 189 242
96 14 1 24 156 240 36 189 242
97 10 1 0 156 242 20 168 243
98 10 1 20 156 242 40 168 243
99 10 1 0 156 243 20 168 244
100 10 1 20 156 243 40 168 244
101 10 1 0 156 244 20 168 245
102 10 1 20 156 244 40 168 245
103 10 1 0 168 242 20 180 243
104 10 1 20 168 242 40 180 243
105 10 1 0 180 242 20 192 243
106 10 1 20 180 242 40 192 243
107 10 1 0 168 243 20 180 244
108 10 1 20 168 243 40 180 244
109 10 1 0 180 243 20 192 244
110 10 1 20 180 243 40 192 244
111 10 1 0 168 244 20 180 245
112 10 1 20 168 244 40 180 245
113 10 1 0 180 244 20 192 245
114 10 1 20 180 244 40 192 245
115 10 1 0 192 240 20 204 241
116 10 1 0 192 241 20 204 242
117 10 1 0 192 242 20 204 243
118 10 1 0 192 243 20 204 244
119 10 1 0 192 244 20 204 245
120 13 1 14 0 208 54 37 241
121 14 1 0 0 241 33 12 243
122 14 1 0 12 241 33 24 243
123 14 1 0 24 241 33 36 243
124 10 1 0 0 243 12 20 244
125 10 1 0 20 243 12 40 244
126 10 1 0 0 244 20 12 245
127 10 1 12 12 243 32 24 244
128 10 1 12 12 244 32 24 245
129 10 1 0 24 244 20 36 245
130 10 1 20 0 243 40 12 244
131 14 1 33 12 241 45 45 243
132 14 1 33 12 243 45 45 245
133 14 1 45 0 241 57 33 243
134 14 1 45 0 243 57 33 245
135 12 1 60 0 197 110 49 241
136 12 1 60 49 197 110 98 241
137 12 1 110 0 197 160 49 241
138 12 1 160 0 197 210 49 241
139 12 1 210 0 197 260 49 241
140 12 1 260 0 197 310 49 241
141 12 1 110 49 197 160 98 241
142 13 1 160 49 197 197 89 230
143 12 1 143 187 91 187 237 140
144 11 1 332 0 0 445 126 144
145 11 1 340 126 0 466 239 144
146 11 1 445 0 0 558 126 144
147 11 1 558 0 0 671 126 144
148 29 2 0 98 220 25 99 233
149 29 2 0 99 220 13 100 245
150 29 2 13 99 220 26 100 245
151 29 2 26 99 220 39 100 245
152 29 2 39 99 220 52 100 245
153 29 2 52 99 220 65 100 245
154 29 2 0 100 220 13 101 245
155 29 2 13 100 220 26 101 245
156 29 2 26 100 220 39 101 245
157 29 2 39 100 220 52 101 245
158 29 2 52 100 220 65 101 245
159 29 2 0 239 0 25 240 13
160 29 2 25 239 0 50 240 13
161 29 2 50 239 0 75 240 13
162 29 2 75 239 0 100 240 13
163 29 2 100 239 0 125 240 13
164 29 2 125 239 0 150 240 13
165 29 2 150 239 0 175 240 13
166 29 2 175 239 0 200 240 13
167 29 2 200 239 0 225 240 13
168 29 2 225 239 0 250 240 13
169 29 2 250 239 0 275 240 13
170 29 2 275 239 0 300 240 13
171 29 2 300 239 0 325 240 13
172 29 2 325 239 0 350 240 13
173 29 2 350 239 0 375 240 13
174 29 2 375 239 0 400 240 13
175 29 2 400 239 0 425 240 13
176 29 2 425 239 0 450 240 13
177 29 2 450 239 0 475 240 13
178 29 2 475 239 0 500 240 13
179 29 2 500 239 0 525 240 13
180 29 2 525 239 0 550 240 13
181 29 2 550 239 0 575 240 13
182 29 2 575 239 0 600 240 13
183 29 2 600 239 0 625 240 13
184 29 2 625 239 0 650 240 13
185 29 2 650 239 0 675 240 13
186 29 2 675 239 0 700 240 13
187 29 2 700 239 0 725 240 13
188 28 2 20 192 240 60 208 242
189 28 2 20 192 242 60 208 244
190 28 2 45 33 241 85 49 243
191 28 2 85 33 241 125 49 243
192 28 2 125 33 241 165 49 243
193 28 2 45 49 241 85 65 243
194 28 2 85 49 241 125 65 243
195 28 2 125 49 241 165 65 243
196 28 2 45 65 241 85 81 243
197 28 2 85 65 241 125 81 243
198 28 2 125 65 241 165 81 243
199 28 2 45 81 241 85 97 243
200 28 2 85 81 241 125 97 243
201 28 2 125 81 241 165 97 243
202 28 2 45 33 243 85 49 245
203 28 2 85 33 243 125 49 245
204 28 2 125 33 243 165 49 245
205 28 2 45 49 243 85 65 245
206 28 2 85 49 243 125 65 245
207 28 2 125 49 243 165 65 245
208 28 2 45 65 243 85 81 245
209 28 2 85 65 243 125 81 245
210 28 2 125 65 243 165 81 245
211 28 2 45 81 243 85 97 245
212 28 2 85 81 243 125 97 245
213 28 2 125 81 243 165 97 245
214 28 2 57 0 241 97 16 243
215 28 2 57 16 241 97 32 243
216 28 2 57 0 243 97 16 245
217 28 2 57 16 243 97 32 245
218 28 2 40 156 238 80 172 240
219 28 2 40 156 240 80 172 242
220 28 2 40 156 242 80 172 244
221 28 2 40 172 238 80 188 240
222 28 2 40 172 240 80 188 242
223 28 2 40 172 242 80 188 244
224 28 2 97 0 241 137 16 243
225 28 2 97 16 241 137 32 243
226 28 2 97 0 243 137 16 245
227 28 2 97 16 243 137 32 245
228 27 2 197 49 197 238 92 233
229 27 2 238 49 197 279 92 233
230 21 2 292 49 144 384 155 245
231 23 2 384 0 144 469 86 219
232 23 2 384 86 144 469 172 219
233 24 2 469 0 144 546 74 211
234 24 2 546 0 144 623 74 211
235 24 2 623 0 144 700 74 211
236 24 2 469 74 144 546 148 211
237 24 2 546 74 144 623 148 211
238 24 2 623 74 144 700 148 211
239 26 2 466 172 0 543 239 74
240 26 2 543 172 0 620 239 74
241 26 2 620 172 0 697 239 74
242 26 2 697 172 0 774 239 74
243 26 2 774 172 0 851 239 74
244 26 2 851 172 0 928 239 74
245 25 2 466 172 74 535 240 135
246 25 2 535 172 74 604 240 135
247 25 2 604 172 74 673 240 135
248 25 2 673 172 74 742 240 135
249 25 2 466 172 135 535 240 196
250 25 2 535 172 135 604 240 196
251 25 2 604 172 135 673 240 196
252 25 2 673 172 135 742 240 196
253 23 2 700 0 0 786 85 75
254 23 2 700 85 0 786 170 75
255 23 2 700 0 75 785 86 150
256 23 2 700 0 150 785 86 225
257 23 2 700 86 75 786 171 150
258 24 2 700 86 150 777 160 217
259 19 2 786 0 0 966 171 163
260 23 2 777 86 163 862 172 238
261 23 2 862 86 163 947 172 238
262 23 2 785 0 163 870 86 238
263 23 2 870 0 163 955 86 238
264 16 2 966 0 0 1084 108 100
265 16 2 966 0 100 1074 118 200
266 18 2 966 118 0 1072 219 92
267 22 2 966 118 92 1056 225 208
268 21 2 1072 118 0 1164 224 101
269 24 2 1056 118 101 1133 192 168
270 24 2 1056 118 168 1133 192 235
271 16 2 1084 0 0 1202 108 100
272 24 2 1164 0 100 1238 77 167
273 24 2 1164 0 167 1238 77 234
274 23 2 1074 0 100 1159 86 175
275 24 2 1074 0 175 1148 77 242
276 16 2 1164 108 0 1272 226 100
277 20 2 1238 0 0 1336 107 147
278 18 2 1164 107 100 1265 213 192
