Utilizacion 68.219385 VolCajasEmpacado 57.873664 Duracion[s] 45.380000 Iteraciones 220
0 4 0 0 0 0 77 79 69
1 4 0 0 79 0 77 158 69
2 4 0 0 158 0 77 237 69
3 4 0 0 0 69 77 79 138
4 4 0 0 79 69 77 158 138
5 4 0 0 158 69 77 237 138
6 4 0 0 0 138 77 79 207
7 4 0 0 79 138 77 158 207
8 4 0 0 158 138 77 237 207
9 1 0 0 0 207 20 50 227
10 0 0 0 0 227 20 65 230
11 0 0 0 0 230 20 65 233
12 0 0 0 0 233 20 65 236
13 0 0 0 0 236 20 65 239
14 0 0 0 0 239 20 65 242
15 0 0 0 0 242 20 65 245
16 0 0 0 65 207 65 85 210
17 0 0 0 85 207 65 105 210
18 0 0 0 105 207 65 125 210
19 0 0 0 125 207 65 145 210
20 0 0 0 145 207 65 165 210
21 0 0 0 165 207 65 185 210
22 0 0 0 185 207 65 205 210
23 0 0 0 205 207 65 225 210
24 1 0 0 65 210 50 85 230
25 1 0 0 85 210 20 135 230
26 1 0 20 85 210 40 135 230
27 1 0 40 85 210 60 135 230
28 1 0 0 135 210 20 185 230
29 1 0 20 135 210 40 185 230
30 1 0 40 135 210 60 185 230
31 1 0 0 185 210 20 235 230
32 1 0 20 185 210 40 235 230
33 1 0 40 185 210 60 235 230
34 0 0 0 65 230 65 85 233
35 0 0 0 65 233 65 85 236
36 0 0 0 65 236 65 85 239
37 0 0 0 65 239 65 85 242
38 0 0 0 65 242 65 85 245
39 0 0 0 85 230 65 105 233
40 1 0 20 0 207 70 20 227
41 1 0 20 20 207 70 40 227
42 1 0 20 40 207 70 60 227
43 1 0 65 60 207 85 110 227
44 1 0 65 110 207 85 160 227
45 1 0 65 160 207 85 210 227
46 2 0 77 0 0 135 55 49
47 2 0 135 0 0 193 55 49
48 2 0 193 0 0 251 55 49
49 2 0 251 0 0 309 55 49
50 2 0 309 0 0 367 55 49
51 2 0 367 0 0 425 55 49
52 2 0 425 0 0 483 55 49
53 2 0 483 0 0 541 55 49
54 2 0 541 0 0 599 55 49
55 2 0 599 0 0 657 55 49
56 2 0 657 0 0 715 55 49
57 2 0 715 0 0 773 55 49
58 1 0 77 0 49 127 20 69
59 1 0 127 0 49 177 20 69
60 1 0 177 0 49 227 20 69
61 1 0 227 0 49 277 20 69
62 1 0 277 0 49 327 20 69
63 1 0 327 0 49 377 20 69
64 1 0 377 0 49 427 20 69
65 1 0 427 0 49 477 20 69
66 1 0 477 0 49 527 20 69
67 1 0 527 0 49 577 20 69
68 1 0 577 0 49 627 20 69
69 1 0 627 0 49 677 20 69
70 1 0 677 0 49 727 20 69
71 1 0 727 0 49 777 20 69
72 1 0 77 210 0 127 230 20
73 1 0 77 20 49 127 40 69
74 1 0 127 20 49 177 40 69
75 1 0 177 20 49 227 40 69
76 1 0 227 20 49 277 40 69
77 1 0 277 20 49 327 40 69
78 1 0 327 20 49 377 40 69
79 1 0 377 20 49 427 40 69
80 1 0 427 20 49 477 40 69
81 1 0 477 20 49 527 40 69
82 1 0 527 20 49 577 40 69
83 1 0 577 20 49 627 40 69
84 1 0 627 20 49 677 40 69
85 1 0 677 20 49 727 40 69
86 1 0 77 40 49 127 60 69
87 1 0 127 40 49 177 60 69
88 1 0 177 40 49 227 60 69
89 1 0 227 40 49 277 60 69
90 1 0 277 40 49 327 60 69
91 1 0 327 40 49 377 60 69
92 1 0 377 40 49 427 60 69
93 1 0 427 40 49 477 60 69
94 1 0 477 40 49 527 60 69
95 1 0 527 40 49 577 60 69
96 1 0 577 40 49 627 60 69
97 1 0 627 40 49 677 60 69
98 1 0 677 40 49 727 60 69
99 1 0 727 20 49 747 70 69
100 1 0 85 60 0 135 80 20
101 1 0 85 80 0 135 100 20
102 1 0 85 100 0 135 120 20
103 1 0 85 120 0 135 140 20
104 1 0 85 140 0 135 160 20
105 1 0 85 160 0 135 180 20
106 5 0 135 60 0 332 161 116
107 5 0 135 60 116 332 161 232
108 4 0 135 161 0 212 240 69
109 4 0 135 161 69 212 240 138
110 4 0 135 161 138 212 240 207
111 4 0 212 161 0 291 238 69
112 3 0 212 161 69 286 238 136
113 4 0 212 161 136 289 240 205
114 4 0 332 0 69 409 79 138
115 4 0 291 161 0 370 238 69
116 4 0 332 0 138 409 79 207
117 3 0 332 79 0 406 156 67
118 4 0 332 79 67 411 156 136
119 4 0 332 79 136 411 156 205
120 4 0 370 156 0 447 235 69
121 4 0 411 60 0 488 139 69
122 4 0 488 60 0 565 139 69
123 4 0 565 60 0 642 139 69
124 4 0 642 60 0 719 139 69
125 5 0 447 139 0 644 240 116
126 5 0 447 139 116 644 240 232
127 4 0 289 161 69 366 240 138
128 4 0 289 161 138 366 240 207
129 5 0 644 139 0 760 240 197
130 5 0 760 139 0 876 240 197
131 5 0 876 139 0 992 240 197
132 5 0 992 139 0 1108 240 197
133 5 0 1108 139 0 1224 240 197
134 7 1 0 85 233 52 103 236
135 7 1 0 85 236 52 103 239
136 7 1 0 85 239 52 103 242
137 7 1 0 85 242 52 103 245
138 6 1 20 0 227 35 45 230
139 6 1 35 0 227 50 45 230
140 6 1 50 0 227 65 45 230
141 6 1 20 0 230 35 45 233
142 6 1 35 0 230 50 45 233
143 6 1 50 0 230 65 45 233
144 6 1 20 0 233 65 15 236
145 6 1 20 15 233 65 30 236
146 6 1 20 30 233 65 45 236
147 6 1 20 0 236 65 15 239
148 6 1 20 15 236 65 30 239
149 6 1 20 30 236 65 45 239
150 7 1 20 0 239 38 52 242
151 7 1 38 0 239 56 52 242
152 7 1 56 0 239 74 52 242
153 7 1 20 0 242 72 18 245
154 7 1 20 18 242 72 36 245
155 7 1 20 36 242 72 54 245
156 7 1 332 0 207 350 52 210
157 7 1 332 52 207 350 104 210
158 7 1 332 0 210 350 52 213
159 7 1 332 52 210 350 104 213
160 7 1 332 0 213 350 52 216
161 7 1 332 52 213 350 104 216
162 7 1 332 0 216 350 52 219
163 7 1 332 52 216 350 104 219
164 7 1 332 0 219 350 52 222
165 7 1 332 52 219 350 104 222
166 7 1 332 104 205 384 122 208
167 7 1 332 104 208 384 122 211
168 7 1 332 104 211 384 122 214
169 7 1 332 104 214 384 122 217
170 7 1 332 104 217 384 122 220
171 7 1 332 104 220 384 122 223
172 7 1 332 104 223 384 122 226
173 8 1 409 0 69 473 68 126
174 8 1 409 0 126 477 57 190
175 9 1 411 68 69 488 135 143
176 8 1 411 57 143 479 114 207
177 8 1 477 0 69 541 57 137
178 8 1 541 0 69 605 57 137
179 8 1 605 0 69 669 57 137
180 8 1 479 0 137 536 64 205
181 8 1 488 64 69 552 121 137
182 8 1 552 64 69 616 121 137
183 8 1 616 64 69 680 121 137
184 8 1 488 64 137 545 128 205
185 8 1 545 0 137 602 64 205
186 10 1 545 64 137 631 139 222
187 8 1 631 0 137 695 57 205
188 8 1 631 57 137 695 114 205
189 10 1 695 0 69 781 75 154
190 10 1 695 0 154 781 75 239
191 8 1 719 75 0 776 139 68
192 8 1 776 75 0 833 139 68
193 8 1 833 75 0 890 139 68
194 8 1 890 75 0 947 139 68
195 8 1 947 75 0 1004 139 68
196 8 1 1004 75 0 1061 139 68
197 8 1 1061 75 0 1118 139 68
198 8 1 1118 75 0 1175 139 68
199 8 1 1175 75 0 1232 139 68
200 8 1 1232 75 0 1289 139 68
201 8 1 1289 75 0 1346 139 68
202 10 1 781 0 0 866 75 86
203 9 1 781 0 86 848 77 160
204 8 1 781 0 160 845 57 228
205 8 1 866 0 0 930 68 57
206 10 1 866 0 57 952 75 142
207 10 1 866 0 142 952 75 227
208 10 1 952 0 0 1037 75 86
209 10 1 952 0 86 1038 85 161
210 12 2 952 0 161 1047 92 243
211 11 2 1047 0 0 1133 75 85
212 12 2 1047 0 85 1129 95 177
213 11 2 1133 0 0 1219 75 85
214 11 2 1219 0 0 1305 75 85
215 12 2 1224 0 85 1316 82 180
216 12 2 1129 0 85 1224 82 177
217 12 2 1224 139 0 1319 231 82
218 13 2 1224 82 82 1332 200 182
