Utilizacion 67.985976 VolCajasEmpacado 30.835096 Duracion[s] 8.590000 Iteraciones 18
0 24 0 0 0 0 116 160 166
1 1 0 0 0 166 112 70 237
2 1 0 0 70 166 112 140 237
3 18 0 0 0 237 13 25 238
4 18 0 0 0 238 13 25 239
5 18 0 0 0 239 13 25 240
6 18 0 0 0 240 13 25 241
7 18 0 0 0 241 13 25 242
8 18 0 0 0 242 13 25 243
9 18 0 0 0 243 13 25 244
10 18 0 0 0 244 13 25 245
11 21 0 0 25 237 22 75 239
12 21 0 0 25 239 22 75 241
13 21 0 0 25 241 22 75 243
14 21 0 0 25 243 22 75 245
15 21 0 0 75 237 50 97 239
16 21 0 0 97 237 50 119 239
17 21 0 0 119 237 50 141 239
18 21 0 0 75 239 50 97 241
19 21 0 0 97 239 50 119 241
20 21 0 0 119 239 50 141 241
21 21 0 0 75 241 50 97 243
22 21 0 0 97 241 50 119 243
23 21 0 0 119 241 50 141 243
24 21 0 0 75 243 50 97 245
25 21 0 0 97 243 50 119 245
26 21 0 0 119 243 50 141 245
27 4 0 0 160 0 80 220 71
28 18 0 13 0 237 26 25 238
29 18 0 13 0 238 26 25 239
30 18 0 13 0 239 26 25 240
31 18 0 13 0 240 26 25 241
32 18 0 13 0 241 26 25 242
33 18 0 13 0 242 26 25 243
34 18 0 13 0 243 26 25 244
35 18 0 13 0 244 26 25 245
36 21 0 22 25 237 44 75 239
37 21 0 22 25 239 44 75 241
38 21 0 22 25 241 44 75 243
39 21 0 22 25 243 44 75 245
40 18 0 26 0 237 39 25 238
41 27 0 0 141 166 41 177 209
42 27 0 0 141 209 41 184 245
43 8 0 0 220 0 55 240 55
44 27 0 0 184 71 36 225 114
45 27 0 36 184 71 72 225 114
46 27 0 0 184 114 36 225 157
47 27 0 36 184 114 72 225 157
48 2 0 0 225 55 63 226 118
49 18 0 0 226 55 25 239 56
50 18 0 26 0 238 51 13 239
51 18 0 26 0 239 51 13 240
52 18 0 26 0 240 51 13 241
53 18 0 26 0 241 51 13 242
54 18 0 26 0 242 51 13 243
55 18 0 26 0 243 51 13 244
56 18 0 26 0 244 51 13 245
57 18 0 0 226 56 25 239 57
58 18 0 0 226 57 25 239 58
59 18 0 0 226 58 25 239 59
60 18 0 0 226 59 25 239 60
61 18 0 0 226 60 25 239 61
62 20 0 44 13 237 84 29 239
63 20 0 84 13 237 124 29 239
64 20 0 44 13 239 84 29 241
65 20 0 84 13 239 124 29 241
66 20 0 44 13 241 84 29 243
67 20 0 84 13 241 124 29 243
68 20 0 44 13 243 84 29 245
69 20 0 84 13 243 124 29 245
70 16 0 0 225 118 2 227 157
71 8 0 41 160 71 96 180 126
72 8 0 41 160 126 96 180 181
73 8 0 41 160 181 96 180 236
74 20 0 41 141 236 57 181 238
75 20 0 57 141 236 73 181 238
76 20 0 73 141 236 89 181 238
77 20 0 41 141 238 57 181 240
78 20 0 57 141 238 73 181 240
79 20 0 73 141 238 89 181 240
80 20 0 41 141 240 57 181 242
81 20 0 57 141 240 73 181 242
82 20 0 73 141 240 89 181 242
83 20 0 41 141 242 57 181 244
84 20 0 57 141 242 73 181 244
85 20 0 73 141 242 89 181 244
86 20 0 44 29 237 84 45 239
87 20 0 44 29 239 84 45 241
88 20 0 44 29 241 84 45 243
89 20 0 44 29 243 84 45 245
90 20 0 44 45 237 84 61 239
91 20 0 44 45 239 84 61 241
92 20 0 44 45 241 84 61 243
93 20 0 44 45 243 84 61 245
94 20 0 50 61 237 66 101 239
95 20 0 50 61 239 66 101 241
96 5 0 55 226 0 185 239 104
97 5 0 0 227 104 130 240 208
98 5 0 80 181 0 184 194 130
99 5 0 80 194 0 184 207 130
100 5 0 80 207 0 184 220 130
101 12 0 72 181 130 122 227 148
102 12 0 72 181 148 122 227 166
103 12 0 72 181 166 122 227 184
104 12 0 72 181 184 122 227 202
105 12 0 72 181 202 122 227 220
106 12 0 72 181 220 122 227 238
107 5 0 96 160 0 200 173 130
108 5 0 96 160 130 226 173 234
109 5 0 116 0 0 220 13 130
110 5 0 116 0 130 246 13 234
111 10 0 122 173 130 183 227 190
112 12 0 116 29 0 162 79 18
113 12 0 162 29 0 208 79 18
114 12 0 116 79 0 162 129 18
115 12 0 162 79 0 208 129 18
116 9 0 122 173 190 187 227 200
117 5 0 116 129 0 246 142 104
118 5 0 116 142 0 246 155 104
119 1 0 116 29 18 187 99 130
120 1 0 116 29 130 187 99 242
121 9 0 122 173 200 187 227 210
122 9 0 122 173 210 187 227 220
123 9 0 122 173 220 187 227 230
124 9 0 122 173 230 187 227 240
125 5 0 124 13 0 254 26 104
126 10 0 187 173 0 241 234 60
127 0 0 187 173 60 236 228 115
128 9 0 187 173 115 241 238 125
129 9 0 187 173 125 241 238 135
130 9 0 187 173 135 241 238 145
131 9 0 187 173 145 241 238 155
132 9 0 187 173 155 241 238 165
133 28 0 187 173 165 236 217 215
134 11 0 187 173 215 237 223 236
135 0 0 208 26 0 263 81 49
136 0 0 187 26 49 236 81 104
137 0 0 187 26 104 236 81 159
138 0 0 187 26 159 236 81 214
139 13 0 236 26 49 282 71 90
140 1 0 236 26 90 306 97 202
141 14 0 236 13 202 376 125 245
142 1 0 241 155 0 353 225 71
143 1 0 353 155 0 465 225 71
144 1 0 465 155 0 577 225 71
145 1 0 577 155 0 689 225 71
146 14 0 246 125 71 386 237 114
147 14 0 386 125 71 526 237 114
148 0 0 241 125 114 290 180 169
149 0 0 241 180 114 290 235 169
150 0 0 237 125 169 292 174 224
151 0 0 290 174 114 345 223 169
152 0 0 292 125 114 347 174 169
153 0 0 347 125 114 402 174 169
154 11 0 345 174 114 395 224 135
155 23 0 376 0 0 530 120 155
156 7 0 376 0 155 516 112 226
157 3 0 402 120 114 520 220 222
158 7 0 526 120 71 666 232 142
159 7 0 526 120 142 666 232 213
160 15 0 530 0 0 670 113 143
161 7 0 530 0 143 670 112 214
162 19 0 670 0 0 824 142 179
163 26 0 824 0 0 950 113 144
164 26 0 950 0 0 1076 113 144
165 26 0 1076 0 0 1202 113 144
166 26 0 1202 0 0 1328 113 144
167 6 0 824 113 0 961 225 140
168 7 0 824 0 144 964 112 215
169 7 0 964 0 144 1104 112 215
170 7 0 1104 0 144 1244 112 215
171 7 0 824 113 140 964 225 211
172 15 0 964 113 0 1104 226 143
173 15 0 1104 113 0 1244 226 143
174 7 0 964 113 143 1104 225 214
175 7 0 1104 113 143 1244 225 214
176 3 0 1244 113 0 1344 231 108
