Utilizacion 71.115712 VolCajasEmpacado 93.657056 Duracion[s] 65.480000 Iteraciones 102
0 2 0 0 0 0 86 75 85
1 2 0 86 0 0 172 75 85
2 2 0 172 0 0 258 75 85
3 2 0 258 0 0 344 75 85
4 2 0 0 75 0 86 150 85
5 2 0 86 75 0 172 150 85
6 2 0 172 75 0 258 150 85
7 2 0 258 75 0 344 150 85
8 2 0 0 150 0 86 225 85
9 2 0 86 150 0 172 225 85
10 2 0 172 150 0 258 225 85
11 2 0 258 150 0 344 225 85
12 0 0 0 0 85 40 42 123
13 0 0 0 42 85 40 84 123
14 0 0 0 84 85 40 126 123
15 0 0 0 126 85 40 168 123
16 0 0 0 168 85 40 210 123
17 6 0 0 0 123 43 41 159
18 11 0 0 0 159 10 20 162
19 11 0 0 0 162 10 20 165
20 11 0 0 0 165 10 20 168
21 11 0 0 0 168 10 20 171
22 11 0 0 0 171 10 20 174
23 11 0 0 0 174 10 20 177
24 11 0 0 0 177 10 20 180
25 11 0 0 0 180 10 20 183
26 11 0 0 0 183 10 20 186
27 11 0 0 0 186 10 20 189
28 11 0 0 0 189 10 20 192
29 11 0 0 0 192 10 20 195
30 11 0 0 0 195 10 20 198
31 11 0 0 0 198 10 20 201
32 11 0 0 0 201 10 20 204
33 11 0 0 0 204 10 20 207
34 11 0 0 0 207 10 20 210
35 11 0 0 0 210 10 20 213
36 11 0 0 0 213 10 20 216
37 11 0 0 0 216 10 20 219
38 11 0 0 0 219 10 20 222
39 11 0 0 0 222 10 20 225
40 11 0 0 0 225 10 20 228
41 11 0 0 0 228 10 20 231
42 11 0 0 0 231 10 20 234
43 11 0 0 0 234 10 20 237
44 11 0 0 0 237 10 20 240
45 11 0 0 0 240 10 20 243
46 12 0 0 20 159 31 30 162
47 12 0 0 30 159 31 40 162
48 12 0 0 20 162 31 30 165
49 12 0 0 30 162 31 40 165
50 12 0 0 20 165 31 30 168
51 12 0 0 30 165 31 40 168
52 12 0 0 20 168 31 30 171
53 12 0 0 30 168 31 40 171
54 12 0 0 20 171 31 30 174
55 12 0 0 30 171 31 40 174
56 12 0 0 20 174 31 30 177
57 12 0 0 30 174 31 40 177
58 12 0 0 20 177 31 30 180
59 12 0 0 30 177 31 40 180
60 12 0 0 20 180 31 30 183
61 12 0 0 30 180 31 40 183
62 12 0 0 20 183 31 30 186
63 12 0 0 30 183 31 40 186
64 12 0 0 20 186 31 30 189
65 12 0 0 30 186 31 40 189
66 11 0 0 225 0 20 235 3
67 11 0 0 225 3 20 235 6
68 6 0 10 0 189 51 43 225
69 0 0 0 43 123 42 83 161
70 0 0 0 43 161 42 83 199
71 0 0 0 43 199 42 83 237
72 4 0 0 83 123 61 143 177
73 4 0 0 83 177 61 143 231
74 3 0 40 143 85 146 235 186
75 0 0 42 43 85 84 83 123
76 0 0 42 43 123 84 83 161
77 8 0 51 0 85 88 34 115
78 8 0 51 0 115 88 34 145
79 8 0 51 0 145 88 34 175
80 8 0 51 0 175 88 34 205
81 8 0 51 0 205 88 34 235
82 8 0 61 83 85 95 120 115
83 8 0 61 83 115 95 120 145
84 8 0 61 83 145 95 120 175
85 8 0 61 83 175 95 120 205
86 8 0 61 83 205 95 120 235
87 4 0 61 120 186 122 180 240
88 4 0 61 180 186 122 240 240
89 1 0 88 0 85 208 80 198
90 4 0 122 80 85 182 141 139
91 4 0 182 80 85 242 141 139
92 4 0 242 80 85 302 141 139
93 4 0 122 80 139 182 141 193
94 4 0 182 80 139 242 141 193
95 4 0 242 80 139 302 141 193
96 5 0 146 141 85 253 239 232
97 3 0 253 141 85 359 233 186
98 9 0 344 0 0 482 136 197
99 10 0 482 0 0 631 154 148
100 7 0 631 0 0 757 113 144
101 7 0 631 113 0 757 226 144
102 7 0 757 0 0 870 126 144
103 7 0 757 126 0 883 239 144
104 19 1 42 0 235 77 12 238
105 19 1 42 0 238 77 12 241
106 19 1 42 0 241 77 12 244
107 13 1 42 12 235 67 22 238
108 13 1 42 12 238 67 22 241
109 13 1 42 12 241 67 22 244
110 13 1 42 22 235 67 32 238
111 13 1 42 22 238 67 32 241
112 13 1 42 22 241 67 32 244
113 18 1 67 12 235 80 52 239
114 18 1 67 12 239 80 52 243
115 13 1 80 0 235 90 25 238
116 13 1 80 0 238 90 25 241
117 13 1 80 0 241 90 25 244
118 19 1 80 34 198 115 46 201
119 19 1 80 46 198 115 58 201
120 19 1 80 58 198 115 70 201
121 19 1 80 70 198 115 82 201
122 19 1 80 34 201 92 69 204
123 19 1 80 34 204 92 69 207
124 19 1 80 34 207 92 69 210
125 18 1 80 34 210 93 74 214
126 18 1 80 34 214 93 74 218
127 13 1 80 34 218 90 59 221
128 13 1 80 34 221 90 59 224
129 13 1 80 34 224 90 59 227
130 13 1 80 34 227 90 59 230
131 13 1 80 34 230 90 59 233
132 13 1 80 34 233 90 59 236
133 13 1 80 34 236 90 59 239
134 13 1 80 34 239 90 59 242
135 13 1 80 34 242 90 59 245
136 18 1 90 0 198 130 13 202
137 18 1 130 0 198 170 13 202
138 18 1 170 0 198 210 13 202
139 18 1 90 13 198 130 26 202
140 18 1 130 13 198 170 26 202
141 18 1 170 13 198 210 26 202
142 18 1 90 0 202 130 13 206
143 18 1 130 0 202 170 13 206
144 18 1 170 0 202 210 13 206
145 18 1 90 0 206 130 13 210
146 18 1 130 0 206 170 13 210
147 18 1 170 0 206 210 13 210
148 18 1 90 0 210 130 13 214
149 18 1 130 0 210 170 13 214
150 18 1 170 0 210 210 13 214
151 18 1 90 0 214 130 13 218
152 18 1 130 0 214 170 13 218
153 18 1 170 0 214 210 13 218
154 18 1 90 0 218 130 13 222
155 18 1 130 0 218 170 13 222
156 18 1 170 0 218 210 13 222
157 18 1 90 0 222 130 13 226
158 18 1 130 0 222 170 13 226
159 18 1 170 0 222 210 13 226
160 18 1 90 0 226 130 13 230
161 18 1 130 0 226 170 13 230
162 18 1 170 0 226 210 13 230
163 18 1 90 0 230 130 13 234
164 18 1 130 0 230 170 13 234
165 18 1 170 0 230 210 13 234
166 18 1 90 0 234 130 13 238
167 18 1 130 0 234 170 13 238
168 18 1 170 0 234 210 13 238
169 18 1 90 0 238 130 13 242
170 18 1 130 0 238 170 13 242
171 18 1 170 0 238 210 13 242
172 13 1 90 13 202 115 23 205
173 13 1 90 13 205 115 23 208
174 13 1 90 13 208 115 23 211
175 13 1 90 13 211 115 23 214
176 13 1 90 13 214 115 23 217
177 13 1 90 13 217 115 23 220
178 13 1 90 13 220 115 23 223
179 13 1 90 13 223 115 23 226
180 13 1 90 13 226 115 23 229
181 13 1 90 13 229 115 23 232
182 13 1 90 13 232 115 23 235
183 13 1 90 13 235 115 23 238
184 13 1 90 13 238 115 23 241
185 13 1 90 13 241 115 23 244
186 13 1 90 0 242 115 10 245
187 13 1 93 26 201 103 51 204
188 13 1 93 26 204 103 51 207
189 13 1 93 26 207 103 51 210
190 13 1 93 26 210 103 51 213
191 13 1 93 26 213 103 51 216
192 13 1 93 26 216 103 51 219
193 13 1 93 26 219 103 51 222
194 17 1 253 141 186 308 196 235
195 17 1 308 136 186 363 191 235
196 14 1 482 0 148 588 101 240
197 14 1 482 101 148 588 202 240
198 17 1 588 0 148 643 55 197
199 17 1 588 55 148 643 110 197
200 17 1 588 110 148 643 165 197
201 15 1 643 0 144 840 116 245
202 15 1 643 116 144 840 232 245
203 17 1 840 0 144 895 55 193
204 17 1 840 0 193 895 55 242
205 17 1 840 55 144 895 110 193
206 17 1 840 55 193 895 110 242
207 17 1 840 110 144 895 165 193
208 16 1 895 0 0 1075 171 163
209 27 2 840 110 193 877 150 226
210 28 2 840 110 226 890 130 230
211 28 2 840 130 226 890 150 230
212 28 2 840 110 230 890 130 234
213 28 2 840 130 230 890 150 234
214 28 2 840 110 234 890 130 238
215 28 2 840 130 234 890 150 238
216 28 2 840 110 238 890 130 242
217 28 2 840 130 238 890 150 242
218 28 2 840 150 193 890 170 197
219 23 2 840 171 144 914 238 221
220 28 2 840 150 197 890 170 201
221 28 2 840 150 201 890 170 205
222 28 2 840 150 205 890 170 209
223 28 2 840 150 209 890 170 213
224 28 2 840 150 213 890 170 217
225 28 2 840 150 217 890 170 221
226 28 2 840 150 221 890 170 225
227 28 2 840 150 225 890 170 229
228 28 2 840 150 229 890 170 233
229 28 2 840 150 233 890 170 237
230 28 2 840 150 237 890 170 241
231 20 2 895 0 163 969 77 230
232 20 2 969 0 163 1043 77 230
233 20 2 895 77 163 969 154 230
234 20 2 969 77 163 1043 154 230
235 27 2 914 154 163 951 187 203
236 24 2 914 187 0 964 236 44
237 24 2 964 187 0 1014 236 44
238 24 2 1014 187 0 1064 236 44
239 24 2 1064 187 0 1114 236 44
240 24 2 1114 187 0 1164 236 44
241 24 2 1164 187 0 1214 236 44
242 24 2 1214 187 0 1264 236 44
243 24 2 1264 187 0 1314 236 44
244 25 2 914 154 203 960 199 244
245 23 2 960 171 44 1037 238 118
246 23 2 1037 171 44 1114 238 118
247 23 2 1114 171 44 1191 238 118
248 23 2 1191 171 44 1268 238 118
249 23 2 1268 171 44 1345 238 118
250 25 2 960 171 118 1006 216 159
251 25 2 960 171 159 1006 216 200
252 25 2 960 171 200 1006 216 241
253 21 2 1006 171 118 1075 239 179
254 21 2 1006 154 179 1074 223 240
255 25 2 1043 0 163 1088 46 204
256 25 2 1043 46 163 1088 92 204
257 25 2 1043 92 163 1088 138 204
258 25 2 1043 0 204 1088 46 245
259 25 2 1043 46 204 1088 92 245
260 25 2 1043 92 204 1088 138 245
261 21 2 1075 138 118 1144 206 179
262 22 2 1088 0 0 1210 86 123
263 20 2 1088 0 123 1165 74 190
264 20 2 1165 0 123 1242 74 190
265 20 2 1144 86 0 1218 163 67
266 20 2 1144 86 67 1218 163 134
267 26 2 1144 74 134 1262 182 234
268 21 2 1074 138 179 1143 206 240
269 21 2 1242 0 0 1311 68 61
270 21 2 1242 0 61 1311 68 122
271 21 2 1242 0 122 1311 68 183
272 21 2 1242 0 183 1311 68 244
273 20 2 1262 68 0 1339 142 67
274 20 2 1262 68 67 1339 142 134
275 20 2 1262 68 134 1339 142 201
276 20 2 1262 142 118 1336 219 185
