Utilizacion 68.933910 VolCajasEmpacado 58.479828 Duracion[s] 10.634000 Iteraciones 109
0 5 0 0 0 0 101 116 197
1 5 0 0 116 0 101 232 197
2 1 0 0 0 197 20 50 217
3 1 0 20 0 197 40 50 217
4 1 0 40 0 197 60 50 217
5 1 0 60 0 197 80 50 217
6 1 0 80 0 197 100 50 217
7 1 0 0 50 197 20 100 217
8 1 0 20 50 197 40 100 217
9 1 0 40 50 197 60 100 217
10 1 0 60 50 197 80 100 217
11 1 0 80 50 197 100 100 217
12 1 0 0 100 197 20 150 217
13 1 0 20 100 197 40 150 217
14 1 0 40 100 197 60 150 217
15 1 0 60 100 197 80 150 217
16 1 0 80 100 197 100 150 217
17 1 0 0 150 197 20 200 217
18 1 0 20 150 197 40 200 217
19 1 0 40 150 197 60 200 217
20 1 0 60 150 197 80 200 217
21 1 0 80 150 197 100 200 217
22 0 0 0 0 217 65 20 220
23 0 0 0 20 217 65 40 220
24 0 0 0 0 220 65 20 223
25 0 0 0 20 220 65 40 223
26 0 0 0 0 223 65 20 226
27 0 0 0 20 223 65 40 226
28 0 0 0 0 226 65 20 229
29 0 0 0 20 226 65 40 229
30 0 0 0 0 229 65 20 232
31 0 0 0 20 229 65 40 232
32 0 0 0 0 232 65 20 235
33 0 0 0 20 232 65 40 235
34 0 0 0 0 235 65 20 238
35 0 0 0 20 235 65 40 238
36 0 0 0 0 238 65 20 241
37 0 0 0 20 238 65 40 241
38 0 0 0 0 241 65 20 244
39 0 0 0 20 241 65 40 244
40 0 0 0 40 217 20 105 220
41 0 0 0 40 220 20 105 223
42 1 0 0 40 223 20 90 243
43 1 0 0 200 197 50 220 217
44 1 0 0 220 197 50 240 217
45 1 0 0 105 217 50 125 237
46 1 0 0 125 217 50 145 237
47 1 0 50 40 217 70 90 237
48 1 0 50 90 217 70 140 237
49 1 0 50 140 217 70 190 237
50 1 0 0 190 217 20 240 237
51 1 0 20 190 217 40 240 237
52 1 0 40 190 217 90 210 237
53 1 0 50 210 197 100 230 217
54 1 0 90 0 217 110 50 237
55 1 0 90 50 217 110 100 237
56 1 0 90 100 217 110 150 237
57 1 0 90 150 217 110 200 237
58 1 0 101 200 0 151 220 20
59 1 0 101 220 0 151 240 20
60 1 0 110 0 0 130 50 20
61 1 0 110 50 0 130 100 20
62 1 0 110 100 0 130 150 20
63 1 0 110 150 0 130 200 20
64 5 0 130 0 0 231 116 197
65 1 0 110 0 197 160 20 217
66 1 0 110 20 197 160 40 217
67 1 0 110 40 197 160 60 217
68 1 0 110 60 197 160 80 217
69 1 0 110 80 197 160 100 217
70 1 0 110 100 197 160 120 217
71 1 0 160 0 197 180 50 217
72 3 0 130 120 0 204 197 67
73 3 0 130 120 67 204 197 134
74 1 0 160 50 197 210 70 217
75 2 0 110 120 134 165 178 183
76 2 0 110 120 183 165 178 232
77 1 0 110 178 20 130 228 40
78 1 0 110 0 217 130 50 237
79 1 0 110 50 217 130 100 237
80 1 0 130 0 217 150 50 237
81 1 0 130 50 217 150 100 237
82 1 0 101 200 40 151 220 60
83 1 0 150 0 217 170 50 237
84 1 0 110 178 60 130 228 80
85 1 0 101 200 80 151 220 100
86 1 0 150 50 217 170 100 237
87 1 0 170 0 217 190 50 237
88 1 0 110 178 100 130 228 120
89 1 0 170 50 217 220 70 237
90 1 0 101 200 120 151 220 140
91 1 0 110 178 134 160 198 154
92 2 0 165 116 134 223 171 183
93 2 0 165 116 183 223 171 232
94 2 0 204 171 0 262 226 49
95 2 0 204 171 49 262 226 98
96 2 0 204 171 98 262 226 147
97 2 0 204 171 147 262 226 196
98 2 0 204 171 196 262 226 245
99 2 0 223 116 0 281 171 49
100 2 0 223 116 49 281 171 98
101 2 0 223 116 98 281 171 147
102 5 0 231 0 0 428 101 116
103 5 0 428 0 0 625 101 116
104 5 0 625 0 0 822 101 116
105 5 0 822 0 0 1019 101 116
106 5 0 1019 0 0 1216 101 116
107 5 0 231 0 116 428 101 232
108 4 0 281 101 0 358 180 69
109 4 0 281 101 69 358 180 138
110 4 0 281 101 138 358 180 207
111 4 0 358 101 0 437 178 69
112 4 0 358 101 69 437 178 138
113 4 0 358 101 138 437 178 207
114 4 0 428 0 116 505 79 185
115 4 0 505 0 116 582 79 185
116 4 0 582 0 116 659 79 185
117 4 0 659 0 116 736 79 185
118 4 0 736 0 116 813 79 185
119 4 0 813 0 116 890 79 185
120 4 0 890 0 116 967 79 185
121 4 0 967 0 116 1044 79 185
122 4 0 1044 0 116 1121 79 185
123 4 0 1121 0 116 1198 79 185
124 4 0 437 101 0 516 178 69
125 4 0 437 101 69 516 178 138
126 4 0 437 101 138 516 178 207
127 4 0 516 101 0 593 180 69
128 4 0 516 101 69 593 180 138
129 4 0 516 101 138 593 180 207
130 4 0 593 101 0 672 178 69
131 4 0 593 101 69 672 178 138
132 4 0 593 101 138 672 178 207
133 4 0 672 101 0 749 180 69
134 7 1 110 100 232 128 152 235
135 7 1 110 100 235 128 152 238
136 7 1 110 100 238 128 152 241
137 7 1 110 100 241 128 152 244
138 6 1 50 230 197 95 233 212
139 6 1 95 232 20 110 235 65
140 6 1 95 235 20 110 238 65
141 6 1 128 0 237 173 15 240
142 6 1 128 15 237 173 30 240
143 6 1 128 30 237 173 45 240
144 6 1 128 0 240 173 15 243
145 6 1 128 15 240 173 30 243
146 6 1 128 30 240 173 45 243
147 6 1 101 226 120 146 229 135
148 6 1 110 229 20 155 232 35
149 7 1 128 45 237 146 97 240
150 7 1 128 45 240 146 97 243
151 6 1 101 229 35 146 232 50
152 7 1 146 45 237 198 63 240
153 7 1 146 45 240 198 63 243
154 7 1 110 152 232 162 170 235
155 7 1 110 152 235 162 170 238
156 7 1 110 152 238 162 170 241
157 7 1 110 152 241 162 170 244
158 7 1 128 100 232 146 152 235
159 7 1 128 100 235 146 152 238
160 7 1 128 97 238 146 149 241
161 7 1 128 97 241 146 149 244
162 7 1 146 100 232 164 152 235
163 7 1 146 100 235 164 152 238
164 7 1 146 100 238 164 152 241
165 7 1 146 100 241 164 152 244
166 7 1 162 152 232 214 170 235
167 7 1 162 152 235 214 170 238
168 7 1 162 152 238 214 170 241
169 7 1 162 152 241 214 170 244
170 7 1 164 100 232 182 152 235
171 7 1 164 100 235 182 152 238
172 7 1 164 100 238 182 152 241
173 8 1 428 0 185 492 68 242
174 8 1 492 0 185 556 68 242
175 8 1 556 0 185 620 68 242
176 8 1 620 0 185 684 68 242
177 8 1 684 0 185 748 68 242
178 8 1 748 0 185 812 68 242
179 8 1 812 0 185 876 68 242
180 8 1 876 0 185 940 68 242
181 8 1 940 0 185 1004 68 242
182 8 1 1004 0 185 1068 68 242
183 8 1 1068 0 185 1132 68 242
184 8 1 1132 0 185 1196 68 242
185 8 1 262 180 0 330 237 64
186 8 1 330 180 0 398 237 64
187 8 1 398 180 0 466 237 64
188 10 1 672 101 69 747 187 154
189 10 1 672 101 154 747 187 239
190 8 1 466 180 0 534 237 64
191 8 1 534 180 0 602 237 64
192 8 1 602 180 0 670 237 64
193 8 1 747 180 0 815 237 64
194 10 1 749 101 0 835 176 85
195 10 1 747 101 85 833 176 170
196 8 1 747 79 170 811 147 227
197 8 1 747 147 170 811 204 238
198 8 1 815 176 0 872 240 68
199 8 1 811 176 68 879 233 132
200 8 1 811 176 132 879 240 189
201 8 1 835 101 0 899 169 57
202 10 1 835 101 57 921 176 142
203 10 1 833 79 142 919 164 217
204 8 1 879 176 0 936 240 68
205 8 1 879 176 68 947 240 125
206 10 1 921 101 0 1007 176 85
207 10 1 921 101 85 1007 176 170
208 9 1 919 79 170 986 156 244
209 9 1 1007 101 0 1074 178 74
210 11 2 1007 101 74 1082 187 159
211 11 2 1007 101 159 1082 187 244
212 12 2 1082 101 0 1177 183 92
213 13 2 1082 101 92 1190 219 192
214 13 2 1190 101 0 1298 219 100
215 13 2 1190 101 100 1298 219 200
216 12 2 1216 0 0 1311 92 82
217 12 2 1216 0 82 1311 92 164
