Utilizacion 41.497249 VolCajasEmpacado 100.000000 Duracion[s] 0.011000 Iteraciones 1
0 4 0 0 0 0 60 80 18
1 4 0 0 80 0 60 160 18
2 4 0 0 160 0 60 240 18
3 4 0 0 0 18 60 80 36
4 4 0 0 80 18 60 160 36
5 4 0 0 160 18 60 240 36
6 1 0 60 0 0 116 56 14
7 1 0 60 56 0 116 112 14
8 0 0 60 112 0 87 140 3
9 0 0 60 140 0 87 168 3
10 0 0 60 168 0 87 196 3
11 0 0 60 196 0 87 224 3
12 0 0 60 112 3 87 140 6
13 0 0 60 140 3 87 168 6
14 0 0 60 168 3 87 196 6
15 0 0 60 196 3 87 224 6
16 2 0 60 0 14 116 70 85
17 5 0 87 112 0 175 200 20
18 5 0 175 112 0 263 200 20
19 5 0 263 112 0 351 200 20
20 5 0 351 112 0 439 200 20
21 6 0 116 0 0 231 99 1
22 6 0 231 0 0 346 99 1
23 6 0 346 0 0 461 99 1
24 6 0 461 0 0 576 99 1
25 3 0 439 99 0 553 239 106
26 3 0 439 99 106 553 239 212
27 3 0 553 99 0 693 213 106
28 7 0 553 99 106 693 211 239
29 3 0 693 0 0 807 140 106
30 9 1 553 99 239 645 178 240
31 9 1 553 99 240 645 178 241
32 9 1 553 99 241 645 178 242
33 9 1 553 99 242 645 178 243
34 9 1 553 99 243 645 178 244
35 9 1 553 99 244 645 178 245
36 10 1 693 0 106 805 80 140
37 10 1 693 0 140 805 80 174
38 9 1 693 0 174 785 79 175
39 9 1 693 0 175 785 79 176
40 8 1 693 0 176 773 60 213
41 8 1 693 80 106 773 140 143
42 11 1 693 140 0 813 220 201
43 11 1 813 140 0 933 220 201
44 13 1 807 0 0 919 140 193
45 12 1 919 0 0 999 112 147
46 12 1 933 112 0 1013 224 147
47 12 1 1013 112 0 1093 224 147
48 12 1 1093 112 0 1173 224 147
49 18 2 807 0 193 858 40 244
50 18 2 807 40 193 858 80 244
51 18 2 807 80 193 858 120 244
52 18 2 858 0 193 898 51 244
53 17 2 919 0 147 990 60 227
54 16 2 933 112 147 1073 224 184
55 16 2 933 112 184 1073 224 221
56 15 2 999 0 0 1139 112 172
57 15 2 1139 0 0 1279 112 172
58 17 2 999 0 172 1059 80 243
59 14 2 1173 112 0 1313 226 53
60 14 2 1173 112 53 1313 226 106
