Utilizacion 67.373822 VolCajasEmpacado 68.338506 Duracion[s] 11.531000 Iteraciones 67
0 0 0 0 0 0 86 85 75
1 0 0 86 0 0 172 85 75
2 0 0 0 85 0 86 170 75
3 0 0 86 85 0 172 170 75
4 1 0 0 0 75 180 171 238
5 13 0 0 0 238 16 40 240
6 13 0 0 40 238 16 80 240
7 13 0 0 80 238 16 120 240
8 13 0 0 120 238 16 160 240
9 13 0 0 0 240 16 40 242
10 13 0 0 40 240 16 80 242
11 13 0 0 80 240 16 120 242
12 13 0 0 120 240 16 160 242
13 11 0 0 171 0 37 205 30
14 11 0 37 171 0 74 205 30
15 11 0 74 171 0 111 205 30
16 11 0 111 171 0 148 205 30
17 11 0 148 171 0 185 205 30
18 11 0 0 205 0 37 239 30
19 11 0 37 205 0 74 239 30
20 11 0 74 205 0 111 239 30
21 11 0 111 205 0 148 239 30
22 11 0 148 205 0 185 239 30
23 8 0 0 239 0 31 240 14
24 8 0 0 239 14 31 240 28
25 13 0 0 171 30 40 187 32
26 13 0 0 187 30 40 203 32
27 13 0 0 203 30 40 219 32
28 13 0 0 219 30 40 235 32
29 13 0 0 171 32 40 187 34
30 13 0 0 187 32 40 203 34
31 13 0 0 203 32 40 219 34
32 13 0 0 219 32 40 235 34
33 13 0 0 171 34 16 211 36
34 13 0 0 171 36 16 211 38
35 13 0 0 211 34 40 227 36
36 12 0 0 211 36 50 233 38
37 12 0 0 211 38 50 233 40
38 12 0 0 211 40 50 233 42
39 8 0 0 171 38 31 172 52
40 8 0 0 172 38 31 173 52
41 8 0 0 173 38 31 174 52
42 8 0 0 174 38 31 175 52
43 8 0 0 175 38 31 176 52
44 8 0 0 176 38 31 177 52
45 8 0 0 177 38 31 178 52
46 8 0 0 178 38 31 179 52
47 8 0 0 179 38 31 180 52
48 8 0 0 180 38 31 181 52
49 8 0 0 181 38 31 182 52
50 8 0 0 182 38 31 183 52
51 8 0 0 183 38 31 184 52
52 8 0 0 184 38 31 185 52
53 8 0 0 185 38 31 186 52
54 8 0 0 186 38 31 187 52
55 8 0 0 187 38 31 188 52
56 8 0 0 188 38 31 189 52
57 12 0 0 160 238 50 182 240
58 12 0 0 160 240 50 182 242
59 12 0 0 160 242 50 182 244
60 13 0 16 0 238 56 16 240
61 13 0 16 16 238 56 32 240
62 13 0 16 32 238 56 48 240
63 13 0 16 48 238 56 64 240
64 13 0 16 64 238 56 80 240
65 13 0 16 80 238 56 96 240
66 13 0 16 96 238 56 112 240
67 13 0 16 112 238 56 128 240
68 13 0 16 128 238 56 144 240
69 13 0 16 144 238 56 160 240
70 12 0 0 189 42 22 239 44
71 12 0 22 189 42 44 239 44
72 12 0 0 189 44 22 239 46
73 12 0 22 189 44 44 239 46
74 12 0 0 189 46 22 239 48
75 12 0 22 189 46 44 239 48
76 13 0 16 0 240 56 16 242
77 13 0 16 16 240 56 32 242
78 13 0 16 32 240 56 48 242
79 13 0 16 48 240 56 64 242
80 13 0 16 64 240 56 80 242
81 13 0 16 80 240 56 96 242
82 13 0 16 96 240 56 112 242
83 13 0 16 112 240 56 128 242
84 13 0 16 128 240 56 144 242
85 13 0 16 144 240 56 160 242
86 10 0 0 189 48 43 230 84
87 10 0 0 182 84 41 225 120
88 10 0 0 182 120 41 225 156
89 10 0 0 182 156 41 225 192
90 10 0 0 182 192 41 225 228
91 12 0 50 160 238 100 182 240
92 12 0 50 160 240 100 182 242
93 12 0 50 160 242 100 182 244
94 12 0 0 182 228 22 232 230
95 13 0 56 0 238 72 40 240
96 13 0 56 40 238 72 80 240
97 13 0 56 80 238 72 120 240
98 12 0 0 182 230 22 232 232
99 12 0 0 182 232 22 232 234
100 12 0 22 182 228 44 232 230
101 12 0 22 182 230 44 232 232
102 12 0 22 182 232 44 232 234
103 12 0 44 182 30 94 204 32
104 10 0 50 182 32 93 223 68
105 10 0 50 182 68 93 223 104
106 10 0 50 182 104 93 223 140
107 10 0 50 182 140 93 223 176
108 10 0 50 182 176 93 223 212
109 9 0 100 171 30 160 232 84
110 9 0 100 171 84 161 231 138
111 1 0 180 0 0 360 171 163
112 7 0 180 0 163 275 92 245
113 7 0 275 0 163 370 92 245
114 7 0 180 92 163 275 184 245
115 7 0 275 92 163 370 184 245
116 6 0 370 0 0 466 178 200
117 9 0 370 178 0 431 238 54
118 9 0 370 178 54 431 238 108
119 9 0 370 178 108 431 238 162
120 9 0 370 178 162 431 238 216
121 9 0 431 178 0 491 239 54
122 9 0 491 178 0 551 239 54
123 4 0 466 0 0 574 118 100
124 4 0 466 0 100 584 108 200
125 7 0 551 118 0 633 210 95
126 7 0 551 118 95 633 210 190
127 4 0 584 0 0 702 108 100
128 4 0 584 0 100 692 118 200
129 5 0 633 118 0 749 219 197
130 2 0 749 0 0 917 155 195
131 3 0 917 0 0 1037 126 176
132 16 1 431 0 200 471 37 233
133 16 1 749 0 195 786 40 228
134 16 1 786 0 195 823 40 228
135 16 1 823 0 195 860 40 228
136 16 1 860 0 195 897 40 228
137 16 1 897 0 195 934 40 228
138 14 1 749 155 0 826 229 67
139 14 1 826 155 0 903 229 67
140 14 1 903 155 0 980 229 67
141 14 1 980 155 0 1057 229 67
142 16 1 749 40 195 786 80 228
143 15 1 749 155 67 835 240 142
144 15 1 835 155 67 921 240 142
145 15 1 921 155 67 1007 240 142
146 15 1 1007 155 67 1093 240 142
147 15 1 749 155 142 835 240 217
148 15 1 835 155 142 921 240 217
149 15 1 921 155 142 1007 240 217
150 15 1 1007 155 142 1093 240 217
151 16 1 749 80 195 789 117 228
152 16 1 749 117 195 789 154 228
153 16 1 786 40 195 826 77 228
154 18 1 1037 0 0 1191 148 149
155 15 1 1093 148 0 1178 234 75
156 15 1 1093 148 75 1178 234 150
157 15 1 1093 148 150 1178 234 225
158 15 1 1178 148 0 1263 234 75
159 17 1 1191 0 0 1329 136 197
