Utilizacion 69.517627 VolCajasEmpacado 76.981536 Duracion[s] 15.110000 Iteraciones 525
0 1 0 0 0 0 108 100 118
1 1 0 108 0 0 216 100 118
2 1 0 0 100 0 108 200 118
3 1 0 108 100 0 216 200 118
4 4 0 0 0 118 68 69 179
5 4 0 0 69 118 68 138 179
6 4 0 0 138 118 68 207 179
7 4 0 0 0 179 68 69 240
8 4 0 0 69 179 68 138 240
9 4 0 0 138 179 68 207 240
10 5 0 68 0 118 154 75 203
11 0 0 68 75 118 123 130 167
12 0 0 68 75 167 123 130 216
13 0 0 68 130 118 123 185 167
14 0 0 68 130 167 123 185 216
15 5 0 123 75 118 198 161 203
16 4 0 123 161 118 191 230 179
17 3 0 216 0 0 316 118 108
18 2 0 216 118 0 332 219 197
19 2 0 316 0 0 417 116 197
20 2 0 332 116 0 448 217 197
21 7 1 68 0 203 109 43 239
22 7 1 109 0 203 150 43 239
23 7 1 123 43 203 164 86 239
24 8 1 417 0 0 543 113 144
25 8 1 543 0 0 669 113 144
26 8 1 669 0 0 795 113 144
27 8 1 795 0 0 921 113 144
28 8 1 921 0 0 1047 113 144
29 8 1 1047 0 0 1173 113 144
30 8 1 1173 0 0 1299 113 144
31 12 1 417 0 144 478 60 198
32 13 1 417 60 144 478 114 204
33 13 1 478 60 144 539 114 204
34 13 1 539 60 144 600 114 204
35 13 1 600 60 144 661 114 204
36 13 1 661 60 144 722 114 204
37 12 1 478 0 144 539 60 198
38 12 1 539 0 144 600 60 198
39 12 1 600 0 144 661 60 198
40 12 1 661 0 144 722 60 198
41 12 1 722 0 144 783 60 198
42 6 1 448 114 0 585 240 161
43 6 1 585 114 0 722 240 161
44 6 1 722 114 0 859 240 161
45 6 1 859 114 0 996 240 161
46 6 1 996 114 0 1133 240 161
47 6 1 1133 114 0 1270 240 161
48 11 1 783 0 144 850 77 218
49 10 1 722 77 161 796 154 228
50 10 1 850 0 144 924 77 211
51 11 1 924 0 144 991 77 218
52 11 1 991 0 144 1058 77 218
53 10 1 1058 0 144 1135 74 211
54 10 1 1135 0 144 1212 74 211
55 9 1 1212 0 144 1318 101 236
56 10 1 1270 113 0 1347 187 67
57 10 1 1270 113 67 1344 190 134
58 10 1 1270 113 134 1347 187 201
