Utilizacion 69.713241 VolCajasEmpacado 80.447433 Duracion[s] 69.490000 Iteraciones 26
0 1 0 0 0 0 88 25 139
1 1 0 88 0 0 176 25 139
2 1 0 176 0 0 264 25 139
3 1 0 264 0 0 352 25 139
4 1 0 0 25 0 88 50 139
5 1 0 88 25 0 176 50 139
6 1 0 176 25 0 264 50 139
7 1 0 264 25 0 352 50 139
8 1 0 0 50 0 88 75 139
9 1 0 88 50 0 176 75 139
10 1 0 176 50 0 264 75 139
11 1 0 264 50 0 352 75 139
12 1 0 0 75 0 88 100 139
13 1 0 88 75 0 176 100 139
14 1 0 176 75 0 264 100 139
15 1 0 264 75 0 352 100 139
16 1 0 0 100 0 88 125 139
17 1 0 88 100 0 176 125 139
18 1 0 176 100 0 264 125 139
19 1 0 264 100 0 352 125 139
20 1 0 0 125 0 88 150 139
21 1 0 88 125 0 176 150 139
22 1 0 176 125 0 264 150 139
23 1 0 264 125 0 352 150 139
24 1 0 0 150 0 88 175 139
25 1 0 88 150 0 176 175 139
26 1 0 176 150 0 264 175 139
27 1 0 264 150 0 352 175 139
28 1 0 0 175 0 88 200 139
29 1 0 88 175 0 176 200 139
30 1 0 176 175 0 264 200 139
31 1 0 264 175 0 352 200 139
32 1 0 0 200 0 88 225 139
33 1 0 88 200 0 176 225 139
34 1 0 176 200 0 264 225 139
35 1 0 264 200 0 352 225 139
36 1 0 0 0 139 139 25 227
37 1 0 0 25 139 139 50 227
38 1 0 0 50 139 139 75 227
39 1 0 0 75 139 139 100 227
40 1 0 0 100 139 139 125 227
41 1 0 0 125 139 139 150 227
42 1 0 0 150 139 139 175 227
43 0 0 352 0 0 451 106 63
44 0 0 352 0 63 415 99 169
45 0 0 352 106 0 451 169 106
46 0 0 451 106 0 550 169 106
47 0 0 550 106 0 649 169 106
48 0 0 649 106 0 748 169 106
49 0 0 748 106 0 847 169 106
50 0 0 847 106 0 946 169 106
51 0 0 946 106 0 1045 169 106
52 0 0 1045 106 0 1144 169 106
53 0 0 352 169 0 451 232 106
54 0 0 451 169 0 550 232 106
55 0 0 550 169 0 649 232 106
56 0 0 649 169 0 748 232 106
57 0 0 748 169 0 847 232 106
58 0 0 847 169 0 946 232 106
59 0 0 946 169 0 1045 232 106
60 0 0 1045 169 0 1144 232 106
61 0 0 352 106 106 458 205 169
62 0 0 352 106 169 458 205 232
63 0 0 451 0 0 550 106 63
64 0 0 550 0 0 649 106 63
65 0 0 649 0 0 748 106 63
66 0 0 748 0 0 847 106 63
67 2 1 352 205 106 390 230 131
68 2 1 352 0 169 377 38 194
69 2 1 377 0 169 402 38 194
70 2 1 352 0 194 377 38 219
71 2 1 377 0 194 402 38 219
72 3 1 352 38 169 415 88 207
73 2 1 390 205 106 415 230 144
74 2 1 415 205 106 440 230 144
75 2 1 390 205 144 415 230 182
76 2 1 415 205 144 440 230 182
77 2 1 390 205 182 415 230 220
78 2 1 415 205 182 440 230 220
79 3 1 451 0 63 514 50 101
80 3 1 514 0 63 577 50 101
81 3 1 451 50 63 514 100 101
82 3 1 514 50 63 577 100 101
83 5 1 451 0 101 517 81 215
84 3 1 458 106 106 521 156 144
85 3 1 458 106 144 521 156 182
86 3 1 458 106 182 521 156 220
87 2 1 458 156 106 496 181 131
88 2 1 458 156 131 496 181 156
89 2 1 458 156 156 496 181 181
90 2 1 458 156 181 496 181 206
91 2 1 458 156 206 496 181 231
92 2 1 458 181 106 483 219 131
93 2 1 458 181 131 483 219 156
94 2 1 458 181 156 483 219 181
95 2 1 458 181 181 483 219 206
96 2 1 458 181 206 483 219 231
97 3 1 483 181 106 533 219 169
98 3 1 483 181 169 533 219 232
99 2 1 496 156 106 534 181 131
100 2 1 496 156 131 534 181 156
101 2 1 496 156 156 534 181 181
102 2 1 496 156 181 534 181 206
103 2 1 496 156 206 534 181 231
104 2 1 521 106 106 546 144 131
105 2 1 521 106 131 546 144 156
106 2 1 521 106 156 546 144 181
107 2 1 521 106 181 546 144 206
108 2 1 521 106 206 546 144 231
109 2 1 533 181 106 558 206 144
110 2 1 533 206 106 558 231 144
111 2 1 533 181 144 558 206 182
112 2 1 533 206 144 558 231 182
113 2 1 533 181 182 558 206 220
114 2 1 533 206 182 558 231 220
115 3 1 517 0 101 555 50 164
116 3 1 517 0 164 555 50 227
117 3 1 517 50 101 555 100 164
118 3 1 517 50 164 555 100 227
119 2 1 534 144 106 559 169 144
120 2 1 558 169 106 596 194 131
121 2 1 558 194 106 596 219 131
122 3 1 558 169 131 596 219 194
123 2 1 558 169 194 596 194 219
124 2 1 558 194 194 596 219 219
125 3 1 559 106 106 597 169 156
126 3 1 597 106 106 635 169 156
127 2 1 559 106 156 584 144 181
128 2 1 559 106 181 584 144 206
129 2 1 559 106 206 584 144 231
130 2 1 559 144 156 597 169 181
131 2 1 559 144 181 597 169 206
132 2 1 559 144 206 597 169 231
133 5 1 577 0 63 691 81 129
134 2 1 584 106 156 609 144 181
135 2 1 597 144 156 635 169 181
136 3 1 596 169 106 634 219 169
137 3 1 596 169 169 634 219 232
138 2 1 609 106 156 634 144 181
139 2 1 634 169 106 659 194 144
140 2 1 634 194 106 659 219 144
141 2 1 634 169 144 659 194 182
142 2 1 634 194 144 659 219 182
143 2 1 634 169 182 659 194 220
144 2 1 634 194 182 659 219 220
145 2 1 635 106 106 660 131 144
146 2 1 635 131 106 660 156 144
147 2 1 635 106 144 660 144 169
148 2 1 635 106 169 660 144 194
149 2 1 635 106 194 660 144 219
150 2 1 659 156 106 697 181 131
151 2 1 659 156 131 697 181 156
152 2 1 659 156 156 697 181 181
153 2 1 659 156 181 697 181 206
154 2 1 659 156 206 697 181 231
155 3 1 659 181 106 709 219 169
156 2 1 659 181 169 684 219 194
157 2 1 684 181 169 709 219 194
158 2 1 659 181 194 684 219 219
159 2 1 684 181 194 709 219 219
160 2 1 660 106 106 698 131 131
161 2 1 660 106 131 698 131 156
162 2 1 660 106 156 698 131 181
163 2 1 660 106 181 698 131 206
164 2 1 660 106 206 698 131 231
165 2 1 660 131 106 698 156 131
166 2 1 698 131 106 736 156 131
167 2 1 660 131 131 698 156 156
168 2 1 698 131 131 736 156 156
169 2 1 660 131 156 698 156 181
170 2 1 698 131 156 736 156 181
171 2 1 660 131 181 698 156 206
172 2 1 698 131 181 736 156 206
173 2 1 660 131 206 698 156 231
174 2 1 698 131 206 736 156 231
175 3 1 691 0 63 754 50 101
176 3 1 691 50 63 754 100 101
177 3 1 691 0 101 754 50 139
178 3 1 691 50 101 754 100 139
179 3 1 691 0 139 754 50 177
180 3 1 691 50 139 754 100 177
181 3 1 691 0 177 754 50 215
182 3 1 691 50 177 754 100 215
183 2 1 697 156 106 722 181 144
184 2 1 697 156 144 722 181 182
185 2 1 697 156 182 722 181 220
186 2 1 698 106 106 723 131 144
187 2 1 723 106 106 748 131 144
188 2 1 698 106 144 723 131 182
189 2 1 723 106 144 748 131 182
190 2 1 698 106 182 723 131 220
191 2 1 723 106 182 748 131 220
192 2 1 709 181 106 734 206 144
193 2 1 734 181 106 759 206 144
194 2 1 709 206 106 734 231 144
195 2 1 734 206 106 759 231 144
196 2 1 709 181 144 734 206 182
197 2 1 734 181 144 759 206 182
198 2 1 709 206 144 734 231 182
199 2 1 734 206 144 759 231 182
200 2 1 709 181 182 734 206 220
201 2 1 734 181 182 759 206 220
202 2 1 709 206 182 734 231 220
203 2 1 734 206 182 759 231 220
204 2 1 722 156 106 747 181 144
205 2 1 722 156 144 747 181 182
206 2 1 722 156 182 747 181 220
207 3 1 748 106 106 786 156 169
208 3 1 786 106 106 824 156 169
209 3 1 824 106 106 862 156 169
210 3 1 748 106 169 786 156 232
211 3 1 786 106 169 824 156 232
212 3 1 824 106 169 862 156 232
213 3 1 754 0 63 817 50 101
214 3 1 754 50 63 817 100 101
215 3 1 754 0 101 792 50 164
216 3 1 754 0 164 792 50 227
217 3 1 754 50 101 817 88 151
218 3 1 754 50 151 817 88 201
219 2 1 754 50 201 792 75 226
220 2 1 792 50 201 817 88 226
221 2 1 759 156 106 797 181 131
222 2 1 797 156 106 835 181 131
223 2 1 759 156 131 797 181 156
224 2 1 797 156 131 835 181 156
225 2 1 759 156 156 797 181 181
226 2 1 797 156 156 835 181 181
227 2 1 759 156 181 797 181 206
228 2 1 797 156 181 835 181 206
229 2 1 759 156 206 797 181 231
230 2 1 797 156 206 835 181 231
231 3 1 759 181 106 797 231 169
232 3 1 759 181 169 797 231 232
233 3 1 797 181 106 860 231 144
234 3 1 797 181 144 860 219 194
235 4 1 847 0 0 911 40 228
236 4 1 911 0 0 975 40 228
237 4 1 975 0 0 1039 40 228
238 4 1 1039 0 0 1103 40 228
239 4 1 1103 0 0 1167 40 228
240 4 1 847 40 0 911 80 228
241 4 1 911 40 0 975 80 228
242 4 1 975 40 0 1039 80 228
243 4 1 1039 40 0 1103 80 228
244 4 1 1103 40 0 1167 80 228
245 5 1 862 106 106 943 220 172
246 5 1 862 106 172 943 220 238
247 3 1 1144 80 0 1194 143 38
248 4 1 1144 143 0 1184 207 228
