Utilizacion 69.812897 VolCajasEmpacado 59.225514 Duracion[s] 32.070000 Iteraciones 43
0 5 0 0 0 0 101 116 197
1 5 0 101 0 0 202 116 197
2 5 0 202 0 0 303 116 197
3 5 0 303 0 0 404 116 197
4 5 0 0 116 0 101 232 197
5 5 0 101 116 0 202 232 197
6 5 0 202 116 0 303 232 197
7 5 0 303 116 0 404 232 197
8 1 0 0 0 197 50 20 217
9 1 0 50 0 197 100 20 217
10 1 0 0 20 197 50 40 217
11 1 0 50 20 197 100 40 217
12 1 0 0 40 197 50 60 217
13 1 0 50 40 197 100 60 217
14 1 0 0 60 197 50 80 217
15 1 0 50 60 197 100 80 217
16 1 0 0 80 197 50 100 217
17 1 0 50 80 197 100 100 217
18 1 0 0 100 197 50 120 217
19 1 0 50 100 197 100 120 217
20 1 0 0 120 197 50 140 217
21 1 0 50 120 197 100 140 217
22 1 0 0 140 197 50 160 217
23 1 0 50 140 197 100 160 217
24 1 0 0 160 197 50 180 217
25 1 0 50 160 197 100 180 217
26 1 0 0 180 197 50 200 217
27 1 0 50 180 197 100 200 217
28 1 0 0 200 197 50 220 217
29 1 0 50 200 197 100 220 217
30 1 0 0 220 197 50 240 217
31 1 0 50 220 197 100 240 217
32 1 0 0 0 217 50 20 237
33 1 0 50 0 217 100 20 237
34 1 0 0 20 217 50 40 237
35 1 0 50 20 217 100 40 237
36 1 0 0 40 217 50 60 237
37 1 0 50 40 217 100 60 237
38 1 0 0 60 217 50 80 237
39 1 0 50 60 217 100 80 237
40 1 0 0 80 217 50 100 237
41 1 0 50 80 217 100 100 237
42 1 0 0 100 217 50 120 237
43 1 0 50 100 217 100 120 237
44 1 0 0 120 217 50 140 237
45 1 0 50 120 217 100 140 237
46 1 0 0 140 217 50 160 237
47 1 0 50 140 217 100 160 237
48 1 0 0 160 217 50 180 237
49 1 0 50 160 217 100 180 237
50 1 0 0 180 217 50 200 237
51 1 0 50 180 217 100 200 237
52 1 0 0 200 217 50 220 237
53 1 0 50 200 217 100 220 237
54 1 0 0 220 217 50 240 237
55 1 0 50 220 217 100 240 237
56 0 0 100 0 197 165 20 200
57 0 0 165 0 197 230 20 200
58 0 0 230 0 197 295 20 200
59 0 0 295 0 197 360 20 200
60 0 0 360 0 197 425 20 200
61 0 0 100 20 197 165 40 200
62 0 0 165 20 197 230 40 200
63 0 0 230 20 197 295 40 200
64 0 0 295 20 197 360 40 200
65 0 0 360 20 197 425 40 200
66 0 0 100 40 197 165 60 200
67 0 0 165 40 197 230 60 200
68 0 0 230 40 197 295 60 200
69 0 0 295 40 197 360 60 200
70 0 0 360 40 197 425 60 200
71 0 0 100 60 197 165 80 200
72 0 0 165 60 197 230 80 200
73 0 0 230 60 197 295 80 200
74 0 0 295 60 197 360 80 200
75 0 0 360 60 197 425 80 200
76 1 0 100 0 200 120 50 220
77 1 0 120 0 200 140 50 220
78 1 0 140 0 200 160 50 220
79 1 0 160 0 200 180 50 220
80 1 0 180 0 200 200 50 220
81 1 0 200 0 200 220 50 220
82 1 0 220 0 200 240 50 220
83 1 0 240 0 200 260 50 220
84 1 0 100 0 220 120 50 240
85 1 0 120 0 220 140 50 240
86 1 0 140 0 220 160 50 240
87 1 0 160 0 220 180 50 240
88 1 0 180 0 220 200 50 240
89 1 0 200 0 220 220 50 240
90 1 0 220 0 220 240 50 240
91 1 0 240 0 220 260 50 240
92 1 0 100 80 197 150 100 217
93 4 0 404 80 0 483 157 69
94 4 0 483 80 0 562 157 69
95 4 0 562 80 0 641 157 69
96 4 0 641 80 0 720 157 69
97 4 0 720 80 0 799 157 69
98 4 0 799 80 0 878 157 69
99 4 0 878 80 0 957 157 69
100 4 0 957 80 0 1036 157 69
101 4 0 1036 80 0 1115 157 69
102 4 0 1115 80 0 1194 157 69
103 4 0 1194 80 0 1273 157 69
104 4 0 404 157 0 483 234 69
105 4 0 483 157 0 562 234 69
106 4 0 562 157 0 641 234 69
107 4 0 641 157 0 720 234 69
108 4 0 720 157 0 799 234 69
109 4 0 799 157 0 878 234 69
110 4 0 878 157 0 957 234 69
111 4 0 957 157 0 1036 234 69
112 4 0 1036 157 0 1115 234 69
113 4 0 1115 157 0 1194 234 69
114 4 0 1194 157 0 1273 234 69
115 2 0 404 80 69 462 135 118
116 2 0 404 80 118 462 135 167
117 2 0 404 80 167 462 135 216
118 3 0 404 135 69 478 212 136
119 4 0 404 135 136 481 214 205
120 3 0 425 0 0 502 74 67
121 4 0 425 0 67 502 79 136
122 4 0 425 0 136 502 79 205
123 2 0 462 79 69 520 134 118
124 2 0 520 79 69 578 134 118
125 2 0 578 79 69 636 134 118
126 2 0 636 79 69 694 134 118
127 2 0 694 79 69 752 134 118
128 2 0 752 79 69 810 134 118
129 2 0 810 79 69 868 134 118
130 2 0 868 79 69 926 134 118
131 2 0 926 79 69 984 134 118
132 4 0 481 134 69 558 213 138
133 5 0 558 0 118 674 197 219
134 7 1 100 214 197 152 232 200
135 7 1 100 214 200 152 232 203
136 7 1 100 214 203 152 232 206
137 7 1 100 214 206 152 232 209
138 7 1 100 214 209 152 232 212
139 7 1 100 214 212 152 232 215
140 7 1 100 214 215 152 232 218
141 7 1 100 214 218 152 232 221
142 7 1 100 214 221 152 232 224
143 7 1 100 214 224 152 232 227
144 7 1 100 214 227 152 232 230
145 7 1 100 214 230 152 232 233
146 7 1 100 214 233 152 232 236
147 7 1 100 214 236 152 232 239
148 7 1 100 214 239 152 232 242
149 7 1 100 214 242 152 232 245
150 6 1 100 234 0 145 237 15
151 6 1 100 237 0 145 240 15
152 6 1 145 234 0 190 237 15
153 6 1 145 237 0 190 240 15
154 6 1 152 214 197 155 229 242
155 6 1 152 229 197 167 232 242
156 6 1 155 214 197 200 229 200
157 6 1 155 214 200 200 229 203
158 6 1 155 214 203 200 229 206
159 6 1 155 214 206 200 229 209
160 6 1 155 214 209 200 229 212
161 6 1 155 214 212 200 229 215
162 7 1 200 214 197 252 232 200
163 7 1 200 214 200 252 232 203
164 7 1 200 214 203 252 232 206
165 7 1 200 214 206 252 232 209
166 7 1 200 214 209 252 232 212
167 7 1 200 214 212 252 232 215
168 7 1 200 214 215 252 232 218
169 7 1 200 214 218 252 232 221
170 7 1 200 214 221 252 232 224
171 7 1 200 214 224 252 232 227
172 7 1 200 214 227 252 232 230
173 10 1 674 0 0 760 75 85
174 10 1 760 0 0 846 75 85
175 10 1 846 0 0 932 75 85
176 10 1 932 0 0 1018 75 85
177 10 1 1018 0 0 1104 75 85
178 10 1 1104 0 0 1190 75 85
179 10 1 1190 0 0 1276 75 85
180 8 1 674 134 69 738 202 126
181 8 1 674 0 85 731 68 149
182 8 1 731 0 85 788 68 149
183 8 1 788 0 85 845 68 149
184 8 1 845 0 85 902 68 149
185 8 1 902 0 85 959 68 149
186 8 1 959 0 85 1016 68 149
187 8 1 1016 0 85 1073 68 149
188 8 1 1073 0 85 1130 68 149
189 8 1 1130 0 85 1187 68 149
190 8 1 1187 0 85 1244 68 149
191 8 1 1244 0 85 1301 68 149
192 8 1 674 0 149 731 68 213
193 8 1 731 0 149 788 68 213
194 8 1 788 0 149 845 68 213
195 8 1 845 0 149 902 68 213
196 8 1 902 0 149 959 68 213
197 8 1 959 0 149 1016 68 213
198 8 1 1016 0 149 1073 68 213
199 8 1 1073 0 149 1130 68 213
200 8 1 1130 0 149 1187 68 213
201 8 1 1187 0 149 1244 68 213
202 8 1 1244 0 149 1301 68 213
203 8 1 674 68 118 738 125 186
204 8 1 674 68 186 742 132 243
205 10 1 674 132 126 759 218 201
206 8 1 742 68 118 810 132 175
207 8 1 810 68 118 878 132 175
208 9 1 759 134 69 836 201 143
209 9 1 759 134 143 836 201 217
210 12 2 836 134 69 931 226 151
211 12 2 931 134 69 1026 226 151
212 12 2 1026 134 69 1121 226 151
213 12 2 836 134 151 931 226 233
214 12 2 931 134 151 1026 226 233
215 12 2 1026 134 151 1121 226 233
216 11 2 1121 75 69 1196 161 154
217 11 2 1121 75 154 1196 161 239
218 11 2 1121 161 69 1207 236 154
219 11 2 1121 161 154 1207 236 239
220 13 2 1207 75 69 1315 193 169
