Utilizacion 76.507407 VolCajasEmpacado 50.129615 Duracion[s] 25.150000 Iteraciones 853
0 9 0 0 0 0 168 155 195
1 9 0 168 0 0 336 155 195
2 9 0 336 0 0 504 155 195
3 9 0 504 0 0 672 155 195
4 9 0 672 0 0 840 155 195
5 0 0 0 155 0 77 222 74
6 5 0 0 0 195 37 40 228
7 5 0 37 0 195 74 40 228
8 5 0 74 0 195 111 40 228
9 5 0 111 0 195 148 40 228
10 0 0 0 155 74 67 232 148
11 0 0 0 155 148 67 232 222
12 8 0 0 40 195 49 84 245
13 7 0 77 155 0 131 216 60
14 0 0 77 155 60 154 222 134
15 0 0 67 155 134 144 222 208
16 4 0 154 155 0 249 237 92
17 6 0 154 155 92 231 229 159
18 6 0 154 155 159 231 229 226
19 0 0 249 155 0 316 232 74
20 4 0 249 155 74 344 237 166
21 7 0 231 155 166 285 216 226
22 7 0 285 155 166 339 216 226
23 0 0 344 155 0 421 222 74
24 4 0 344 155 74 439 237 166
25 0 0 439 155 0 506 232 74
26 7 0 439 155 74 500 209 134
27 7 0 439 155 134 500 209 194
28 4 0 506 155 0 601 237 92
29 4 0 500 155 92 595 237 184
30 4 0 601 155 0 696 237 92
31 4 0 696 155 0 788 237 95
32 1 0 840 0 0 940 129 116
33 1 0 940 0 0 1040 129 116
34 1 0 1040 0 0 1140 129 116
35 1 0 1140 0 0 1240 129 116
36 1 0 1240 0 0 1340 129 116
37 1 0 840 0 116 969 100 232
38 1 0 840 129 0 969 229 116
39 1 0 969 129 0 1098 229 116
40 1 0 1098 129 0 1227 229 116
41 1 0 969 0 116 1085 129 216
42 1 0 840 100 116 956 229 216
43 1 0 956 129 116 1072 229 245
44 1 0 1072 129 116 1188 229 245
45 1 0 1085 0 116 1185 129 232
46 1 0 1185 0 116 1285 116 245
47 1 0 1227 129 0 1343 229 129
48 2 0 1188 116 129 1288 234 237
