Utilizacion 70.879809 VolCajasEmpacado 91.812966 Duracion[s] 11.238000 Iteraciones 130
0 5 0 0 0 0 37 30 34
1 5 0 0 30 0 37 60 34
2 5 0 0 60 0 37 90 34
3 5 0 0 90 0 37 120 34
4 5 0 0 120 0 37 150 34
5 5 0 0 150 0 37 180 34
6 5 0 0 180 0 37 210 34
7 5 0 0 210 0 37 240 34
8 6 0 0 0 34 40 42 72
9 6 0 0 42 34 40 84 72
10 6 0 0 84 34 40 126 72
11 6 0 0 0 72 40 42 110
12 6 0 0 42 72 40 84 110
13 6 0 0 84 72 40 126 110
14 6 0 0 0 110 40 42 148
15 6 0 0 42 110 40 84 148
16 6 0 0 84 110 40 126 148
17 8 0 0 0 148 45 41 194
18 8 0 0 41 148 45 82 194
19 8 0 0 82 148 45 123 194
20 8 0 0 0 194 45 41 240
21 8 0 0 41 194 45 82 240
22 8 0 0 82 194 45 123 240
23 2 0 0 0 240 31 14 241
24 2 0 0 14 240 31 28 241
25 2 0 0 28 240 31 42 241
26 2 0 0 42 240 31 56 241
27 2 0 0 56 240 31 70 241
28 2 0 0 70 240 31 84 241
29 2 0 0 84 240 31 98 241
30 2 0 0 98 240 31 112 241
31 2 0 0 112 240 31 126 241
32 5 0 0 126 34 34 163 64
33 5 0 0 126 64 34 163 94
34 4 0 0 0 241 22 50 243
35 4 0 0 0 243 22 50 245
36 4 0 0 50 241 50 72 243
37 2 0 0 50 243 31 64 244
38 2 0 0 64 243 31 78 244
39 4 0 0 78 241 22 128 243
40 4 0 0 78 243 22 128 245
41 2 0 22 0 241 36 31 242
42 4 0 22 0 242 44 50 244
43 8 0 0 128 94 45 174 135
44 8 0 0 128 135 45 174 176
45 8 0 0 128 176 45 174 217
46 2 0 0 128 217 31 142 218
47 2 0 0 142 217 31 156 218
48 2 0 0 156 217 31 170 218
49 2 0 0 128 218 14 159 219
50 2 0 0 174 34 31 188 35
51 4 0 0 128 219 2 178 241
52 4 0 2 128 219 4 178 241
53 4 0 4 128 219 6 178 241
54 4 0 6 128 219 8 178 241
55 4 0 8 128 219 10 178 241
56 4 0 10 128 219 12 178 241
57 4 0 12 128 219 14 178 241
58 2 0 31 50 243 62 64 244
59 2 0 31 64 243 62 78 244
60 4 0 0 128 241 22 178 243
61 2 0 0 128 243 14 159 244
62 4 0 0 178 35 50 180 57
63 4 0 0 178 57 50 180 79
64 4 0 31 78 240 53 128 242
65 4 0 31 78 242 53 128 244
66 4 0 0 188 34 2 238 56
67 4 0 2 188 34 4 238 56
68 8 0 4 188 34 45 234 79
69 6 0 45 0 0 85 42 38
70 7 0 45 180 0 106 240 54
71 7 0 45 180 54 106 240 108
72 7 0 45 180 108 106 240 162
73 7 0 45 180 162 106 240 216
74 7 0 53 78 0 107 139 60
75 7 0 53 78 60 107 139 120
76 7 0 53 78 120 107 139 180
77 7 0 53 78 180 107 139 240
78 9 0 85 0 0 140 55 49
79 9 0 85 0 49 140 55 98
80 9 0 85 0 98 140 55 147
81 9 0 85 0 147 140 55 196
82 9 0 85 0 196 140 55 245
83 3 0 106 139 0 222 240 197
84 1 0 107 55 0 227 135 113
85 7 0 107 55 113 161 115 174
86 7 0 107 55 174 161 115 235
87 9 0 140 0 0 195 55 49
88 9 0 140 0 49 195 55 98
89 9 0 140 0 98 195 55 147
90 9 0 140 0 147 195 55 196
91 9 0 140 0 196 195 55 245
92 3 0 222 135 0 338 236 197
93 0 0 227 0 0 350 122 86
94 10 1 0 128 244 20 140 245
95 10 1 0 140 244 20 152 245
96 10 1 0 152 244 20 164 245
97 10 1 22 55 244 34 75 245
98 10 1 0 164 243 12 184 244
99 10 1 12 164 243 24 184 244
100 10 1 22 139 218 34 159 219
101 10 1 22 139 219 42 151 220
102 10 1 53 78 240 73 90 241
103 10 1 22 151 219 42 163 220
104 14 1 53 78 241 86 90 243
105 14 1 53 78 243 86 90 245
106 10 1 22 139 220 34 159 221
107 10 1 22 139 221 42 151 222
108 10 1 22 151 221 42 163 222
109 14 1 22 139 222 55 151 224
110 14 1 22 139 224 55 151 226
111 14 1 22 139 226 55 151 228
112 14 1 22 139 228 55 151 230
113 14 1 22 139 230 55 151 232
114 14 1 22 139 232 55 151 234
115 14 1 22 139 234 55 151 236
116 14 1 22 139 236 55 151 238
117 10 1 22 90 244 42 102 245
118 10 1 22 102 244 42 114 245
119 10 1 22 114 244 42 126 245
120 10 1 42 90 244 54 110 245
121 10 1 42 110 244 54 130 245
122 10 1 22 139 238 34 159 239
123 10 1 34 139 238 46 159 239
124 10 1 46 139 238 58 159 239
125 10 1 54 90 240 66 110 241
126 10 1 66 90 240 78 110 241
127 10 1 78 90 240 90 110 241
128 10 1 90 90 240 102 110 241
129 10 1 54 110 240 74 122 241
130 10 1 54 122 240 74 134 241
131 10 1 31 163 217 43 183 218
132 10 1 74 110 240 86 130 241
133 10 1 74 130 240 94 142 241
134 13 1 94 139 197 131 179 230
135 12 1 106 179 197 156 228 241
136 12 1 156 179 197 206 228 241
137 12 1 206 179 197 256 228 241
138 12 1 256 179 197 306 228 241
139 12 1 306 179 197 356 228 241
140 12 1 131 115 197 180 165 241
141 12 1 161 55 113 211 104 157
142 12 1 161 55 157 211 104 201
143 13 1 161 55 201 201 92 234
144 11 1 227 0 86 340 126 230
145 11 1 350 0 0 463 126 144
146 11 1 356 126 0 482 239 144
147 11 1 463 0 0 576 126 144
148 29 2 54 90 241 79 103 242
149 29 2 54 103 241 79 116 242
150 29 2 54 90 242 79 103 243
151 29 2 54 103 242 79 116 243
152 29 2 54 90 243 67 115 244
153 28 2 54 116 241 94 132 243
154 29 2 54 90 244 79 103 245
155 29 2 54 103 244 79 116 245
156 29 2 54 116 243 79 129 244
157 29 2 79 116 243 104 129 244
158 29 2 54 116 244 79 129 245
159 29 2 79 116 244 104 129 245
160 29 2 106 228 197 119 229 222
161 29 2 106 229 197 119 230 222
162 29 2 106 230 197 119 231 222
163 29 2 106 231 197 119 232 222
164 29 2 106 232 197 119 233 222
165 29 2 106 233 197 119 234 222
166 29 2 106 234 197 119 235 222
167 29 2 106 235 197 119 236 222
168 29 2 106 236 197 119 237 222
169 29 2 106 237 197 119 238 222
170 29 2 106 238 197 119 239 222
171 29 2 106 239 197 119 240 222
172 28 2 107 55 235 147 71 237
173 28 2 107 55 237 147 71 239
174 28 2 107 55 239 147 71 241
175 28 2 107 55 241 147 71 243
176 28 2 107 55 243 147 71 245
177 28 2 86 71 240 126 87 242
178 28 2 86 71 242 126 87 244
179 29 2 86 71 244 99 96 245
180 29 2 99 71 244 112 96 245
181 29 2 107 96 235 132 109 236
182 28 2 107 96 236 147 112 238
183 28 2 107 96 238 147 112 240
184 28 2 107 96 240 147 112 242
185 28 2 107 96 242 147 112 244
186 29 2 104 96 244 129 109 245
187 29 2 112 71 244 137 84 245
188 29 2 129 84 244 142 109 245
189 29 2 137 71 235 162 84 236
190 29 2 137 71 236 162 84 237
191 29 2 119 228 197 132 229 222
192 29 2 119 229 197 132 230 222
193 29 2 119 230 197 132 231 222
194 29 2 119 231 197 132 232 222
195 29 2 119 232 197 132 233 222
196 29 2 119 233 197 132 234 222
197 29 2 119 234 197 132 235 222
198 29 2 119 235 197 132 236 222
199 29 2 119 236 197 132 237 222
200 28 2 142 71 237 182 87 239
201 28 2 142 71 239 182 87 241
202 28 2 142 71 241 182 87 243
203 28 2 142 71 243 182 87 245
204 28 2 161 55 234 201 71 236
205 28 2 161 55 236 201 71 238
206 28 2 161 55 238 201 71 240
207 28 2 161 55 240 201 71 242
208 28 2 161 55 242 201 71 244
209 27 2 180 126 197 221 169 233
210 27 2 221 126 197 262 169 233
211 28 2 182 71 234 198 111 236
212 28 2 180 87 236 196 127 238
213 28 2 180 87 238 196 127 240
214 28 2 180 87 240 196 127 242
215 28 2 180 87 242 196 127 244
216 28 2 180 127 233 220 143 235
217 28 2 180 143 233 220 159 235
218 28 2 180 159 233 220 175 235
219 28 2 180 127 235 220 143 237
220 28 2 180 143 235 220 159 237
221 28 2 180 159 235 220 175 237
222 28 2 180 127 237 196 167 239
223 28 2 196 127 237 212 167 239
224 28 2 212 127 237 228 167 239
225 28 2 180 127 239 196 167 241
226 28 2 196 127 239 212 167 241
227 28 2 212 127 239 228 167 241
228 28 2 262 126 197 278 166 199
229 28 2 262 126 199 278 166 201
230 21 2 340 0 144 446 92 245
231 23 2 340 92 144 425 178 219
232 24 2 425 92 144 502 166 211
233 24 2 425 166 144 502 240 211
234 26 2 446 0 144 513 77 218
235 18 2 502 126 0 603 232 92
236 18 2 502 126 92 603 232 184
237 16 2 513 0 144 621 118 244
238 25 2 502 118 184 571 186 245
239 16 2 603 118 0 721 226 100
240 16 2 603 118 100 721 226 200
241 20 2 621 0 0 719 107 147
242 21 2 621 0 147 722 106 239
243 22 2 721 106 0 828 196 116
244 25 2 721 106 116 789 175 177
245 25 2 789 106 116 857 175 177
246 25 2 721 106 177 789 175 238
247 25 2 789 106 177 857 175 238
248 23 2 722 0 0 808 85 75
249 23 2 808 0 0 894 85 75
250 23 2 894 0 0 980 85 75
251 23 2 980 0 0 1066 85 75
252 23 2 1066 0 0 1152 85 75
253 23 2 1152 0 0 1238 85 75
254 23 2 1238 0 0 1324 85 75
255 24 2 722 0 75 799 74 142
256 24 2 799 0 75 876 74 142
257 24 2 876 0 75 953 74 142
258 24 2 953 0 75 1030 74 142
259 24 2 1030 0 75 1107 74 142
260 24 2 1107 0 75 1184 74 142
261 24 2 1184 0 75 1261 74 142
262 24 2 1261 0 75 1338 74 142
263 24 2 722 0 142 796 77 209
264 23 2 796 0 142 881 86 217
265 15 2 857 86 0 993 224 197
266 26 2 881 0 142 948 77 216
267 26 2 948 0 142 1025 67 216
268 26 2 1025 0 142 1102 67 216
269 26 2 1102 0 142 1179 67 216
270 26 2 1179 0 142 1256 67 216
271 24 2 993 85 0 1067 162 67
272 23 2 993 85 67 1079 170 142
273 23 2 993 85 142 1079 170 217
274 25 2 993 170 0 1061 239 61
275 25 2 993 170 61 1061 239 122
276 25 2 993 170 122 1061 239 183
277 17 2 1079 85 0 1228 239 148
278 23 2 1079 67 148 1164 153 223
279 16 2 1228 85 0 1346 193 100
