Utilizacion 70.197239 VolCajasEmpacado 92.447457 Duracion[s] 50.140000 Iteraciones 77
0 12 0 0 0 0 10 31 3
1 12 0 0 31 0 10 62 3
2 12 0 0 62 0 10 93 3
3 12 0 0 93 0 10 124 3
4 12 0 0 124 0 10 155 3
5 12 0 0 155 0 10 186 3
6 12 0 0 186 0 10 217 3
7 12 0 0 0 3 10 31 6
8 12 0 0 31 3 10 62 6
9 12 0 0 62 3 10 93 6
10 12 0 0 93 3 10 124 6
11 12 0 0 124 3 10 155 6
12 12 0 0 155 3 10 186 6
13 12 0 0 186 3 10 217 6
14 11 0 0 217 0 10 237 3
15 11 0 10 217 0 20 237 3
16 11 0 20 217 0 30 237 3
17 11 0 30 217 0 40 237 3
18 11 0 40 217 0 50 237 3
19 11 0 50 217 0 60 237 3
20 11 0 60 217 0 70 237 3
21 11 0 70 217 0 80 237 3
22 11 0 80 217 0 90 237 3
23 11 0 90 217 0 100 237 3
24 11 0 100 217 0 110 237 3
25 11 0 110 217 0 120 237 3
26 11 0 120 217 0 130 237 3
27 11 0 130 217 0 140 237 3
28 11 0 140 217 0 150 237 3
29 11 0 150 217 0 160 237 3
30 11 0 160 217 0 170 237 3
31 11 0 170 217 0 180 237 3
32 11 0 180 217 0 190 237 3
33 11 0 190 217 0 200 237 3
34 11 0 200 217 0 210 237 3
35 11 0 210 217 0 220 237 3
36 11 0 220 217 0 230 237 3
37 11 0 230 217 0 240 237 3
38 11 0 240 217 0 250 237 3
39 11 0 250 217 0 260 237 3
40 11 0 260 217 0 270 237 3
41 11 0 270 217 0 280 237 3
42 11 0 280 217 0 290 237 3
43 11 0 290 217 0 300 237 3
44 12 0 0 217 3 31 227 6
45 12 0 0 217 6 31 227 9
46 12 0 0 217 9 31 227 12
47 12 0 0 217 12 31 227 15
48 12 0 0 217 15 31 227 18
49 12 0 0 217 18 31 227 21
50 0 0 10 0 0 50 42 38
51 0 0 10 42 0 50 84 38
52 0 0 10 84 0 50 126 38
53 0 0 10 126 0 50 168 38
54 0 0 10 168 0 50 210 38
55 2 0 0 0 38 75 85 124
56 2 0 0 85 38 75 170 124
57 2 0 0 0 124 75 85 210
58 2 0 0 85 124 75 170 210
59 0 0 0 170 38 42 210 76
60 0 0 0 170 76 42 210 114
61 0 0 0 170 114 42 210 152
62 0 0 0 170 152 42 210 190
63 0 0 0 170 190 42 210 228
64 8 0 0 0 210 34 37 240
65 8 0 0 37 210 34 74 240
66 8 0 0 74 210 34 111 240
67 8 0 0 111 210 34 148 240
68 8 0 34 0 210 68 37 240
69 8 0 34 37 210 68 74 240
70 8 0 34 74 210 68 111 240
71 8 0 34 111 210 68 148 240
72 8 0 42 148 210 76 185 240
73 9 0 75 0 0 213 136 197
74 6 0 75 0 197 116 43 233
75 6 0 116 0 197 157 43 233
76 8 0 75 43 197 109 80 227
77 4 0 76 136 0 136 197 54
78 3 0 76 136 54 182 237 146
79 3 0 76 136 146 182 237 238
80 4 0 182 136 0 242 197 54
81 2 0 182 136 54 257 221 140
82 2 0 182 136 140 257 221 226
83 7 0 213 0 0 326 126 144
84 2 0 213 0 144 299 75 229
85 4 0 213 75 144 273 136 198
86 1 0 257 136 0 377 216 113
87 2 0 273 75 144 358 150 230
88 4 0 257 150 113 317 211 167
89 4 0 257 150 167 318 210 221
90 2 0 318 150 113 404 235 188
91 4 0 318 150 188 379 210 242
92 2 0 326 0 0 411 75 86
93 2 0 326 0 86 412 75 171
94 4 0 299 0 171 359 61 225
95 4 0 358 75 0 418 136 54
96 4 0 358 75 54 419 135 108
97 4 0 358 75 108 419 135 162
98 5 0 404 136 0 511 234 147
99 2 0 404 135 147 489 221 222
100 7 0 419 0 0 532 126 144
101 7 0 511 126 0 637 239 144
102 7 0 532 0 0 645 126 144
103 10 0 645 0 0 799 149 148
104 19 1 0 0 240 35 12 243
105 19 1 0 12 240 35 24 243
106 19 1 0 24 240 35 36 243
107 19 1 0 36 240 35 48 243
108 19 1 0 48 240 35 60 243
109 19 1 0 60 240 35 72 243
110 19 1 0 72 240 35 84 243
111 19 1 0 84 240 35 96 243
112 19 1 0 96 240 35 108 243
113 19 1 0 108 240 35 120 243
114 13 1 0 120 240 25 130 243
115 13 1 0 130 240 25 140 243
116 13 1 0 140 240 25 150 243
117 18 1 25 120 240 65 133 244
118 18 1 25 133 240 65 146 244
119 13 1 35 0 240 60 10 243
120 13 1 35 10 240 60 20 243
121 13 1 35 20 240 60 30 243
122 13 1 35 30 240 60 40 243
123 13 1 35 40 240 60 50 243
124 13 1 35 50 240 60 60 243
125 13 1 35 60 240 60 70 243
126 13 1 35 70 240 60 80 243
127 13 1 35 80 240 60 90 243
128 13 1 35 90 240 60 100 243
129 13 1 35 100 240 60 110 243
130 13 1 35 110 240 60 120 243
131 18 1 60 0 240 73 40 244
132 18 1 60 40 240 73 80 244
133 18 1 60 80 240 73 120 244
134 13 1 73 0 233 98 10 236
135 13 1 73 10 233 98 20 236
136 13 1 73 20 233 98 30 236
137 13 1 73 30 233 98 40 236
138 13 1 73 0 236 98 10 239
139 13 1 73 10 236 98 20 239
140 13 1 73 20 236 98 30 239
141 13 1 73 30 236 98 40 239
142 13 1 73 0 239 98 10 242
143 13 1 73 10 239 98 20 242
144 13 1 73 20 239 98 30 242
145 13 1 73 30 239 98 40 242
146 13 1 73 0 242 98 10 245
147 13 1 73 10 242 98 20 245
148 13 1 73 20 242 98 30 245
149 13 1 73 30 242 98 40 245
150 13 1 98 0 233 108 25 236
151 13 1 98 0 236 108 25 239
152 13 1 98 0 239 108 25 242
153 13 1 98 0 242 108 25 245
154 13 1 98 25 233 108 50 236
155 13 1 98 25 236 108 50 239
156 13 1 98 25 239 108 50 242
157 13 1 98 25 242 108 50 245
158 18 1 108 0 233 148 13 237
159 18 1 108 13 233 148 26 237
160 18 1 108 26 233 148 39 237
161 18 1 108 0 237 148 13 241
162 18 1 108 13 237 148 26 241
163 18 1 108 26 237 148 39 241
164 18 1 108 0 241 148 13 245
165 18 1 108 13 241 148 26 245
166 18 1 108 26 241 148 39 245
167 18 1 148 0 233 161 40 237
168 18 1 148 0 237 161 40 241
169 18 1 148 0 241 161 40 245
170 18 1 182 210 226 222 223 230
171 18 1 222 210 226 262 223 230
172 18 1 182 210 230 222 223 234
173 18 1 222 210 230 262 223 234
174 18 1 182 210 234 222 223 238
175 18 1 222 210 234 262 223 238
176 18 1 182 210 238 222 223 242
177 18 1 222 210 238 262 223 242
178 18 1 299 0 225 312 40 229
179 18 1 312 0 225 325 40 229
180 18 1 325 0 225 338 40 229
181 18 1 299 0 229 312 40 233
182 18 1 312 0 229 325 40 233
183 18 1 325 0 229 338 40 233
184 18 1 299 0 233 312 40 237
185 18 1 312 0 233 325 40 237
186 18 1 325 0 233 338 40 237
187 18 1 299 0 237 312 40 241
188 18 1 312 0 237 325 40 241
189 18 1 325 0 237 338 40 241
190 18 1 299 0 241 312 40 245
191 18 1 312 0 241 325 40 245
192 18 1 325 0 241 338 40 245
193 13 1 299 40 225 309 65 228
194 17 1 359 0 171 414 55 220
195 17 1 358 75 162 413 130 211
196 17 1 511 149 144 566 204 193
197 17 1 566 149 144 621 204 193
198 17 1 511 149 193 566 204 242
199 17 1 566 149 193 621 204 242
200 17 1 621 0 148 676 55 197
201 17 1 621 55 148 676 110 197
202 17 1 621 110 148 676 165 197
203 17 1 637 165 0 692 220 49
204 14 1 676 0 148 777 106 240
205 15 1 799 0 0 900 116 197
206 15 1 799 116 0 900 232 197
207 16 1 900 0 0 1071 180 163
208 14 1 1071 0 0 1163 106 101
209 28 2 358 106 211 408 126 215
210 28 2 358 106 215 408 126 219
211 28 2 358 106 219 408 126 223
212 28 2 358 106 223 408 126 227
213 28 2 358 106 227 408 126 231
214 28 2 358 106 231 408 126 235
215 28 2 358 106 235 408 126 239
216 28 2 358 106 239 408 126 243
217 28 2 68 126 238 118 146 242
218 28 2 118 126 238 168 146 242
219 28 2 379 204 222 429 224 226
220 28 2 379 204 226 429 224 230
221 28 2 379 204 230 429 224 234
222 28 2 379 204 234 429 224 238
223 28 2 379 204 238 429 224 242
224 28 2 429 204 222 479 224 226
225 28 2 429 204 226 479 224 230
226 28 2 429 204 230 479 224 234
227 28 2 429 204 234 479 224 238
228 28 2 429 204 238 479 224 242
229 25 2 621 106 197 666 152 238
230 24 2 777 0 197 826 50 241
231 24 2 826 0 197 875 50 241
232 24 2 777 50 197 826 100 241
233 24 2 826 50 197 875 100 241
234 24 2 777 100 197 826 150 241
235 24 2 826 100 197 875 150 241
236 24 2 777 150 197 826 200 241
237 24 2 826 150 197 875 200 241
238 25 2 875 0 197 920 46 238
239 25 2 875 46 197 920 92 238
240 25 2 875 92 197 920 138 238
241 25 2 875 138 197 920 184 238
242 25 2 875 184 197 920 230 238
243 27 2 920 0 163 953 37 203
244 27 2 920 0 203 953 37 243
245 25 2 920 180 0 965 226 41
246 23 2 920 37 163 997 111 230
247 23 2 920 111 163 997 185 230
248 25 2 920 185 41 965 231 82
249 25 2 920 185 82 965 231 123
250 25 2 920 185 123 965 231 164
251 23 2 997 0 163 1064 74 240
252 23 2 997 74 163 1064 148 240
253 22 2 1071 0 101 1194 86 223
254 26 2 1071 106 0 1189 214 100
255 23 2 1071 106 100 1145 173 177
256 23 2 1071 173 100 1145 240 177
257 20 2 1064 86 177 1138 163 244
258 20 2 1145 106 100 1222 180 167
259 20 2 1145 106 167 1222 180 234
260 20 2 1194 0 0 1271 74 67
261 20 2 1271 0 0 1348 74 67
262 20 2 1194 0 67 1271 74 134
263 20 2 1271 0 67 1348 74 134
264 20 2 1194 0 134 1271 74 201
265 20 2 1271 0 134 1348 74 201
266 20 2 1222 74 0 1296 151 67
267 20 2 1222 151 0 1296 228 67
268 26 2 1222 74 67 1340 182 167
269 20 2 1222 74 167 1299 148 234
270 21 2 1222 148 167 1291 216 228
