Utilizacion 70.879809 VolCajasEmpacado 91.812966 Duracion[s] 20.580000 Iteraciones 231
0 8 0 0 0 0 46 41 45
1 8 0 0 41 0 46 82 45
2 8 0 0 82 0 46 123 45
3 8 0 0 123 0 46 164 45
4 8 0 0 164 0 46 205 45
5 5 0 0 205 0 37 235 34
6 5 0 0 205 34 37 235 68
7 5 0 0 205 68 37 235 102
8 5 0 0 205 102 37 235 136
9 5 0 0 205 136 37 235 170
10 5 0 0 205 170 37 235 204
11 5 0 0 205 204 37 235 238
12 4 0 0 235 0 50 237 22
13 4 0 50 235 0 100 237 22
14 4 0 100 235 0 150 237 22
15 4 0 150 235 0 200 237 22
16 4 0 200 235 0 250 237 22
17 4 0 250 235 0 300 237 22
18 4 0 300 235 0 350 237 22
19 4 0 350 235 0 400 237 22
20 4 0 400 235 0 450 237 22
21 4 0 450 235 0 500 237 22
22 4 0 0 235 22 50 237 44
23 4 0 50 235 22 100 237 44
24 4 0 100 235 22 150 237 44
25 4 0 150 235 22 200 237 44
26 4 0 200 235 22 250 237 44
27 4 0 250 235 22 300 237 44
28 4 0 300 235 22 350 237 44
29 4 0 350 235 22 400 237 44
30 4 0 400 235 22 450 237 44
31 4 0 450 235 22 500 237 44
32 8 0 0 0 45 46 45 86
33 8 0 0 45 45 46 90 86
34 8 0 0 90 45 46 135 86
35 8 0 0 135 45 46 180 86
36 2 0 0 0 86 14 31 87
37 2 0 14 0 86 28 31 87
38 2 0 28 0 86 42 31 87
39 2 0 0 31 86 14 62 87
40 2 0 14 31 86 28 62 87
41 2 0 28 31 86 42 62 87
42 2 0 0 62 86 14 93 87
43 2 0 14 62 86 28 93 87
44 2 0 28 62 86 42 93 87
45 2 0 0 93 86 14 124 87
46 2 0 14 93 86 28 124 87
47 2 0 28 93 86 42 124 87
48 2 0 0 124 86 14 155 87
49 2 0 14 124 86 28 155 87
50 2 0 28 124 86 42 155 87
51 2 0 0 155 86 14 186 87
52 2 0 14 155 86 28 186 87
53 2 0 28 155 86 42 186 87
54 5 0 0 0 87 37 30 121
55 5 0 0 0 121 37 30 155
56 5 0 0 0 155 37 30 189
57 8 0 0 0 189 41 46 234
58 2 0 0 186 45 31 200 46
59 2 0 0 0 234 14 31 235
60 0 0 46 0 0 132 123 122
61 1 0 0 46 122 120 126 235
62 6 0 41 0 122 81 42 160
63 6 0 41 0 160 81 42 198
64 6 0 41 0 198 81 42 236
65 7 0 46 126 0 100 186 61
66 7 0 46 126 61 100 186 122
67 7 0 46 126 122 100 186 183
68 7 0 46 126 183 100 186 244
69 6 0 46 186 0 86 228 38
70 6 0 46 186 38 86 228 76
71 6 0 46 186 76 86 228 114
72 6 0 46 186 114 86 228 152
73 6 0 46 186 152 86 228 190
74 6 0 46 186 190 86 228 228
75 6 0 81 0 122 123 40 160
76 7 0 100 126 0 161 180 60
77 7 0 100 180 0 161 234 60
78 7 0 86 186 60 147 240 120
79 7 0 86 186 120 147 240 180
80 7 0 86 186 180 147 240 240
81 7 0 100 126 60 154 186 121
82 9 0 100 126 121 155 181 170
83 9 0 100 126 170 155 181 219
84 3 0 132 0 0 233 116 197
85 3 0 161 116 0 262 232 197
86 9 0 233 0 0 288 55 49
87 9 0 233 0 49 288 55 98
88 9 0 233 0 98 288 55 147
89 9 0 233 0 147 288 55 196
90 9 0 233 0 196 288 55 245
91 9 0 233 55 0 288 110 49
92 9 0 233 55 49 288 110 98
93 9 0 233 55 98 288 110 147
94 14 1 0 55 235 12 88 237
95 14 1 0 88 235 12 121 237
96 10 1 0 55 237 12 75 238
97 10 1 0 75 237 12 95 238
98 10 1 0 95 237 12 115 238
99 10 1 0 55 238 20 67 239
100 14 1 0 55 239 33 67 241
101 14 1 0 55 241 33 67 243
102 14 1 0 55 243 33 67 245
103 14 1 0 67 238 12 100 240
104 14 1 0 67 240 12 100 242
105 14 1 0 67 242 12 100 244
106 10 1 0 100 238 12 120 239
107 10 1 0 100 239 20 112 240
108 10 1 0 112 239 20 124 240
109 14 1 0 100 240 33 112 242
110 14 1 0 100 242 33 112 244
111 10 1 12 67 235 24 87 236
112 10 1 12 67 236 32 79 237
113 10 1 12 79 236 32 91 237
114 10 1 20 112 235 40 124 236
115 10 1 40 112 235 60 124 236
116 10 1 60 112 235 80 124 236
117 10 1 80 112 235 100 124 236
118 10 1 100 112 235 120 124 236
119 10 1 32 67 235 44 87 236
120 10 1 32 67 236 52 79 237
121 10 1 32 79 236 52 91 237
122 10 1 33 55 235 53 67 236
123 10 1 33 91 235 45 111 236
124 10 1 45 91 235 65 103 236
125 10 1 52 67 235 72 79 236
126 10 1 72 67 235 92 79 236
127 10 1 92 67 235 112 79 236
128 10 1 52 79 235 72 91 236
129 10 1 72 79 235 92 91 236
130 10 1 92 79 235 112 91 236
131 10 1 53 55 235 73 67 236
132 10 1 73 55 235 93 67 236
133 10 1 93 55 235 113 67 236
134 13 1 120 55 197 160 92 230
135 12 1 147 181 197 197 230 241
136 12 1 155 92 197 204 142 241
137 13 1 155 142 197 195 179 230
138 12 1 197 142 197 247 191 241
139 12 1 197 191 197 247 240 241
140 12 1 204 55 197 254 104 241
141 12 1 254 55 147 298 105 196
142 12 1 254 55 196 298 105 245
143 12 1 262 110 0 306 159 50
144 11 1 306 0 0 432 113 144
145 11 1 432 0 0 558 113 144
146 11 1 306 113 0 432 226 144
147 11 1 432 113 0 558 226 144
148 29 2 0 105 244 25 118 245
149 29 2 204 105 197 205 130 210
150 29 2 204 105 210 205 130 223
151 29 2 204 130 197 229 131 210
152 29 2 204 130 210 229 131 223
153 29 2 204 131 197 229 132 210
154 29 2 229 131 197 254 132 210
155 29 2 204 132 197 229 133 210
156 29 2 229 132 197 254 133 210
157 29 2 204 133 197 229 134 210
158 29 2 229 133 197 254 134 210
159 29 2 204 134 197 229 135 210
160 29 2 229 134 197 254 135 210
161 29 2 204 135 197 229 136 210
162 29 2 229 135 197 254 136 210
163 29 2 204 136 197 229 137 210
164 29 2 229 136 197 254 137 210
165 29 2 204 137 197 229 138 210
166 29 2 229 137 197 254 138 210
167 29 2 204 138 197 229 139 210
168 29 2 229 138 197 254 139 210
169 29 2 204 139 197 229 140 210
170 29 2 229 139 197 254 140 210
171 29 2 204 140 197 229 141 210
172 29 2 229 140 197 254 141 210
173 29 2 204 141 197 229 142 210
174 29 2 229 141 197 254 142 210
175 29 2 204 131 210 229 132 223
176 29 2 229 131 210 254 132 223
177 29 2 204 132 210 229 133 223
178 29 2 229 132 210 254 133 223
179 29 2 204 133 210 229 134 223
180 29 2 229 133 210 254 134 223
181 29 2 204 134 210 229 135 223
182 29 2 229 134 210 254 135 223
183 29 2 204 135 210 229 136 223
184 29 2 229 135 210 254 136 223
185 29 2 204 136 210 229 137 223
186 29 2 229 136 210 254 137 223
187 29 2 204 137 210 229 138 223
188 28 2 205 105 197 245 121 199
189 28 2 205 105 199 245 121 201
190 28 2 205 105 201 245 121 203
191 28 2 205 105 203 245 121 205
192 28 2 205 105 205 245 121 207
193 28 2 205 105 207 245 121 209
194 28 2 205 105 209 245 121 211
195 28 2 205 105 211 245 121 213
196 28 2 205 105 213 245 121 215
197 28 2 205 105 215 245 121 217
198 28 2 205 105 217 245 121 219
199 28 2 205 105 219 245 121 221
200 28 2 205 105 221 245 121 223
201 28 2 205 105 223 245 121 225
202 28 2 204 105 225 244 121 227
203 28 2 204 105 227 244 121 229
204 28 2 204 105 229 244 121 231
205 28 2 204 105 231 244 121 233
206 28 2 204 105 233 244 121 235
207 28 2 204 105 235 244 121 237
208 28 2 204 105 237 244 121 239
209 28 2 204 105 239 244 121 241
210 28 2 204 105 241 244 121 243
211 28 2 247 142 197 263 182 199
212 28 2 247 182 197 263 222 199
213 28 2 247 142 199 263 182 201
214 28 2 247 182 199 263 222 201
215 28 2 247 142 201 263 182 203
216 28 2 247 182 201 263 222 203
217 28 2 247 142 203 263 182 205
218 28 2 247 182 203 263 222 205
219 28 2 247 142 205 263 182 207
220 28 2 247 182 205 263 222 207
221 28 2 247 142 207 263 182 209
222 28 2 247 182 207 263 222 209
223 28 2 247 142 209 263 182 211
224 28 2 247 182 209 263 222 211
225 28 2 247 142 211 263 182 213
226 28 2 247 182 211 263 222 213
227 28 2 247 137 213 263 177 215
228 23 2 263 110 144 349 195 219
229 23 2 349 110 144 435 195 219
230 23 2 435 110 144 521 195 219
231 27 2 288 0 144 331 41 180
232 27 2 331 0 144 374 41 180
233 25 2 298 41 144 366 110 205
234 26 2 366 41 144 443 108 218
235 21 2 443 0 144 549 101 236
236 25 2 521 101 144 590 169 205
237 25 2 521 169 144 590 237 205
238 25 2 558 0 0 626 69 61
239 25 2 558 0 61 626 69 122
240 25 2 558 0 122 626 69 183
241 25 2 558 0 183 626 69 244
242 25 2 590 69 0 658 138 61
243 18 2 590 69 61 696 170 153
244 18 2 590 69 153 696 170 245
245 26 2 590 170 0 667 237 74
246 26 2 590 170 74 667 237 148
247 26 2 590 170 148 667 237 222
248 26 2 626 0 0 703 67 74
249 26 2 626 0 74 703 67 148
250 16 2 696 67 0 804 185 100
251 24 2 696 67 100 770 144 167
252 24 2 696 144 100 770 221 167
253 16 2 804 0 0 922 108 100
254 16 2 804 108 0 922 216 100
255 23 2 922 0 0 1007 86 75
256 23 2 1007 0 0 1092 86 75
257 23 2 1092 0 0 1177 86 75
258 23 2 922 0 75 1007 86 150
259 23 2 1007 0 75 1092 86 150
260 23 2 1092 0 75 1177 86 150
261 23 2 922 0 150 1007 86 225
262 23 2 1007 0 150 1092 86 225
263 23 2 1092 0 150 1177 86 225
264 24 2 696 86 167 770 163 234
265 24 2 696 163 167 770 240 234
266 24 2 770 0 100 847 74 167
267 24 2 770 74 100 847 148 167
268 24 2 770 148 100 847 222 167
269 24 2 770 86 167 844 163 234
270 24 2 770 163 167 844 240 234
271 24 2 847 0 100 921 77 167
272 24 2 847 0 167 921 77 234
273 24 2 847 77 100 921 154 167
274 17 2 922 86 0 1076 235 148
275 15 2 1076 86 0 1212 224 197
276 21 2 1212 0 0 1313 106 92
277 20 2 1212 0 92 1310 107 239
278 22 2 1212 107 0 1319 197 116
279 16 2 1212 107 116 1320 225 216
