Utilizacion 69.642615 VolCajasEmpacado 92.089926 Duracion[s] 10.009000 Iteraciones 76
0 7 0 0 0 0 120 80 98
1 6 0 0 0 98 112 140 135
2 6 0 0 0 135 112 140 172
3 6 0 0 0 172 112 140 209
4 3 0 0 0 209 60 80 244
5 3 0 60 0 209 120 80 244
6 0 0 0 140 0 56 210 71
7 0 0 0 140 71 56 210 142
8 0 0 0 140 142 56 210 213
9 5 0 56 140 0 151 221 78
10 5 0 56 140 78 151 221 156
11 5 0 56 140 156 151 221 234
12 0 0 112 80 0 182 136 71
13 4 0 112 80 71 194 140 154
14 4 0 112 80 154 194 140 237
15 0 0 120 0 0 176 70 71
16 0 0 120 0 71 176 70 142
17 0 0 120 0 142 176 70 213
18 0 0 151 140 0 207 210 71
19 6 0 194 0 0 306 140 37
20 2 0 194 0 37 320 137 103
21 1 0 194 0 103 336 154 232
22 13 1 151 154 71 207 224 108
23 13 1 151 154 108 207 224 145
24 11 1 151 154 145 182 185 172
25 11 1 151 154 172 182 181 203
26 12 1 151 185 145 211 222 225
27 12 1 211 154 0 248 214 80
28 12 1 211 154 80 248 214 160
29 12 1 211 154 160 248 214 240
30 8 1 248 154 0 360 224 71
31 12 1 248 154 71 308 191 151
32 12 1 248 191 71 308 228 151
33 8 1 248 154 151 360 224 222
34 10 1 336 0 0 418 123 118
35 10 1 418 0 0 500 123 118
36 10 1 336 0 118 418 123 236
37 10 1 418 0 118 500 123 236
38 9 1 360 123 0 470 237 195
39 9 1 470 123 0 580 237 195
40 8 1 500 0 0 612 70 71
41 8 1 500 0 71 612 70 142
42 8 1 500 0 142 612 70 213
43 8 1 580 70 0 650 182 71
44 8 1 580 70 71 692 140 142
45 8 1 580 140 71 692 210 142
46 22 2 248 154 222 328 214 240
47 22 2 328 154 222 388 234 240
48 23 2 500 0 213 544 89 228
49 23 2 336 123 195 425 138 239
50 23 2 336 138 195 425 153 239
51 23 2 388 153 195 477 168 239
52 23 2 388 168 195 477 183 239
53 23 2 388 183 195 477 198 239
54 23 2 388 198 195 477 213 239
55 23 2 388 213 195 477 228 239
56 23 2 544 0 213 633 44 228
57 23 2 544 44 213 633 88 228
58 23 2 425 123 195 514 138 239
59 23 2 425 138 195 514 153 239
60 23 2 477 153 195 566 168 239
61 23 2 477 168 195 566 183 239
62 23 2 477 183 195 566 198 239
63 23 2 477 198 195 566 213 239
64 23 2 477 213 195 566 228 239
65 23 2 544 88 142 633 103 186
66 23 2 544 103 142 633 118 186
67 23 2 500 89 186 589 104 230
68 23 2 500 104 186 589 119 230
69 23 2 514 119 195 603 134 239
70 23 2 514 134 195 603 149 239
71 23 2 566 149 195 581 238 239
72 20 2 581 149 142 693 186 212
73 20 2 581 186 142 693 223 212
74 23 2 581 223 0 625 238 89
75 23 2 625 223 0 669 238 89
76 23 2 669 223 0 713 238 89
77 23 2 713 223 0 757 238 89
78 23 2 757 223 0 801 238 89
79 23 2 801 223 0 845 238 89
80 23 2 845 223 0 889 238 89
81 23 2 889 223 0 933 238 89
82 23 2 933 223 0 977 238 89
83 23 2 977 223 0 1021 238 89
84 23 2 1021 223 0 1065 238 89
85 23 2 1065 223 0 1109 238 89
86 23 2 1109 223 0 1153 238 89
87 23 2 1153 223 0 1197 238 89
88 23 2 1197 223 0 1241 238 89
89 23 2 1241 223 0 1285 238 89
90 20 2 633 0 0 670 70 112
91 20 2 670 0 0 707 70 112
92 20 2 707 0 0 744 70 112
93 20 2 744 0 0 781 70 112
94 20 2 781 0 0 818 70 112
95 20 2 818 0 0 855 70 112
96 21 2 633 0 112 713 60 183
97 21 2 713 0 112 793 60 183
98 14 2 693 70 0 875 186 167
99 19 2 633 60 167 753 140 238
100 15 2 693 140 167 813 220 233
101 15 2 753 60 167 873 140 233
102 19 2 813 140 167 933 220 238
103 15 2 875 0 0 955 120 66
104 15 2 955 0 0 1035 120 66
105 19 2 875 0 66 955 120 137
106 19 2 875 0 137 955 120 208
107 19 2 933 120 0 1053 200 71
108 19 2 1053 120 0 1173 200 71
109 19 2 933 120 71 1053 200 142
110 19 2 1053 120 71 1173 200 142
111 19 2 933 120 142 1053 200 213
112 19 2 1053 120 142 1173 200 213
113 18 2 955 0 66 1065 106 180
114 16 2 955 0 180 1065 114 238
115 16 2 1065 0 0 1179 110 58
116 14 2 1065 0 58 1247 116 225
117 18 2 1173 116 0 1287 222 110
118 18 2 1173 116 110 1283 230 216
