Utilizacion 72.542499 VolCajasEmpacado 93.966704 Duracion[s] 55.734000 Iteraciones 634
0 7 0 0 0 0 60 61 54
1 7 0 0 61 0 60 122 54
2 7 0 0 0 54 60 61 108
3 7 0 0 61 54 60 122 108
4 7 0 0 0 108 60 61 162
5 7 0 0 61 108 60 122 162
6 7 0 0 0 162 60 61 216
7 7 0 0 61 162 60 122 216
8 4 0 0 122 0 2 144 50
9 4 0 0 144 0 2 166 50
10 4 0 0 166 0 2 188 50
11 4 0 0 188 0 2 210 50
12 4 0 0 210 0 2 232 50
13 4 0 0 0 216 50 22 218
14 4 0 0 0 218 50 22 220
15 4 0 0 0 220 50 22 222
16 4 0 0 0 222 50 22 224
17 4 0 0 0 224 50 22 226
18 4 0 0 0 226 50 22 228
19 4 0 0 0 228 50 22 230
20 4 0 0 0 230 50 22 232
21 4 0 0 0 232 50 22 234
22 4 0 0 0 234 50 22 236
23 4 0 0 0 236 50 22 238
24 4 0 0 0 238 50 22 240
25 4 0 0 0 240 50 22 242
26 4 0 0 0 242 50 22 244
27 4 0 0 232 0 50 234 22
28 2 0 0 22 216 31 36 217
29 2 0 31 22 216 62 36 217
30 2 0 0 36 216 31 50 217
31 2 0 31 36 216 62 50 217
32 2 0 0 50 216 31 64 217
33 2 0 31 50 216 62 64 217
34 2 0 0 64 216 31 78 217
35 2 0 31 64 216 62 78 217
36 2 0 0 78 216 31 92 217
37 2 0 31 78 216 62 92 217
38 2 0 0 92 216 31 106 217
39 2 0 31 92 216 62 106 217
40 2 0 0 106 216 31 120 217
41 2 0 31 106 216 62 120 217
42 2 0 0 22 217 14 53 218
43 2 0 0 53 217 14 84 218
44 2 0 0 84 217 14 115 218
45 2 0 0 0 244 31 14 245
46 2 0 0 14 244 31 28 245
47 8 0 2 122 0 43 167 46
48 8 0 2 167 0 43 212 46
49 8 0 2 122 46 43 167 92
50 8 0 2 167 46 43 212 92
51 8 0 2 122 92 43 167 138
52 8 0 2 167 92 43 212 138
53 8 0 2 122 138 43 167 184
54 8 0 2 167 138 43 212 184
55 8 0 2 122 184 43 167 230
56 8 0 2 167 184 43 212 230
57 2 0 2 212 0 33 226 1
58 7 0 43 122 0 103 176 61
59 7 0 43 176 0 103 230 61
60 5 0 43 122 61 77 159 91
61 5 0 43 159 61 77 196 91
62 5 0 43 196 61 77 233 91
63 5 0 43 122 91 77 159 121
64 5 0 43 159 91 77 196 121
65 5 0 43 196 91 77 233 121
66 5 0 43 122 121 77 159 151
67 5 0 43 159 121 77 196 151
68 5 0 43 196 121 77 233 151
69 9 0 43 122 151 98 177 200
70 6 0 43 177 151 83 219 189
71 5 0 43 122 200 73 156 237
72 6 0 43 156 200 85 196 238
73 6 0 43 196 189 83 238 227
74 1 0 62 0 0 142 120 113
75 9 0 62 0 113 117 55 162
76 9 0 62 55 113 117 110 162
77 9 0 62 0 162 117 55 211
78 9 0 62 55 162 117 110 211
79 6 0 73 110 200 113 152 238
80 6 0 83 196 61 123 238 99
81 6 0 83 196 99 123 238 137
82 6 0 83 196 137 123 238 175
83 6 0 83 196 175 123 238 213
84 6 0 103 152 0 143 194 38
85 6 0 103 152 38 143 194 76
86 3 0 142 0 0 243 116 197
87 3 0 243 0 0 344 116 197
88 0 0 143 116 0 265 202 123
89 9 0 123 116 123 178 171 172
90 9 0 123 171 123 178 226 172
91 9 0 113 116 172 168 171 221
92 9 0 123 171 172 178 226 221
93 9 0 178 116 123 233 171 172
94 10 1 0 28 218 20 40 219
95 10 1 0 40 218 20 52 219
96 14 1 0 196 230 33 208 232
97 14 1 0 196 232 33 208 234
98 14 1 0 196 234 33 208 236
99 14 1 0 196 236 33 208 238
100 14 1 0 196 238 33 208 240
101 14 1 0 196 240 33 208 242
102 14 1 0 196 242 33 208 244
103 14 1 0 52 218 12 85 220
104 14 1 0 52 220 12 85 222
105 14 1 0 52 222 12 85 224
106 10 1 0 85 218 20 97 219
107 10 1 0 97 218 20 109 219
108 10 1 31 0 244 51 12 245
109 10 1 31 12 244 51 24 245
110 10 1 0 85 219 12 105 220
111 10 1 33 196 230 53 208 231
112 10 1 0 85 220 20 97 221
113 10 1 0 97 220 20 109 221
114 10 1 20 28 217 32 48 218
115 10 1 20 48 217 32 68 218
116 10 1 20 68 217 32 88 218
117 10 1 20 88 217 32 108 218
118 10 1 33 196 231 45 216 232
119 10 1 45 196 231 57 216 232
120 10 1 57 196 227 69 216 228
121 10 1 57 216 227 69 236 228
122 10 1 57 196 228 77 208 229
123 10 1 57 196 229 69 216 230
124 10 1 20 28 218 40 40 219
125 10 1 20 28 219 32 48 220
126 10 1 12 28 220 32 40 221
127 10 1 12 40 220 32 52 221
128 10 1 20 52 218 40 64 219
129 10 1 12 52 219 32 64 220
130 10 1 12 52 220 24 72 221
131 10 1 20 72 218 40 84 219
132 10 1 12 72 219 32 84 220
133 10 1 20 72 220 32 92 221
134 13 1 62 0 211 99 40 244
135 13 1 62 40 211 99 80 244
136 12 1 117 0 197 167 49 241
137 12 1 117 49 197 167 98 241
138 12 1 167 0 197 217 49 241
139 12 1 167 49 197 217 98 241
140 12 1 178 171 123 228 220 167
141 12 1 228 171 123 278 220 167
142 12 1 217 0 197 266 50 241
143 12 1 266 0 197 315 50 241
144 11 1 278 116 0 404 229 144
145 11 1 344 0 0 470 113 144
146 11 1 470 0 0 596 113 144
147 11 1 596 0 0 722 113 144
148 29 2 0 238 0 25 239 13
149 29 2 0 239 0 25 240 13
150 29 2 51 0 244 76 13 245
151 29 2 0 238 13 25 239 26
152 29 2 0 239 13 25 240 26
153 29 2 0 109 218 25 110 231
154 29 2 0 109 231 25 110 244
155 29 2 51 13 244 76 26 245
156 29 2 76 0 244 89 25 245
157 29 2 0 98 221 25 99 234
158 29 2 0 99 221 25 100 234
159 29 2 0 100 221 25 101 234
160 29 2 0 101 221 25 102 234
161 29 2 0 102 221 25 103 234
162 29 2 0 103 221 25 104 234
163 29 2 0 104 221 25 105 234
164 29 2 0 105 221 25 106 234
165 29 2 0 106 221 25 107 234
166 29 2 0 107 221 25 108 234
167 29 2 0 108 221 25 109 234
168 29 2 25 98 218 38 99 243
169 29 2 25 238 0 38 239 25
170 29 2 38 238 0 51 239 25
171 29 2 51 238 0 64 239 25
172 29 2 64 238 0 77 239 25
173 29 2 77 238 0 90 239 25
174 29 2 90 238 0 103 239 25
175 29 2 103 238 0 116 239 25
176 29 2 116 238 0 129 239 25
177 29 2 129 238 0 142 239 25
178 29 2 25 239 0 38 240 25
179 29 2 38 239 0 51 240 25
180 29 2 51 239 0 64 240 25
181 29 2 64 239 0 77 240 25
182 29 2 77 239 0 90 240 25
183 29 2 90 239 0 103 240 25
184 29 2 103 239 0 116 240 25
185 29 2 116 239 0 129 240 25
186 29 2 129 239 0 142 240 25
187 29 2 25 99 218 38 100 243
188 28 2 99 0 241 139 16 243
189 28 2 139 0 241 179 16 243
190 28 2 99 16 241 139 32 243
191 28 2 139 16 241 179 32 243
192 28 2 99 32 241 139 48 243
193 28 2 139 32 241 179 48 243
194 28 2 99 0 243 139 16 245
195 28 2 139 0 243 179 16 245
196 28 2 99 16 243 139 32 245
197 28 2 139 16 243 179 32 245
198 28 2 99 32 243 139 48 245
199 28 2 139 32 243 179 48 245
200 28 2 99 48 241 139 64 243
201 28 2 99 64 241 139 80 243
202 28 2 99 80 241 139 96 243
203 28 2 99 48 243 139 64 245
204 28 2 99 64 243 139 80 245
205 28 2 99 80 243 139 96 245
206 28 2 25 80 243 41 120 245
207 28 2 139 48 241 179 64 243
208 28 2 139 64 241 179 80 243
209 28 2 139 80 241 179 96 243
210 28 2 139 48 243 179 64 245
211 28 2 139 64 243 179 80 245
212 28 2 139 80 243 179 96 245
213 28 2 179 0 241 195 40 243
214 28 2 195 0 241 211 40 243
215 28 2 211 0 241 227 40 243
216 28 2 227 0 241 243 40 243
217 28 2 243 0 241 259 40 243
218 28 2 259 0 241 275 40 243
219 28 2 275 0 241 291 40 243
220 28 2 179 0 243 195 40 245
221 28 2 195 0 243 211 40 245
222 28 2 211 0 243 227 40 245
223 28 2 227 0 243 243 40 245
224 28 2 243 0 243 259 40 245
225 28 2 259 0 243 275 40 245
226 28 2 275 0 243 291 40 245
227 28 2 33 196 232 49 236 234
228 27 2 217 50 197 260 91 233
229 27 2 260 50 197 303 91 233
230 24 2 178 116 172 252 193 239
231 21 2 278 116 144 384 208 245
232 21 2 344 0 144 450 92 245
233 16 2 404 113 0 512 231 100
234 16 2 404 113 100 512 231 200
235 16 2 450 0 144 568 108 244
236 16 2 568 0 144 686 108 244
237 25 2 686 0 144 754 69 205
238 25 2 686 69 144 754 138 205
239 25 2 512 113 0 580 182 61
240 25 2 512 113 61 580 182 122
241 25 2 512 113 122 580 182 183
242 25 2 512 113 183 580 182 244
243 18 2 580 113 0 686 214 92
244 22 2 580 113 92 670 220 208
245 23 2 686 138 0 771 224 75
246 23 2 771 138 0 856 224 75
247 23 2 856 138 0 941 224 75
248 23 2 941 138 0 1026 224 75
249 23 2 1026 138 0 1111 224 75
250 23 2 1111 138 0 1196 224 75
251 23 2 1196 138 0 1281 224 75
252 20 2 686 138 75 793 236 222
253 25 2 754 0 0 823 68 61
254 25 2 754 68 0 823 136 61
255 26 2 754 0 61 831 67 135
256 26 2 754 67 61 831 134 135
257 26 2 754 0 135 831 67 209
258 26 2 754 67 135 831 134 209
259 18 2 793 134 75 899 235 167
260 26 2 793 134 167 870 201 241
261 24 2 831 0 0 908 74 67
262 24 2 831 0 67 908 74 134
263 23 2 831 0 134 917 85 209
264 17 2 899 85 75 1053 234 223
265 23 2 917 0 0 1003 85 75
266 23 2 1003 0 0 1089 85 75
267 23 2 1089 0 0 1175 85 75
268 23 2 1175 0 0 1261 85 75
269 24 2 917 0 75 991 77 142
270 24 2 917 0 142 991 77 209
271 24 2 991 0 75 1065 77 142
272 24 2 991 0 142 1068 74 209
273 24 2 1053 77 75 1127 154 142
274 24 2 1053 154 75 1127 231 142
275 24 2 1053 77 142 1127 154 209
276 24 2 1053 154 142 1127 231 209
277 24 2 1068 0 75 1142 77 142
278 26 2 1068 0 142 1145 67 216
279 19 2 1142 67 75 1322 238 238
