Utilizacion 69.612646 VolCajasEmpacado 59.055631 Duracion[s] 19.604000 Iteraciones 37
0 5 0 0 0 0 101 116 197
1 5 0 101 0 0 202 116 197
2 5 0 202 0 0 303 116 197
3 5 0 303 0 0 404 116 197
4 5 0 0 116 0 101 232 197
5 5 0 101 116 0 202 232 197
6 5 0 202 116 0 303 232 197
7 5 0 303 116 0 404 232 197
8 1 0 0 0 197 50 20 217
9 1 0 0 20 197 50 40 217
10 1 0 0 40 197 50 60 217
11 1 0 0 60 197 50 80 217
12 1 0 0 80 197 50 100 217
13 1 0 0 100 197 50 120 217
14 1 0 0 120 197 50 140 217
15 1 0 0 140 197 50 160 217
16 1 0 0 160 197 50 180 217
17 1 0 0 180 197 50 200 217
18 1 0 0 200 197 50 220 217
19 1 0 0 220 197 50 240 217
20 0 0 0 0 217 65 20 220
21 0 0 0 0 220 65 20 223
22 0 0 0 0 223 65 20 226
23 0 0 0 0 226 65 20 229
24 0 0 0 0 229 65 20 232
25 0 0 0 0 232 65 20 235
26 0 0 0 0 235 65 20 238
27 0 0 0 0 238 65 20 241
28 0 0 0 0 241 65 20 244
29 1 0 0 20 217 20 70 237
30 1 0 0 70 217 20 120 237
31 1 0 0 120 217 20 170 237
32 1 0 0 170 217 20 220 237
33 0 0 0 220 217 65 240 220
34 0 0 0 220 220 65 240 223
35 0 0 0 220 223 65 240 226
36 0 0 0 220 226 65 240 229
37 0 0 0 220 229 65 240 232
38 0 0 0 220 232 65 240 235
39 0 0 0 220 235 65 240 238
40 0 0 0 220 238 65 240 241
41 0 0 0 220 241 65 240 244
42 0 0 20 20 217 40 85 220
43 0 0 20 20 220 40 85 223
44 1 0 20 85 217 40 135 237
45 1 0 40 85 217 60 135 237
46 1 0 20 135 217 40 185 237
47 1 0 40 135 217 60 185 237
48 1 0 20 185 217 70 205 237
49 1 0 20 20 223 40 70 243
50 1 0 40 20 217 60 70 237
51 1 0 60 20 197 110 40 217
52 1 0 60 40 197 110 60 217
53 1 0 60 60 197 110 80 217
54 1 0 60 80 197 110 100 217
55 1 0 60 100 197 110 120 217
56 1 0 60 120 197 110 140 217
57 1 0 60 140 197 110 160 217
58 1 0 60 160 197 110 180 217
59 1 0 60 20 217 110 40 237
60 1 0 60 40 217 110 60 237
61 1 0 60 60 217 110 80 237
62 1 0 60 80 217 110 100 237
63 1 0 60 100 217 110 120 237
64 1 0 60 120 217 110 140 237
65 1 0 60 140 217 110 160 237
66 1 0 60 160 217 110 180 237
67 1 0 65 0 197 115 20 217
68 1 0 65 0 217 115 20 237
69 1 0 65 205 197 115 225 217
70 1 0 115 205 197 165 225 217
71 1 0 165 205 197 215 225 217
72 1 0 215 205 197 265 225 217
73 1 0 265 205 197 315 225 217
74 1 0 315 205 197 365 225 217
75 1 0 365 205 197 415 225 217
76 1 0 65 205 217 115 225 237
77 1 0 115 205 217 165 225 237
78 1 0 165 205 217 215 225 237
79 1 0 215 205 217 265 225 237
80 1 0 265 205 217 315 225 237
81 1 0 315 205 217 365 225 237
82 1 0 365 205 217 415 225 237
83 1 0 70 180 197 120 200 217
84 1 0 110 20 197 160 40 217
85 1 0 110 40 197 160 60 217
86 1 0 110 60 197 160 80 217
87 1 0 110 80 197 160 100 217
88 1 0 110 100 197 160 120 217
89 1 0 110 120 197 160 140 217
90 1 0 110 140 197 160 160 217
91 1 0 110 160 197 160 180 217
92 1 0 115 0 197 165 20 217
93 5 0 404 0 0 520 197 101
94 2 0 520 0 0 578 55 49
95 2 0 578 0 0 636 55 49
96 2 0 636 0 0 694 55 49
97 2 0 520 55 0 578 110 49
98 2 0 578 55 0 636 110 49
99 2 0 636 55 0 694 110 49
100 2 0 520 110 0 578 165 49
101 2 0 578 110 0 636 165 49
102 2 0 636 110 0 694 165 49
103 2 0 520 165 0 578 220 49
104 2 0 578 165 0 636 220 49
105 2 0 636 165 0 694 220 49
106 4 0 520 0 49 599 77 118
107 4 0 599 0 49 678 77 118
108 4 0 520 77 49 599 154 118
109 4 0 599 77 49 678 154 118
110 4 0 520 154 49 599 231 118
111 4 0 599 154 49 678 231 118
112 4 0 520 0 118 599 77 187
113 4 0 599 0 118 678 77 187
114 4 0 520 77 118 599 154 187
115 4 0 599 77 118 678 154 187
116 4 0 520 154 118 599 231 187
117 4 0 599 154 118 678 231 187
118 3 0 694 0 0 768 77 67
119 4 0 678 0 67 757 77 136
120 4 0 678 0 136 757 77 205
121 4 0 694 77 0 771 156 69
122 4 0 678 77 69 757 154 138
123 4 0 678 77 138 757 154 207
124 4 0 694 156 0 773 233 69
125 4 0 768 0 0 847 77 69
126 4 0 847 0 0 926 77 69
127 4 0 926 0 0 1005 77 69
128 4 0 1005 0 0 1084 77 69
129 4 0 1084 0 0 1163 77 69
130 4 0 1163 0 0 1242 77 69
131 4 0 1242 0 0 1321 77 69
132 4 0 771 77 0 848 156 69
133 3 0 773 156 0 847 233 67
134 6 1 60 180 217 105 183 232
135 6 1 65 233 0 110 236 15
136 6 1 110 233 0 155 236 15
137 6 1 155 233 0 200 236 15
138 6 1 200 233 0 245 236 15
139 6 1 245 233 0 290 236 15
140 6 1 65 236 0 110 239 15
141 6 1 110 236 0 155 239 15
142 6 1 155 236 0 200 239 15
143 6 1 200 236 0 245 239 15
144 6 1 245 236 0 290 239 15
145 6 1 65 225 197 80 228 242
146 7 1 70 183 217 122 201 220
147 7 1 70 183 220 122 201 223
148 7 1 70 183 223 122 201 226
149 7 1 70 183 226 122 201 229
150 7 1 70 183 229 122 201 232
151 7 1 70 183 232 122 201 235
152 7 1 70 183 235 122 201 238
153 7 1 70 183 238 122 201 241
154 7 1 70 183 241 122 201 244
155 7 1 40 20 237 58 72 240
156 7 1 40 20 240 58 72 243
157 7 1 110 20 217 162 38 220
158 7 1 110 20 220 162 38 223
159 7 1 110 20 223 162 38 226
160 7 1 110 20 226 162 38 229
161 7 1 110 20 229 162 38 232
162 7 1 110 20 232 162 38 235
163 7 1 110 20 235 162 38 238
164 7 1 110 20 238 162 38 241
165 7 1 110 20 241 162 38 244
166 7 1 110 38 217 128 90 220
167 7 1 110 38 220 128 90 223
168 7 1 110 38 223 128 90 226
169 7 1 110 38 226 128 90 229
170 7 1 110 38 229 128 90 232
171 7 1 110 38 232 128 90 235
172 7 1 110 38 235 128 90 238
173 8 1 773 156 67 830 220 135
174 8 1 773 156 135 830 220 203
175 10 1 678 154 69 753 239 155
176 10 1 678 154 155 763 240 230
177 8 1 757 0 69 821 68 126
178 8 1 757 0 126 821 68 183
179 8 1 757 0 183 821 68 240
180 8 1 757 68 69 821 136 126
181 8 1 757 68 126 821 136 183
182 8 1 757 68 183 821 136 240
183 8 1 821 0 69 878 64 137
184 8 1 821 0 137 878 64 205
185 10 1 847 156 0 932 231 86
186 9 1 848 77 0 915 154 74
187 10 1 821 64 74 907 139 159
188 10 1 821 64 159 907 139 244
189 10 1 830 139 86 916 224 161
190 10 1 830 139 161 916 224 236
191 8 1 878 0 69 942 57 137
192 8 1 878 0 137 946 64 194
193 8 1 915 77 0 983 134 64
194 9 1 916 77 64 983 154 138
195 10 1 907 64 138 992 139 224
196 8 1 932 154 0 989 222 64
197 8 1 932 154 64 996 211 132
198 8 1 932 154 132 996 211 200
199 8 1 946 0 69 1014 64 126
200 8 1 946 0 126 1014 64 183
201 8 1 946 0 183 1014 64 240
202 8 1 1014 0 69 1082 64 126
203 8 1 1014 0 126 1082 64 183
204 8 1 1014 0 183 1082 64 240
205 8 1 992 77 0 1056 145 57
206 8 1 1082 0 69 1150 64 126
207 8 1 1150 0 69 1218 64 126
208 8 1 1218 0 69 1286 64 126
209 8 1 1082 0 126 1146 68 183
210 11 2 992 77 57 1078 152 142
211 12 2 992 68 142 1084 150 237
212 11 2 996 152 0 1071 238 85
213 12 2 1146 0 126 1228 95 218
214 13 2 1228 0 126 1336 118 226
215 11 2 996 152 85 1071 238 170
216 11 2 1071 152 0 1146 238 85
217 12 2 1071 152 85 1163 234 180
218 13 2 1163 118 0 1271 236 100
219 12 2 1163 118 100 1255 200 195
