Utilizacion 75.287279 VolCajasEmpacado 18.552267 Duracion[s] 35.350000 Iteraciones 145
0 17 0 0 0 0 168 155 195
1 17 0 168 0 0 336 155 195
2 17 0 336 0 0 504 155 195
3 17 0 504 0 0 672 155 195
4 11 0 0 0 195 41 43 231
5 14 0 0 0 231 50 22 233
6 18 0 0 0 233 37 12 235
7 11 0 0 43 195 41 86 231
8 11 0 41 43 195 82 86 231
9 11 0 82 43 195 123 86 231
10 11 0 123 43 195 164 86 231
11 11 0 164 43 195 205 86 231
12 11 0 205 43 195 246 86 231
13 11 0 246 43 195 287 86 231
14 11 0 287 43 195 328 86 231
15 11 0 328 43 195 369 86 231
16 11 0 369 43 195 410 86 231
17 11 0 410 43 195 451 86 231
18 11 0 451 43 195 492 86 231
19 11 0 492 43 195 533 86 231
20 11 0 533 43 195 574 86 231
21 11 0 574 43 195 615 86 231
22 11 0 615 43 195 656 86 231
23 11 0 0 86 195 41 129 231
24 11 0 41 86 195 82 129 231
25 11 0 82 86 195 123 129 231
26 11 0 123 86 195 164 129 231
27 11 0 164 86 195 205 129 231
28 11 0 205 86 195 246 129 231
29 11 0 246 86 195 287 129 231
30 11 0 287 86 195 328 129 231
31 11 0 328 86 195 369 129 231
32 11 0 369 86 195 410 129 231
33 11 0 410 86 195 451 129 231
34 11 0 451 86 195 492 129 231
35 11 0 492 86 195 533 129 231
36 11 0 533 86 195 574 129 231
37 11 0 574 86 195 615 129 231
38 11 0 615 86 195 656 129 231
39 7 0 0 155 0 41 201 45
40 7 0 0 155 45 41 201 90
41 7 0 0 155 90 41 201 135
42 7 0 0 155 135 41 201 180
43 7 0 0 155 180 41 201 225
44 9 0 41 155 0 118 222 74
45 9 0 118 155 0 195 222 74
46 9 0 195 155 0 272 222 74
47 9 0 272 155 0 349 222 74
48 9 0 41 155 74 118 222 148
49 9 0 118 155 74 195 222 148
50 9 0 195 155 74 272 222 148
51 9 0 272 155 74 349 222 148
52 9 0 41 155 148 118 222 222
53 9 0 118 155 148 195 222 222
54 9 0 195 155 148 272 222 222
55 9 0 272 155 148 349 222 222
56 11 0 50 0 195 91 43 231
57 11 0 91 0 195 132 43 231
58 11 0 132 0 195 173 43 231
59 10 0 173 0 195 219 42 233
60 2 0 349 155 0 410 209 60
61 2 0 410 155 0 471 209 60
62 2 0 471 155 0 532 209 60
63 2 0 532 155 0 593 209 60
64 2 0 349 155 60 410 209 120
65 2 0 410 155 60 471 209 120
66 2 0 471 155 60 532 209 120
67 2 0 532 155 60 593 209 120
68 2 0 349 155 120 410 209 180
69 2 0 410 155 120 471 209 180
70 2 0 471 155 120 532 209 180
71 2 0 532 155 120 593 209 180
72 1 0 349 155 180 404 213 229
73 6 0 404 155 180 453 203 223
74 7 0 453 155 180 498 196 226
75 2 0 498 155 180 558 216 234
76 7 0 558 155 180 604 196 225
77 0 0 593 196 0 673 231 80
78 7 0 604 155 0 649 196 46
79 7 0 604 155 46 649 196 92
80 7 0 604 155 92 650 196 137
81 7 0 604 155 137 650 196 182
82 7 0 604 155 182 650 196 227
83 7 0 650 155 0 696 196 45
84 7 0 650 155 45 696 196 90
85 7 0 650 155 90 696 196 135
86 7 0 650 155 135 696 196 180
87 7 0 650 155 180 696 196 225
88 16 0 672 0 0 812 109 114
89 16 0 672 0 114 781 140 228
90 7 0 696 140 0 742 185 41
91 7 0 742 140 0 788 185 41
92 7 0 788 140 0 834 185 41
93 7 0 834 140 0 880 185 41
94 7 0 880 140 0 926 185 41
95 7 0 926 140 0 972 185 41
96 7 0 972 140 0 1018 185 41
97 7 0 1018 140 0 1064 185 41
98 7 0 1064 140 0 1110 185 41
99 7 0 1110 140 0 1156 185 41
100 7 0 696 185 0 742 230 41
101 7 0 742 185 0 788 230 41
102 7 0 788 185 0 834 230 41
103 7 0 834 185 0 880 230 41
104 7 0 880 185 0 926 230 41
105 7 0 926 185 0 972 230 41
106 7 0 972 185 0 1018 230 41
107 7 0 1018 185 0 1064 230 41
108 7 0 1064 185 0 1110 230 41
109 7 0 1110 185 0 1156 230 41
110 7 0 696 140 41 737 186 86
111 7 0 696 186 41 737 232 86
112 7 0 696 140 86 737 186 131
113 7 0 696 186 86 737 232 131
114 7 0 696 140 131 737 186 176
115 7 0 696 186 131 737 232 176
116 7 0 696 140 176 737 186 221
117 7 0 696 186 176 737 232 221
118 8 0 737 140 41 804 217 110
119 7 0 737 140 110 778 185 156
120 7 0 737 185 110 778 230 156
121 4 0 737 140 156 805 204 213
122 12 0 737 140 213 808 211 233
123 3 0 781 0 114 841 81 234
124 7 0 781 81 114 826 122 160
125 16 0 808 122 41 948 231 155
126 5 0 826 81 155 928 209 221
127 13 0 841 0 0 920 77 69
128 15 0 928 0 0 1029 106 92
129 15 0 928 0 92 1029 106 184
130 15 0 948 106 41 1054 207 133
131 15 0 948 106 133 1049 212 225
132 15 0 1029 0 0 1135 101 92
133 15 0 1029 0 92 1135 101 184
134 15 0 1054 101 41 1160 202 133
