Utilizacion 76.507407 VolCajasEmpacado 50.129615 Duracion[s] 30.109000 Iteraciones 1021
0 9 0 0 0 0 168 195 155
1 9 0 168 0 0 336 195 155
2 9 0 336 0 0 504 195 155
3 9 0 504 0 0 672 195 155
4 9 0 672 0 0 840 195 155
5 5 0 0 0 155 40 33 192
6 5 0 0 0 192 40 33 229
7 5 0 0 33 155 37 73 188
8 5 0 0 73 155 37 113 188
9 8 0 0 33 188 49 77 238
10 4 0 0 113 155 95 205 237
11 4 0 49 0 155 144 92 237
12 4 0 144 0 155 239 92 237
13 4 0 239 0 155 334 92 237
14 4 0 334 0 155 429 92 237
15 4 0 429 0 155 524 92 237
16 4 0 524 0 155 619 92 237
17 0 0 95 92 155 172 159 229
18 0 0 95 159 155 172 226 229
19 6 0 172 92 155 249 166 222
20 7 0 172 166 155 233 220 215
21 7 0 233 166 155 294 220 215
22 7 0 294 166 155 355 220 215
23 7 0 355 166 155 416 220 215
24 7 0 416 166 155 477 220 215
25 0 0 249 92 155 326 159 229
26 0 0 326 92 155 403 159 229
27 0 0 403 92 155 480 159 229
28 0 0 480 92 155 557 159 229
29 0 0 557 92 155 634 159 229
30 0 0 634 92 155 711 159 229
31 6 0 619 0 155 693 77 222
32 1 0 840 0 0 940 116 129
33 1 0 940 0 0 1040 116 129
34 1 0 1040 0 0 1140 116 129
35 1 0 1140 0 0 1240 116 129
36 1 0 1240 0 0 1340 116 129
37 1 0 840 116 0 940 232 129
38 1 0 940 116 0 1040 232 129
39 1 0 1040 116 0 1140 232 129
40 1 0 1140 116 0 1240 232 129
41 1 0 1240 116 0 1340 232 129
42 1 0 840 0 129 940 129 245
43 1 0 840 129 129 969 229 245
44 1 0 940 0 129 1056 129 229
45 1 0 969 129 129 1098 229 245
46 2 0 1056 0 129 1156 118 237
47 1 0 1098 118 129 1227 218 245
48 1 0 1156 0 129 1285 100 245
