Utilizacion 65.020431 VolCajasEmpacado 55.159843 Duracion[s] 60.660000 Iteraciones 133
0 5 0 0 0 0 101 116 197
1 5 0 0 116 0 101 232 197
2 1 0 0 0 197 50 20 217
3 1 0 50 0 197 100 20 217
4 0 0 0 0 217 65 20 220
5 0 0 0 0 220 65 20 223
6 0 0 0 0 223 65 20 226
7 0 0 0 0 226 65 20 229
8 0 0 0 0 229 65 20 232
9 0 0 0 0 232 65 20 235
10 0 0 0 0 235 65 20 238
11 0 0 0 0 238 65 20 241
12 0 0 0 0 241 65 20 244
13 1 0 0 20 197 50 40 217
14 1 0 50 20 197 100 40 217
15 1 0 0 40 197 50 60 217
16 1 0 50 40 197 100 60 217
17 1 0 0 60 197 50 80 217
18 1 0 50 60 197 100 80 217
19 1 0 0 80 197 50 100 217
20 1 0 50 80 197 100 100 217
21 1 0 0 100 197 50 120 217
22 1 0 50 100 197 100 120 217
23 1 0 0 20 217 50 40 237
24 1 0 50 20 217 100 40 237
25 1 0 0 40 217 50 60 237
26 1 0 50 40 217 100 60 237
27 1 0 0 60 217 50 80 237
28 1 0 50 60 217 100 80 237
29 1 0 0 80 217 50 100 237
30 1 0 50 80 217 100 100 237
31 1 0 0 100 217 50 120 237
32 1 0 50 100 217 100 120 237
33 1 0 0 120 197 50 140 217
34 1 0 0 140 197 50 160 217
35 1 0 0 160 197 50 180 217
36 1 0 0 180 197 50 200 217
37 1 0 0 200 197 50 220 217
38 1 0 0 120 217 50 140 237
39 1 0 0 140 217 50 160 237
40 1 0 0 160 217 50 180 237
41 1 0 0 180 217 50 200 237
42 1 0 0 200 217 50 220 237
43 1 0 50 120 197 100 140 217
44 1 0 50 140 197 100 160 217
45 1 0 50 160 197 100 180 217
46 1 0 50 180 197 100 200 217
47 1 0 50 200 197 100 220 217
48 2 0 101 0 0 156 58 49
49 2 0 101 58 0 156 116 49
50 2 0 101 116 0 156 174 49
51 2 0 101 174 0 156 232 49
52 2 0 101 0 49 156 58 98
53 2 0 101 0 98 156 58 147
54 2 0 101 0 147 156 58 196
55 2 0 101 0 196 156 58 245
56 1 0 101 58 49 121 108 69
57 1 0 101 58 69 121 108 89
58 1 0 101 58 89 121 108 109
59 1 0 101 58 109 121 108 129
60 1 0 101 58 129 121 108 149
61 1 0 101 58 149 121 108 169
62 1 0 101 58 169 121 108 189
63 1 0 101 58 189 121 108 209
64 1 0 101 58 209 121 108 229
65 0 0 121 58 49 141 123 52
66 0 0 101 123 49 121 188 52
67 0 0 121 123 49 141 188 52
68 0 0 101 123 52 121 188 55
69 0 0 121 123 52 141 188 55
70 0 0 101 123 55 121 188 58
71 0 0 121 123 55 141 188 58
72 0 0 101 123 58 121 188 61
73 0 0 121 123 58 141 188 61
74 0 0 101 123 61 121 188 64
75 0 0 121 123 61 141 188 64
76 1 0 101 123 64 121 173 84
77 1 0 101 188 49 151 208 69
78 1 0 101 208 49 151 228 69
79 1 0 101 188 69 151 208 89
80 1 0 101 208 69 151 228 89
81 1 0 101 188 89 151 208 109
82 1 0 101 208 89 151 228 109
83 1 0 101 188 109 151 208 129
84 1 0 101 208 109 151 228 129
85 1 0 101 188 129 151 208 149
86 1 0 101 208 129 151 228 149
87 1 0 101 188 149 151 208 169
88 1 0 101 208 149 151 228 169
89 1 0 101 188 169 151 208 189
90 1 0 101 208 169 151 228 189
91 1 0 101 188 189 151 208 209
92 1 0 101 208 189 151 228 209
93 1 0 101 188 209 151 208 229
94 1 0 101 208 209 151 228 229
95 5 0 156 0 0 272 101 197
96 5 0 156 101 0 272 202 197
97 5 0 272 0 0 469 116 101
98 5 0 272 116 0 469 232 101
99 5 0 272 0 101 388 197 202
100 5 0 469 0 0 666 101 116
101 5 0 666 0 0 863 101 116
102 2 0 469 101 0 524 159 49
103 2 0 469 159 0 524 217 49
104 2 0 469 101 49 524 159 98
105 2 0 469 159 49 524 217 98
106 4 0 469 0 116 546 79 185
107 4 0 524 101 0 601 180 69
108 4 0 524 101 69 601 180 138
109 3 0 524 101 138 601 175 205
110 3 0 546 0 116 623 74 183
111 4 0 601 101 0 680 178 69
112 4 0 601 101 69 680 178 138
113 4 0 601 101 138 680 178 207
114 4 0 623 0 116 702 77 185
115 4 0 680 101 0 759 178 69
116 4 0 759 101 0 838 178 69
117 4 0 838 101 0 917 178 69
118 4 0 917 101 0 996 178 69
119 4 0 996 101 0 1075 178 69
120 4 0 1075 101 0 1154 178 69
121 4 0 1154 101 0 1233 178 69
122 4 0 1233 101 0 1312 178 69
123 4 0 680 101 69 759 178 138
124 4 0 680 101 138 759 178 207
125 4 0 702 0 116 779 79 185
126 4 0 779 0 116 858 77 185
127 4 0 759 101 69 838 178 138
128 4 0 759 101 138 838 178 207
129 4 0 838 101 69 917 178 138
130 4 0 838 101 138 917 178 207
131 4 0 863 0 0 940 79 69
132 4 0 940 0 0 1017 79 69
133 4 0 1017 0 0 1094 79 69
134 6 1 0 232 0 45 235 15
135 6 1 0 235 0 45 238 15
136 7 1 601 101 207 619 153 210
137 6 1 45 232 0 90 235 15
138 6 1 45 235 0 90 238 15
139 6 1 90 232 0 135 235 15
140 6 1 90 235 0 135 238 15
141 6 1 135 232 0 180 235 15
142 6 1 135 235 0 180 238 15
143 7 1 601 101 210 619 153 213
144 6 1 180 232 0 225 235 15
145 6 1 180 235 0 225 238 15
146 6 1 225 232 0 270 235 15
147 6 1 225 235 0 270 238 15
148 7 1 601 101 213 619 153 216
149 7 1 601 101 216 619 153 219
150 7 1 601 101 219 619 153 222
151 7 1 601 101 222 619 153 225
152 7 1 601 101 225 619 153 228
153 7 1 601 101 228 619 153 231
154 7 1 601 101 231 619 153 234
155 7 1 601 101 234 619 153 237
156 7 1 601 101 237 619 153 240
157 7 1 601 101 240 619 153 243
158 8 1 469 0 185 537 64 242
159 7 1 601 153 207 653 171 210
160 7 1 601 153 210 653 171 213
161 7 1 601 153 213 653 171 216
162 7 1 601 153 216 653 171 219
163 7 1 601 153 219 653 171 222
164 7 1 601 153 222 653 171 225
165 7 1 601 153 225 653 171 228
166 7 1 601 153 228 653 171 231
167 7 1 601 153 231 653 171 234
168 7 1 601 153 234 653 171 237
169 7 1 601 153 237 653 171 240
170 7 1 601 153 240 653 171 243
171 7 1 469 217 0 521 235 3
172 7 1 469 79 116 521 97 119
173 7 1 619 101 207 637 153 210
174 8 1 623 0 185 687 68 242
175 8 1 702 0 185 770 64 242
176 8 1 524 180 0 588 237 68
177 8 1 588 180 0 652 237 68
178 8 1 652 180 0 716 237 68
179 8 1 716 180 0 780 237 68
180 8 1 780 180 0 844 237 68
181 8 1 844 180 0 908 237 68
182 8 1 908 180 0 972 237 68
183 8 1 972 180 0 1036 237 68
184 8 1 1036 180 0 1100 237 68
185 8 1 1100 180 0 1164 237 68
186 8 1 1164 180 0 1228 237 68
187 8 1 1228 180 0 1292 237 68
188 8 1 779 0 185 847 64 242
189 8 1 524 180 68 592 237 132
190 10 1 863 0 69 949 75 154
191 10 1 863 0 154 949 75 239
192 8 1 592 180 68 656 237 136
193 8 1 656 180 68 720 237 136
194 8 1 720 180 68 784 237 136
195 8 1 784 180 68 848 237 136
196 8 1 784 180 136 848 237 204
197 8 1 848 180 68 916 237 132
198 8 1 848 180 132 916 237 196
199 8 1 916 180 68 984 237 132
200 8 1 916 180 132 984 237 196
201 10 1 917 101 69 1002 176 155
202 10 1 917 101 155 1002 176 241
203 9 1 949 0 69 1016 77 143
204 9 1 949 0 143 1016 77 217
205 8 1 984 180 68 1052 237 132
206 10 1 1002 101 69 1087 176 155
207 10 1 1087 101 69 1172 176 155
208 10 1 1087 101 155 1172 176 241
209 10 1 1094 0 0 1169 85 86
210 12 2 1169 0 0 1251 92 95
211 12 2 1251 0 0 1333 92 95
212 12 2 1169 0 95 1251 92 190
213 11 2 1172 101 69 1258 176 154
214 11 2 1172 101 154 1258 176 239
215 12 2 1251 0 95 1333 92 190
