Utilizacion 72.798587 VolCajasEmpacado 61.758412 Duracion[s] 55.706000 Iteraciones 773
0 4 0 0 0 0 79 77 69
1 4 0 79 0 0 158 77 69
2 4 0 0 77 0 79 154 69
3 4 0 79 77 0 158 154 69
4 4 0 0 154 0 79 231 69
5 4 0 79 154 0 158 231 69
6 4 0 0 0 69 79 77 138
7 4 0 79 0 69 158 77 138
8 4 0 0 77 69 79 154 138
9 4 0 79 77 69 158 154 138
10 4 0 0 154 69 79 231 138
11 4 0 79 154 69 158 231 138
12 4 0 0 0 138 79 77 207
13 4 0 79 0 138 158 77 207
14 4 0 0 77 138 79 154 207
15 4 0 79 77 138 158 154 207
16 4 0 0 154 138 79 231 207
17 4 0 79 154 138 158 231 207
18 0 0 0 0 207 20 65 210
19 0 0 0 0 210 20 65 213
20 0 0 0 0 213 20 65 216
21 0 0 0 0 216 20 65 219
22 0 0 0 0 219 20 65 222
23 0 0 0 0 222 20 65 225
24 0 0 0 0 225 20 65 228
25 0 0 0 0 228 20 65 231
26 0 0 0 0 231 20 65 234
27 0 0 0 0 234 20 65 237
28 0 0 0 0 237 20 65 240
29 0 0 0 0 240 20 65 243
30 1 0 0 65 207 20 115 227
31 1 0 0 115 207 20 165 227
32 1 0 0 165 207 20 215 227
33 0 0 0 215 207 65 235 210
34 0 0 0 215 210 65 235 213
35 0 0 0 215 213 65 235 216
36 0 0 0 215 216 65 235 219
37 0 0 0 215 219 65 235 222
38 0 0 0 215 222 65 235 225
39 0 0 0 215 225 65 235 228
40 0 0 0 215 228 65 235 231
41 1 0 20 0 207 40 50 227
42 1 0 40 0 207 60 50 227
43 1 0 60 0 207 80 50 227
44 1 0 80 0 207 100 50 227
45 1 0 100 0 207 120 50 227
46 1 0 120 0 207 140 50 227
47 1 0 140 0 207 160 50 227
48 1 0 20 50 207 40 100 227
49 1 0 40 50 207 60 100 227
50 1 0 60 50 207 80 100 227
51 1 0 80 50 207 100 100 227
52 1 0 100 50 207 120 100 227
53 1 0 120 50 207 140 100 227
54 1 0 140 50 207 160 100 227
55 1 0 20 100 207 40 150 227
56 1 0 40 100 207 60 150 227
57 1 0 60 100 207 80 150 227
58 1 0 80 100 207 100 150 227
59 1 0 100 100 207 120 150 227
60 1 0 120 100 207 140 150 227
61 1 0 140 100 207 160 150 227
62 1 0 20 150 207 40 200 227
63 1 0 40 150 207 60 200 227
64 1 0 60 150 207 80 200 227
65 1 0 80 150 207 100 200 227
66 1 0 100 150 207 120 200 227
67 1 0 120 150 207 140 200 227
68 1 0 140 150 207 160 200 227
69 1 0 65 200 207 115 220 227
70 1 0 65 220 207 115 240 227
71 1 0 115 200 207 165 220 227
72 1 0 115 220 207 165 240 227
73 5 0 160 0 0 261 197 116
74 5 0 261 0 0 362 197 116
75 5 0 362 0 0 463 197 116
76 5 0 463 0 0 564 197 116
77 5 0 160 0 116 261 197 232
78 5 0 261 0 116 362 197 232
79 5 0 362 0 116 463 197 232
80 5 0 463 0 116 564 197 232
81 1 0 165 197 0 215 217 20
82 1 0 215 197 0 265 217 20
83 1 0 265 197 0 315 217 20
84 1 0 315 197 0 365 217 20
85 1 0 365 197 0 415 217 20
86 1 0 415 197 0 465 217 20
87 1 0 465 197 0 515 217 20
88 1 0 515 197 0 565 217 20
89 1 0 565 197 0 615 217 20
90 1 0 615 197 0 665 217 20
91 1 0 665 197 0 715 217 20
92 1 0 715 197 0 765 217 20
93 1 0 765 197 0 815 217 20
94 1 0 815 197 0 865 217 20
95 1 0 865 197 0 915 217 20
96 1 0 165 217 0 215 237 20
97 1 0 215 217 0 265 237 20
98 1 0 265 217 0 315 237 20
99 1 0 315 217 0 365 237 20
100 1 0 365 217 0 415 237 20
101 1 0 415 217 0 465 237 20
102 1 0 465 217 0 515 237 20
103 1 0 515 217 0 565 237 20
104 1 0 565 217 0 615 237 20
105 1 0 615 217 0 665 237 20
106 1 0 665 217 0 715 237 20
107 1 0 715 217 0 765 237 20
108 1 0 765 217 0 815 237 20
109 1 0 815 217 0 865 237 20
110 1 0 865 217 0 915 237 20
111 4 0 564 0 0 641 79 69
112 4 0 641 0 0 718 79 69
113 4 0 564 0 69 641 79 138
114 4 0 641 0 69 718 79 138
115 4 0 564 0 138 641 79 207
116 4 0 641 0 138 718 79 207
117 2 0 564 79 0 622 134 49
118 2 0 622 79 0 680 134 49
119 2 0 564 79 49 622 134 98
120 2 0 622 79 49 680 134 98
121 2 0 564 79 98 622 134 147
122 2 0 622 79 98 680 134 147
123 2 0 564 79 147 622 134 196
124 2 0 622 79 147 680 134 196
125 2 0 564 79 196 622 134 245
126 2 0 622 79 196 680 134 245
127 2 0 564 134 0 619 192 49
128 2 0 564 134 49 619 192 98
129 3 0 564 134 98 641 208 165
130 4 0 564 134 165 643 211 234
131 5 0 680 79 0 877 195 101
132 4 0 643 134 101 720 213 170
133 3 0 643 134 170 717 211 237
134 6 1 0 211 231 45 226 234
135 6 1 0 211 234 45 226 237
136 6 1 45 211 227 90 214 242
137 7 1 0 214 237 52 232 240
138 7 1 0 214 240 52 232 243
139 7 1 65 214 227 117 232 230
140 7 1 65 214 230 117 232 233
141 7 1 52 214 233 104 232 236
142 7 1 52 214 236 104 232 239
143 7 1 52 214 239 104 232 242
144 7 1 52 214 242 104 232 245
145 6 1 564 0 207 609 3 222
146 6 1 609 0 207 654 3 222
147 6 1 654 0 207 699 3 222
148 6 1 564 3 207 609 6 222
149 6 1 609 3 207 654 6 222
150 6 1 654 3 207 699 6 222
151 6 1 564 6 207 609 9 222
152 6 1 609 6 207 654 9 222
153 6 1 654 6 207 699 9 222
154 7 1 165 213 20 217 231 23
155 7 1 165 213 23 217 231 26
156 7 1 165 213 26 217 231 29
157 7 1 165 213 29 217 231 32
158 7 1 165 213 32 217 231 35
159 7 1 165 213 35 217 231 38
160 7 1 165 213 38 217 231 41
161 7 1 165 213 41 217 231 44
162 7 1 165 213 44 217 231 47
163 7 1 564 0 222 616 18 225
164 7 1 564 0 225 616 18 228
165 7 1 564 0 228 616 18 231
166 7 1 564 0 231 616 18 234
167 7 1 564 0 234 616 18 237
168 7 1 165 213 47 217 231 50
169 7 1 165 213 50 217 231 53
170 7 1 165 213 53 217 231 56
171 7 1 165 213 56 217 231 59
172 7 1 165 213 59 217 231 62
173 10 1 718 0 0 804 75 85
174 10 1 804 0 0 890 75 85
175 10 1 890 0 0 976 75 85
176 10 1 976 0 0 1062 75 85
177 10 1 718 0 85 804 75 170
178 10 1 804 0 85 890 75 170
179 10 1 890 0 85 976 75 170
180 10 1 976 0 85 1062 75 170
181 8 1 718 75 101 786 132 165
182 9 1 720 132 101 797 199 175
183 8 1 718 0 170 775 68 234
184 8 1 775 0 170 843 64 227
185 8 1 843 0 170 907 68 227
186 8 1 907 0 170 971 68 227
187 8 1 971 0 170 1035 68 227
188 8 1 786 75 101 854 132 165
189 8 1 797 75 165 854 139 233
190 8 1 717 139 175 774 207 239
191 9 1 797 139 101 864 216 175
192 8 1 877 75 0 941 132 68
193 8 1 877 132 0 941 189 68
194 8 1 877 75 68 945 132 132
195 8 1 854 75 132 911 139 200
196 8 1 911 75 132 968 139 200
197 8 1 877 139 68 934 203 136
198 8 1 864 139 136 932 203 193
199 8 1 774 139 175 831 203 243
200 8 1 941 139 0 1005 207 57
201 8 1 1005 139 0 1069 207 57
202 8 1 1069 139 0 1133 207 57
203 8 1 1133 139 0 1197 207 57
204 8 1 1197 139 0 1261 207 57
205 8 1 1261 139 0 1325 207 57
206 8 1 968 75 0 1036 139 57
207 8 1 1036 75 0 1104 139 57
208 8 1 1104 75 0 1172 139 57
209 8 1 1172 75 0 1240 139 57
210 14 2 968 75 57 1163 230 225
211 11 2 1062 0 0 1148 75 85
212 11 2 1062 0 85 1148 75 170
213 11 2 1148 0 0 1234 75 85
214 11 2 1148 0 85 1234 75 170
215 12 2 1163 75 57 1245 170 149
216 12 2 1163 75 149 1258 157 241
217 12 2 1258 0 0 1350 95 82
218 12 2 1258 0 82 1350 95 164
