Utilizacion 69.852663 VolCajasEmpacado 100.000000 Duracion[s] 10.572000 Iteraciones 60
0 3 0 0 0 0 116 101 197
1 3 0 0 101 0 116 202 197
2 2 0 0 0 197 20 50 217
3 2 0 0 50 197 20 100 217
4 2 0 0 0 217 20 50 237
5 2 0 0 50 217 20 100 237
6 1 0 0 0 237 20 65 240
7 1 0 0 0 240 20 65 243
8 0 0 0 202 0 45 217 3
9 0 0 0 217 0 45 232 3
10 2 0 20 0 197 40 50 217
11 2 0 20 0 217 40 50 237
12 0 0 0 202 3 45 217 6
13 0 0 0 202 6 45 217 9
14 0 0 0 202 9 45 217 12
15 0 0 0 202 12 45 217 15
16 0 0 0 202 15 45 217 18
17 0 0 0 202 18 45 217 21
18 0 0 0 202 21 45 217 24
19 0 0 0 202 24 45 217 27
20 0 0 0 202 27 45 217 30
21 0 0 0 202 30 45 217 33
22 2 0 20 50 197 40 100 217
23 2 0 20 50 217 40 100 237
24 2 0 40 0 197 90 20 217
25 2 0 40 0 217 90 20 237
26 2 0 40 20 197 60 70 217
27 2 0 40 70 197 60 120 217
28 2 0 40 20 217 60 70 237
29 2 0 40 70 217 60 120 237
30 1 0 0 120 197 65 140 200
31 1 0 0 140 197 65 160 200
32 1 0 0 160 197 65 180 200
33 1 0 0 180 197 65 200 200
34 1 0 0 120 200 65 140 203
35 1 0 0 140 200 65 160 203
36 1 0 0 160 200 65 180 203
37 1 0 0 180 200 65 200 203
38 1 0 0 120 203 65 140 206
39 1 0 0 140 203 65 160 206
40 1 0 0 160 203 65 180 206
41 1 0 0 180 203 65 200 206
42 1 0 0 120 206 65 140 209
43 1 0 0 140 206 65 160 209
44 1 0 0 160 206 65 180 209
45 1 0 0 180 206 65 200 209
46 1 0 0 120 209 65 140 212
47 1 0 40 20 237 60 85 240
48 2 0 0 120 212 50 140 232
49 2 0 0 140 209 50 160 229
50 2 0 0 160 209 50 180 229
51 2 0 0 180 209 50 200 229
52 2 0 45 202 0 95 222 20
53 2 0 45 202 20 95 222 40
54 2 0 45 202 40 95 222 60
55 2 0 45 202 60 95 222 80
56 2 0 45 202 80 95 222 100
57 2 0 45 202 100 95 222 120
58 2 0 45 202 120 95 222 140
59 2 0 45 202 140 95 222 160
60 2 0 45 202 160 95 222 180
61 2 0 45 202 180 95 222 200
62 2 0 45 202 200 95 222 220
63 2 0 45 202 220 95 222 240
64 2 0 60 20 197 110 40 217
65 2 0 60 20 217 110 40 237
66 2 0 60 40 197 80 90 217
67 2 0 80 40 197 100 90 217
68 2 0 60 40 217 80 90 237
69 2 0 80 40 217 100 90 237
70 2 0 60 90 197 110 110 217
71 2 0 60 90 217 110 110 237
72 2 0 65 110 197 85 160 217
73 2 0 65 110 217 85 160 237
74 2 0 65 160 197 115 180 217
75 2 0 65 180 197 115 200 217
76 2 0 65 160 217 115 180 237
77 2 0 65 180 217 115 200 237
78 3 0 116 0 0 232 101 197
79 3 0 116 101 0 217 217 197
80 4 0 232 0 0 400 155 195
81 4 0 400 0 0 568 155 195
82 4 0 568 0 0 736 155 195
83 4 0 736 0 0 904 155 195
84 5 1 40 20 240 58 72 243
85 5 1 45 222 0 97 240 3
86 5 1 45 222 3 97 240 6
87 5 1 45 222 6 97 240 9
88 5 1 45 222 9 97 240 12
89 5 1 45 222 12 97 240 15
90 5 1 45 222 15 97 240 18
91 5 1 45 222 18 97 240 21
92 5 1 45 222 21 97 240 24
93 5 1 45 222 24 97 240 27
94 5 1 45 222 27 97 240 30
95 5 1 45 222 30 97 240 33
96 6 1 232 0 195 290 55 244
97 8 1 217 155 0 294 234 69
98 6 1 232 55 195 287 113 244
99 6 1 217 155 69 272 213 118
100 6 1 217 155 118 272 213 167
101 6 1 217 155 167 272 213 216
102 6 1 287 55 195 345 110 244
103 6 1 290 0 195 348 55 244
104 6 1 348 0 195 406 55 244
105 6 1 345 55 195 403 110 244
106 9 1 294 155 0 369 240 86
107 9 1 369 155 0 444 240 86
108 9 1 444 155 0 519 240 86
109 9 1 519 155 0 594 240 86
110 9 1 594 155 0 669 240 86
111 9 1 669 155 0 744 240 86
112 9 1 744 155 0 819 240 86
113 9 1 819 155 0 894 240 86
114 6 1 403 55 195 458 113 244
115 8 1 294 155 86 373 232 155
116 8 1 294 155 155 373 232 224
117 6 1 406 0 195 464 55 244
118 8 1 373 155 86 452 232 155
119 8 1 373 155 155 452 232 224
120 6 1 458 55 195 516 110 244
121 8 1 452 155 86 529 234 155
122 8 1 452 155 155 529 234 224
123 7 1 529 155 86 615 230 171
124 8 1 615 155 86 694 232 155
125 8 1 615 155 155 694 232 224
126 8 1 694 155 86 773 232 155
127 8 1 694 155 155 773 232 224
128 8 1 773 155 86 850 234 155
129 8 1 773 155 155 850 234 224
130 7 1 894 155 0 980 230 85
131 7 1 980 155 0 1066 230 85
132 7 1 1066 155 0 1152 230 85
133 8 1 904 0 0 983 77 69
134 8 1 904 77 0 983 154 69
135 8 1 904 0 69 983 77 138
136 8 1 904 77 69 983 154 138
137 8 1 904 77 138 983 154 207
138 8 1 904 0 138 983 77 207
139 10 1 983 0 0 1078 92 82
140 10 1 1078 0 0 1173 92 82
141 10 1 1173 0 0 1268 92 82
142 10 1 983 0 82 1078 92 164
143 8 1 983 0 164 1060 79 233
144 10 1 1078 0 82 1173 92 164
145 10 1 1152 92 0 1247 184 82
146 12 2 894 155 85 971 229 152
147 11 2 1078 0 164 1142 68 221
148 11 2 894 155 152 958 223 209
149 12 2 1152 92 82 1229 166 149
150 11 2 1152 92 149 1216 160 206
151 11 2 1173 0 82 1237 68 139
152 11 2 1173 0 139 1237 68 196
153 11 2 1247 92 0 1311 160 57
154 11 2 1247 160 0 1311 228 57
155 11 2 1247 92 57 1311 160 114
156 11 2 1247 160 57 1311 228 114
157 11 2 1247 92 114 1311 160 171
158 11 2 1247 92 171 1311 160 228
159 11 2 1247 160 114 1311 228 171
