Utilizacion 74.175999 VolCajasEmpacado 33.642586 Duracion[s] 62.648000 Iteraciones 78
0 19 0 0 0 0 154 142 179
1 19 0 154 0 0 308 142 179
2 27 0 0 0 179 36 43 220
3 27 0 0 43 179 36 86 220
4 27 0 0 86 179 36 129 220
5 20 0 0 0 220 40 16 222
6 20 0 0 16 220 40 32 222
7 20 0 0 0 222 40 16 224
8 20 0 0 16 222 40 32 224
9 20 0 0 0 224 40 16 226
10 20 0 0 16 224 40 32 226
11 20 0 0 0 226 40 16 228
12 20 0 0 16 226 40 32 228
13 20 0 0 0 228 40 16 230
14 20 0 0 16 228 40 32 230
15 20 0 0 0 230 40 16 232
16 20 0 0 16 230 40 32 232
17 20 0 0 0 232 40 16 234
18 20 0 0 16 232 40 32 234
19 20 0 0 0 234 40 16 236
20 20 0 0 16 234 40 32 236
21 20 0 0 0 236 40 16 238
22 20 0 0 16 236 40 32 238
23 20 0 0 0 238 40 16 240
24 20 0 0 16 238 40 32 240
25 20 0 0 0 240 40 16 242
26 20 0 0 16 240 40 32 242
27 20 0 0 0 242 40 16 244
28 20 0 0 16 242 40 32 244
29 2 0 0 0 244 63 63 245
30 21 0 0 63 220 50 65 242
31 21 0 0 65 220 50 67 242
32 21 0 0 67 220 50 69 242
33 21 0 0 69 220 50 71 242
34 21 0 0 71 220 50 73 242
35 21 0 0 73 220 50 75 242
36 21 0 0 75 220 50 77 242
37 21 0 0 77 220 50 79 242
38 21 0 0 79 220 50 81 242
39 21 0 0 81 220 50 83 242
40 21 0 0 83 220 50 85 242
41 21 0 0 85 220 50 87 242
42 21 0 0 87 220 50 89 242
43 21 0 0 89 220 50 91 242
44 21 0 0 91 220 50 93 242
45 21 0 0 93 220 50 95 242
46 21 0 0 95 220 50 97 242
47 21 0 0 97 220 50 99 242
48 21 0 0 99 220 50 101 242
49 21 0 0 101 220 50 103 242
50 12 0 0 142 0 46 192 18
51 12 0 46 142 0 92 192 18
52 12 0 92 142 0 138 192 18
53 12 0 138 142 0 184 192 18
54 12 0 184 142 0 230 192 18
55 12 0 230 142 0 276 192 18
56 12 0 276 142 0 322 192 18
57 12 0 322 142 0 368 192 18
58 12 0 368 142 0 414 192 18
59 12 0 414 142 0 460 192 18
60 18 0 0 192 0 13 217 1
61 18 0 0 63 242 25 76 243
62 18 0 0 76 242 25 89 243
63 18 0 0 89 242 25 102 243
64 18 0 0 63 243 25 76 244
65 18 0 0 76 243 25 89 244
66 18 0 0 89 243 25 102 244
67 18 0 0 63 244 25 76 245
68 18 0 0 76 244 25 89 245
69 18 0 0 89 244 25 102 245
70 18 0 25 63 242 38 88 243
71 18 0 38 63 242 51 88 243
72 18 0 25 88 242 38 113 243
73 18 0 38 88 242 51 113 243
74 18 0 25 63 243 38 88 244
75 18 0 38 63 243 51 88 244
76 18 0 25 88 243 38 113 244
77 18 0 38 88 243 51 113 244
78 18 0 25 63 244 38 88 245
79 18 0 38 63 244 51 88 245
80 18 0 25 88 244 38 113 245
81 18 0 38 88 244 51 113 245
82 5 0 0 217 0 104 230 130
83 20 0 0 103 220 16 143 222
84 20 0 0 103 222 16 143 224
85 20 0 0 103 224 16 143 226
86 20 0 0 103 226 16 143 228
87 20 0 0 103 228 16 143 230
88 20 0 0 103 230 16 143 232
89 16 0 0 230 0 2 232 39
90 18 0 0 103 232 25 116 233
91 18 0 0 116 232 25 129 233
92 18 0 0 129 232 25 142 233
93 18 0 0 103 233 25 116 234
94 18 0 0 116 233 25 129 234
95 18 0 0 129 233 25 142 234
96 18 0 0 192 1 13 217 2
97 18 0 0 192 2 13 217 3
98 10 0 0 143 18 61 197 78
99 10 0 61 143 18 122 197 78
100 1 0 0 143 78 71 213 190
101 1 0 71 143 78 142 213 190
102 8 0 0 143 190 55 198 210
103 8 0 55 143 190 110 198 210
104 8 0 110 143 190 165 198 210
105 8 0 0 213 130 55 233 185
106 9 0 0 143 210 65 197 220
107 9 0 0 143 220 65 197 230
108 9 0 0 143 230 65 197 240
109 0 0 51 63 179 106 112 234
110 9 0 51 63 234 116 117 244
111 27 0 63 0 179 106 41 215
112 11 0 63 0 215 113 50 236
113 9 0 65 117 210 119 182 220
114 9 0 65 117 220 119 182 230
115 9 0 65 117 230 119 182 240
116 5 0 104 213 0 234 226 104
117 5 0 104 213 104 208 226 234
118 0 0 113 0 179 162 55 234
119 5 0 104 226 0 234 239 104
120 9 0 113 0 234 178 54 244
121 27 0 116 55 179 159 91 220
122 27 0 159 55 179 202 91 220
123 5 0 104 226 104 234 239 208
124 9 0 162 54 220 227 108 230
125 9 0 162 54 230 227 108 240
126 0 0 165 108 179 220 163 228
127 0 0 220 108 179 275 163 228
128 0 0 275 108 179 330 163 228
129 5 0 208 108 228 338 212 241
130 11 0 119 163 210 169 213 231
131 0 0 178 0 179 233 49 234
132 0 0 227 49 179 282 104 228
133 28 0 233 0 179 277 49 229
134 13 0 277 0 179 322 46 220
135 5 0 234 212 0 364 225 104
136 5 0 364 212 0 494 225 104
137 5 0 494 212 0 624 225 104
138 5 0 234 225 0 364 238 104
139 5 0 364 225 0 494 238 104
140 5 0 494 225 0 624 238 104
141 0 0 282 46 179 331 101 234
142 4 0 331 0 0 411 60 71
143 3 0 331 0 71 449 100 179
144 0 0 331 0 179 386 49 234
145 0 0 386 0 179 441 49 234
146 0 0 331 49 179 386 104 228
147 3 0 338 104 18 456 204 126
148 1 0 338 104 126 409 216 196
149 14 0 338 104 196 478 216 239
150 1 0 449 0 0 561 70 71
151 1 0 449 0 71 519 71 183
152 1 0 519 0 71 589 71 183
153 14 0 478 0 183 590 140 226
154 1 0 478 140 0 548 211 112
155 1 0 478 140 112 548 211 224
156 1 0 548 140 0 660 211 70
157 26 0 590 0 0 716 113 144
158 26 0 716 0 0 842 113 144
159 26 0 842 0 0 968 113 144
160 26 0 968 0 0 1094 113 144
161 26 0 1094 0 0 1220 113 144
162 26 0 1220 0 0 1346 113 144
163 7 0 590 0 144 730 112 215
164 25 0 660 113 0 776 229 162
165 7 0 590 112 162 730 224 233
166 7 0 730 0 144 870 112 215
167 7 0 870 0 144 1010 112 215
168 7 0 1010 0 144 1150 112 215
169 7 0 1150 0 144 1290 112 215
170 25 0 776 113 0 892 229 162
171 23 0 892 113 0 1046 233 155
172 7 0 892 112 155 1032 224 226
173 7 0 730 112 162 870 224 233
174 6 0 1046 113 0 1183 225 140
175 7 0 1046 113 140 1186 225 211
176 24 0 1186 113 0 1346 229 166
177 7 0 1186 112 166 1326 224 237
