Utilizacion 69.639002 VolCajasEmpacado 90.205708 Duracion[s] 25.843000 Iteraciones 36
0 4 0 0 0 0 50 2 22
1 4 0 0 0 22 50 2 44
2 2 0 0 2 0 31 16 1
3 2 0 0 16 0 31 30 1
4 2 0 0 30 0 31 44 1
5 2 0 0 44 0 31 58 1
6 2 0 0 58 0 31 72 1
7 2 0 0 72 0 31 86 1
8 2 0 0 86 0 31 100 1
9 2 0 0 100 0 31 114 1
10 2 0 0 114 0 31 128 1
11 2 0 0 128 0 31 142 1
12 2 0 0 142 0 31 156 1
13 2 0 0 156 0 31 170 1
14 2 0 0 170 0 31 184 1
15 2 0 0 184 0 31 198 1
16 2 0 0 198 0 31 212 1
17 2 0 0 212 0 31 226 1
18 2 0 0 226 0 31 240 1
19 8 0 0 2 1 46 47 42
20 8 0 0 2 42 46 47 83
21 8 0 0 2 83 46 47 124
22 8 0 0 2 124 46 47 165
23 8 0 0 2 165 46 47 206
24 5 0 0 0 206 34 37 236
25 8 0 0 47 1 41 93 46
26 8 0 0 93 1 41 139 46
27 2 0 0 0 236 31 14 237
28 2 0 0 14 236 31 28 237
29 2 0 0 28 236 31 42 237
30 4 0 0 0 237 22 50 239
31 4 0 0 0 239 22 50 241
32 4 0 0 0 241 22 50 243
33 4 0 0 0 243 22 50 245
34 5 0 0 50 46 34 80 83
35 5 0 0 80 46 34 110 83
36 5 0 0 110 46 34 140 83
37 4 0 0 50 83 50 72 85
38 4 0 0 50 85 50 72 87
39 4 0 0 50 87 50 72 89
40 4 0 0 50 89 50 72 91
41 4 0 0 50 91 50 72 93
42 4 0 0 50 93 50 72 95
43 4 0 0 50 95 50 72 97
44 4 0 0 50 97 50 72 99
45 4 0 0 50 99 50 72 101
46 4 0 0 50 101 50 72 103
47 4 0 0 50 103 50 72 105
48 4 0 0 50 105 50 72 107
49 4 0 0 50 107 50 72 109
50 4 0 0 50 109 50 72 111
51 8 0 0 140 1 45 181 47
52 8 0 0 181 1 45 222 47
53 5 0 0 50 111 34 80 148
54 5 0 0 140 47 34 177 77
55 5 0 0 140 77 34 177 107
56 5 0 0 140 107 34 177 137
57 5 0 0 140 137 34 177 167
58 5 0 0 140 167 34 177 197
59 9 0 0 177 47 55 232 96
60 9 0 0 177 96 55 232 145
61 7 0 0 50 148 60 104 209
62 7 0 0 177 145 60 238 199
63 7 0 45 104 0 99 165 60
64 8 0 34 104 60 79 145 106
65 7 0 34 104 106 88 164 167
66 6 0 34 104 167 74 146 205
67 6 0 46 2 0 86 44 38
68 6 0 46 2 38 86 44 76
69 6 0 46 2 76 86 44 114
70 6 0 46 2 114 86 44 152
71 6 0 46 2 152 86 44 190
72 6 0 46 2 190 86 44 228
73 7 0 60 44 0 120 98 61
74 7 0 60 44 61 120 98 122
75 7 0 60 44 122 120 98 183
76 7 0 60 44 183 120 98 244
77 7 0 60 165 0 121 225 54
78 7 0 60 165 54 121 225 108
79 9 0 60 164 108 115 219 157
80 9 0 60 164 157 115 219 206
81 6 0 86 0 0 126 42 38
82 6 0 86 0 38 126 42 76
83 6 0 86 0 76 126 42 114
84 9 0 99 98 0 154 153 49
85 9 0 99 98 49 154 153 98
86 9 0 99 98 98 154 153 147
87 9 0 99 98 147 154 153 196
88 9 0 99 98 196 154 153 245
89 9 0 120 42 0 175 97 49
90 0 0 121 153 0 243 239 123
91 1 0 115 153 123 235 233 236
92 3 0 175 0 0 276 116 197
93 3 0 243 116 0 344 232 197
94 14 1 22 0 237 34 33 239
95 14 1 22 0 239 34 33 241
96 14 1 22 0 241 34 33 243
97 14 1 22 0 243 34 33 245
98 14 1 34 0 228 67 12 230
99 14 1 34 0 230 67 12 232
100 14 1 34 0 232 67 12 234
101 14 1 34 0 234 67 12 236
102 14 1 34 0 236 67 12 238
103 14 1 34 0 238 67 12 240
104 10 1 34 0 240 54 12 241
105 10 1 54 0 240 74 12 241
106 10 1 34 0 241 46 20 242
107 10 1 34 0 242 54 12 243
108 10 1 34 12 242 54 24 243
109 10 1 54 0 241 66 20 242
110 10 1 54 0 242 74 12 243
111 10 1 54 12 242 74 24 243
112 10 1 74 0 228 94 12 229
113 10 1 74 12 228 86 32 229
114 10 1 74 0 229 86 20 230
115 10 1 86 0 229 98 20 230
116 10 1 74 20 229 86 40 230
117 12 1 154 0 197 204 49 241
118 12 1 154 49 197 204 98 241
119 10 1 154 0 241 174 12 242
120 10 1 154 12 241 174 24 242
121 10 1 154 24 241 174 36 242
122 10 1 174 0 241 186 20 242
123 10 1 154 36 241 174 48 242
124 10 1 154 48 241 174 60 242
125 10 1 154 60 241 174 72 242
126 10 1 154 72 241 174 84 242
127 10 1 154 84 241 166 104 242
128 10 1 166 84 241 178 104 242
129 10 1 174 20 241 186 40 242
130 10 1 174 40 241 186 60 242
131 10 1 174 60 241 186 80 242
132 10 1 178 98 197 190 118 198
133 10 1 178 80 241 190 100 242
134 10 1 178 100 198 190 120 199
135 10 1 186 0 241 206 12 242
136 13 1 204 12 197 244 49 230
137 13 1 204 49 197 244 86 230
138 12 1 204 86 197 254 135 241
139 12 1 235 135 197 285 184 241
140 12 1 285 135 197 335 184 241
141 12 1 235 184 197 284 234 241
142 12 1 244 0 197 294 49 241
143 12 1 284 184 197 333 234 241
144 11 1 294 0 0 420 113 144
145 11 1 420 0 0 546 113 144
146 11 1 546 0 0 672 113 144
147 11 1 672 0 0 798 113 144
148 29 2 0 234 199 25 235 212
149 29 2 0 235 199 25 236 212
150 29 2 0 236 199 25 237 212
151 29 2 0 237 199 25 238 212
152 29 2 0 234 212 25 235 225
153 29 2 0 235 212 25 236 225
154 29 2 0 236 212 25 237 225
155 29 2 0 237 212 25 238 225
156 28 2 34 0 243 74 16 245
157 28 2 34 16 243 74 32 245
158 28 2 154 0 242 194 16 244
159 29 2 154 0 244 167 25 245
160 29 2 167 0 244 180 25 245
161 29 2 25 234 199 50 235 212
162 29 2 25 235 199 50 236 212
163 29 2 25 236 199 50 237 212
164 29 2 25 237 199 50 238 212
165 29 2 25 234 212 50 235 225
166 29 2 25 235 212 50 236 225
167 29 2 25 236 212 50 237 225
168 29 2 25 237 212 50 238 225
169 29 2 180 0 244 205 13 245
170 29 2 154 25 242 167 50 243
171 29 2 154 25 243 167 50 244
172 29 2 31 239 0 56 240 13
173 29 2 56 239 0 81 240 13
174 29 2 81 239 0 106 240 13
175 29 2 106 239 0 131 240 13
176 29 2 131 239 0 156 240 13
177 29 2 156 239 0 181 240 13
178 29 2 181 239 0 206 240 13
179 29 2 206 239 0 231 240 13
180 29 2 231 239 0 256 240 13
181 29 2 256 239 0 281 240 13
182 29 2 281 239 0 306 240 13
183 29 2 306 239 0 331 240 13
184 29 2 331 239 0 356 240 13
185 29 2 356 239 0 381 240 13
186 29 2 381 239 0 406 240 13
187 29 2 406 239 0 431 240 13
188 29 2 431 239 0 456 240 13
189 29 2 456 239 0 481 240 13
190 29 2 481 239 0 506 240 13
191 28 2 154 50 242 194 66 244
192 28 2 154 66 242 194 82 244
193 28 2 154 82 242 194 98 244
194 28 2 190 98 241 230 114 243
195 28 2 190 98 243 230 114 245
196 28 2 194 13 241 210 53 243
197 28 2 194 53 241 210 93 243
198 28 2 180 16 243 220 32 245
199 28 2 194 32 243 210 72 245
200 28 2 230 0 241 270 16 243
201 28 2 230 16 241 270 32 243
202 28 2 230 32 241 270 48 243
203 28 2 230 0 243 270 16 245
204 28 2 230 16 243 270 32 245
205 28 2 230 32 243 270 48 245
206 28 2 210 49 230 250 65 232
207 28 2 210 49 232 250 65 234
208 28 2 210 49 234 250 65 236
209 28 2 210 49 236 250 65 238
210 28 2 210 49 238 250 65 240
211 28 2 210 49 240 250 65 242
212 28 2 210 49 242 250 65 244
213 28 2 270 0 241 286 40 243
214 28 2 270 0 243 286 40 245
215 28 2 210 65 230 250 81 232
216 28 2 270 40 241 310 56 243
217 28 2 210 65 232 250 81 234
218 28 2 210 65 234 250 81 236
219 28 2 210 65 236 250 81 238
220 28 2 210 65 238 250 81 240
221 28 2 210 65 240 250 81 242
222 28 2 210 65 242 250 81 244
223 28 2 210 81 241 250 97 243
224 28 2 210 81 243 250 97 245
225 28 2 230 97 241 246 137 243
226 28 2 230 137 241 246 177 243
227 28 2 230 177 241 246 217 243
228 27 2 254 56 197 295 99 233
229 27 2 295 56 144 336 99 180
230 21 2 336 0 144 437 106 236
231 21 2 437 0 144 538 106 236
232 23 2 344 113 0 430 198 75
233 23 2 344 113 75 430 198 150
234 23 2 344 113 150 430 198 225
235 25 2 430 113 0 498 182 61
236 25 2 498 113 0 566 182 61
237 25 2 566 113 0 634 182 61
238 25 2 634 113 0 702 182 61
239 25 2 702 113 0 770 182 61
240 25 2 770 113 0 838 182 61
241 25 2 838 113 0 906 182 61
242 25 2 906 113 0 974 182 61
243 16 2 430 113 61 548 221 161
244 16 2 548 113 61 666 221 161
245 16 2 666 113 61 784 221 161
246 16 2 784 113 61 902 221 161
247 26 2 430 106 161 507 173 235
248 26 2 430 173 161 507 240 235
249 23 2 507 106 161 593 191 236
250 18 2 538 0 144 644 101 236
251 23 2 593 101 161 678 187 236
252 23 2 644 0 144 729 86 219
253 24 2 678 86 161 752 163 228
254 24 2 678 163 161 752 240 228
255 24 2 729 0 144 803 77 211
256 24 2 752 77 161 826 154 228
257 24 2 826 77 161 900 154 228
258 23 2 752 154 161 838 239 236
259 23 2 838 154 161 924 239 236
260 26 2 803 0 0 870 77 74
261 24 2 803 0 74 877 77 141
262 24 2 803 0 141 877 77 208
263 26 2 877 0 0 954 67 74
264 26 2 954 0 0 1031 67 74
265 26 2 1031 0 0 1108 67 74
266 24 2 877 0 74 954 74 141
267 24 2 877 0 141 954 74 208
268 20 2 924 74 61 1022 181 208
269 24 2 954 0 74 1031 74 141
270 24 2 954 0 141 1031 74 208
271 23 2 1031 0 74 1116 86 149
272 23 2 1031 0 149 1117 85 224
273 17 2 1022 86 0 1171 240 148
274 24 2 1116 85 148 1190 162 215
275 23 2 1117 0 0 1203 85 75
276 23 2 1203 0 0 1289 85 75
277 22 2 1190 0 75 1297 90 191
278 15 2 1190 90 0 1328 226 197
