Utilizacion 76.507407 VolCajasEmpacado 50.129615 Duracion[s] 60.057000 Iteraciones 2056
0 9 0 0 0 0 168 195 155
1 9 0 168 0 0 336 195 155
2 9 0 336 0 0 504 195 155
3 9 0 504 0 0 672 195 155
4 9 0 672 0 0 840 195 155
5 5 0 0 0 155 40 33 192
6 5 0 0 33 155 40 66 192
7 5 0 0 0 192 40 33 229
8 5 0 0 33 192 40 66 229
9 0 0 0 66 155 77 133 229
10 0 0 0 133 155 77 200 229
11 7 0 40 0 155 94 61 215
12 4 0 77 61 155 172 153 237
13 8 0 77 195 0 126 239 50
14 0 0 77 153 155 144 230 229
15 7 0 94 0 155 148 61 215
16 6 0 144 153 155 218 230 222
17 6 0 218 153 155 292 230 222
18 7 0 148 0 155 209 54 215
19 4 0 172 54 155 264 149 237
20 7 0 209 0 155 270 54 215
21 4 0 264 54 155 356 149 237
22 4 0 356 54 155 448 149 237
23 4 0 448 54 155 540 149 237
24 4 0 540 54 155 632 149 237
25 4 0 632 54 155 724 149 237
26 7 0 270 0 155 331 54 215
27 0 0 292 149 155 359 226 229
28 0 0 359 149 155 426 226 229
29 0 0 426 149 155 503 216 229
30 0 0 503 149 155 580 216 229
31 0 0 580 149 155 657 216 229
32 1 0 840 0 0 940 129 116
33 1 0 940 0 0 1040 129 116
34 1 0 1040 0 0 1140 129 116
35 1 0 1140 0 0 1240 129 116
36 1 0 1240 0 0 1340 129 116
37 1 0 840 0 116 940 116 245
38 1 0 840 129 0 956 229 129
39 1 0 840 116 129 969 216 245
40 1 0 940 0 116 1069 100 232
41 1 0 1069 0 116 1185 100 245
42 2 0 969 129 0 1087 229 108
43 1 0 969 129 108 1085 229 237
44 1 0 1185 0 116 1301 100 245
45 1 0 1087 129 0 1216 229 116
46 1 0 1216 129 0 1332 229 129
47 1 0 1085 100 116 1185 216 245
48 1 0 1185 100 129 1314 216 229
