Utilizacion 80.213791 VolCajasEmpacado 92.564819 Duracion[s] 26.854000 Iteraciones 334
0 0 0 0 0 0 106 63 99
1 0 0 106 0 0 212 63 99
2 0 0 212 0 0 318 63 99
3 0 0 318 0 0 424 63 99
4 0 0 424 0 0 530 63 99
5 0 0 530 0 0 636 63 99
6 0 0 636 0 0 742 63 99
7 0 0 742 0 0 848 63 99
8 0 0 0 63 0 106 126 99
9 0 0 106 63 0 212 126 99
10 0 0 212 63 0 318 126 99
11 0 0 318 63 0 424 126 99
12 0 0 424 63 0 530 126 99
13 0 0 530 63 0 636 126 99
14 0 0 636 63 0 742 126 99
15 0 0 742 63 0 848 126 99
16 0 0 0 126 0 106 189 99
17 0 0 106 126 0 212 189 99
18 0 0 212 126 0 318 189 99
19 0 0 318 126 0 424 189 99
20 0 0 424 126 0 530 189 99
21 0 0 530 126 0 636 189 99
22 0 0 636 126 0 742 189 99
23 0 0 742 126 0 848 189 99
24 1 0 0 189 0 88 214 139
25 1 0 0 0 99 139 88 124
26 1 0 0 88 99 139 176 124
27 1 0 0 0 124 139 88 149
28 1 0 0 88 124 139 176 149
29 1 0 0 0 149 139 88 174
30 1 0 0 88 149 139 176 174
31 1 0 0 0 174 139 88 199
32 1 0 0 88 174 139 176 199
33 1 0 0 0 199 139 88 224
34 1 0 0 88 199 139 176 224
35 1 0 88 176 99 227 201 187
36 1 0 0 201 139 139 226 227
37 1 0 139 0 99 227 139 124
38 1 0 227 0 99 315 139 124
39 1 0 315 0 99 403 139 124
40 1 0 403 0 99 491 139 124
41 1 0 491 0 99 579 139 124
42 1 0 579 0 99 667 139 124
43 1 0 667 0 99 755 139 124
44 1 0 755 0 99 843 139 124
45 1 0 139 0 124 227 139 149
46 1 0 227 0 124 315 139 149
47 1 0 315 0 124 403 139 149
48 1 0 403 0 124 491 139 149
49 1 0 491 0 124 579 139 149
50 1 0 579 0 124 667 139 149
51 1 0 667 0 124 755 139 149
52 1 0 755 0 124 843 139 149
53 1 0 139 0 149 227 139 174
54 1 0 227 0 149 315 139 174
55 1 0 315 0 149 403 139 174
56 1 0 403 0 149 491 139 174
57 1 0 491 0 149 579 139 174
58 1 0 579 0 149 667 139 174
59 1 0 667 0 149 755 139 174
60 1 0 755 0 149 843 139 174
61 1 0 139 0 174 227 139 199
62 1 0 139 0 199 227 139 224
63 1 0 139 201 0 227 226 139
64 1 0 139 201 139 278 226 227
65 1 0 227 0 174 315 139 199
66 1 0 227 0 199 315 139 224
67 3 1 315 0 174 378 50 212
68 3 1 378 0 174 441 50 212
69 3 1 441 0 174 504 50 212
70 3 1 504 0 174 567 50 212
71 3 1 567 0 174 630 50 212
72 3 1 630 0 174 693 50 212
73 3 1 693 0 174 756 50 212
74 3 1 756 0 174 819 50 212
75 4 1 227 139 99 455 179 163
76 4 1 227 139 163 455 179 227
77 2 1 278 189 0 303 214 38
78 3 1 315 50 174 365 88 237
79 3 1 365 50 174 415 88 237
80 3 1 415 50 174 465 88 237
81 3 1 465 50 174 515 88 237
82 3 1 515 50 174 565 88 237
83 3 1 565 50 174 615 88 237
84 3 1 615 50 174 665 88 237
85 3 1 665 50 174 715 88 237
86 3 1 715 50 174 765 88 237
87 3 1 765 50 174 815 88 237
88 3 1 815 50 174 865 88 237
89 3 1 315 88 174 365 126 237
90 3 1 365 88 174 415 126 237
91 3 1 415 88 174 465 126 237
92 3 1 465 88 174 515 126 237
93 3 1 515 88 174 565 126 237
94 3 1 565 88 174 615 126 237
95 3 1 615 88 174 665 126 237
96 3 1 665 88 174 715 126 237
97 3 1 715 88 174 765 126 237
98 3 1 765 88 174 815 126 237
99 3 1 815 88 174 865 126 237
100 2 1 278 189 38 303 227 63
101 3 1 278 189 63 328 227 126
102 3 1 278 189 126 328 227 189
103 2 1 278 179 189 316 204 214
104 2 1 278 204 189 316 229 214
105 2 1 455 126 174 480 151 212
106 2 1 328 189 0 353 227 25
107 2 1 353 189 0 378 227 25
108 2 1 378 189 0 403 227 25
109 2 1 403 189 0 428 227 25
110 2 1 428 189 0 453 227 25
111 2 1 453 189 0 478 227 25
112 2 1 478 189 0 503 227 25
113 2 1 503 189 0 528 227 25
114 2 1 528 189 0 553 227 25
115 2 1 553 189 0 578 227 25
116 2 1 578 189 0 603 227 25
117 2 1 603 189 0 628 227 25
118 2 1 628 189 0 653 227 25
119 2 1 653 189 0 678 227 25
120 2 1 678 189 0 703 227 25
121 2 1 703 189 0 728 227 25
122 2 1 728 189 0 753 227 25
123 2 1 753 189 0 778 227 25
124 2 1 778 189 0 803 227 25
125 2 1 803 189 0 828 227 25
126 2 1 828 189 0 853 227 25
127 2 1 853 189 0 878 227 25
128 2 1 878 189 0 903 227 25
129 2 1 903 189 0 928 227 25
130 2 1 928 189 0 953 227 25
131 2 1 953 189 0 978 227 25
132 2 1 978 189 0 1003 227 25
133 2 1 1003 189 0 1028 227 25
134 2 1 1028 189 0 1053 227 25
135 2 1 1053 189 0 1078 227 25
136 2 1 1078 189 0 1103 227 25
137 2 1 1103 189 0 1128 227 25
138 2 1 1128 189 0 1153 227 25
139 2 1 1153 189 0 1178 227 25
140 3 1 328 189 25 391 227 75
141 3 1 328 189 75 378 227 138
142 3 1 328 179 138 391 217 188
143 3 1 328 179 188 391 217 238
144 3 1 391 189 25 454 227 75
145 3 1 391 189 75 454 227 125
146 3 1 391 189 125 454 227 175
147 2 1 391 179 175 416 217 200
148 2 1 391 179 200 429 204 225
149 2 1 391 204 200 416 229 238
150 2 1 416 204 175 441 229 213
151 2 1 416 204 213 454 229 238
152 2 1 429 179 175 467 204 200
153 2 1 454 179 200 479 217 225
154 2 1 455 126 212 493 151 237
155 2 1 493 126 174 531 151 199
156 4 1 479 189 25 707 229 89
157 4 1 707 189 25 935 229 89
158 4 1 935 189 25 1163 229 89
159 2 1 493 126 199 518 164 224
160 4 1 479 189 89 707 229 153
161 4 1 707 189 89 935 229 153
162 4 1 935 189 89 1163 229 153
163 2 1 518 126 199 543 164 224
164 3 1 479 164 153 517 227 203
165 2 1 479 164 203 517 189 228
166 2 1 479 189 203 517 214 228
167 3 1 517 164 153 567 227 191
168 3 1 517 164 191 567 227 229
169 2 1 543 126 174 568 151 212
170 2 1 543 126 212 568 164 237
171 3 1 819 0 174 857 50 237
172 3 1 567 164 153 617 227 191
173 3 1 567 164 191 617 227 229
174 4 1 617 139 99 845 179 163
175 4 1 617 179 153 845 219 217
176 4 1 845 179 153 1073 219 217
177 4 1 617 139 163 845 179 227
178 4 1 848 126 0 912 166 228
179 2 1 857 0 0 882 38 25
180 2 1 857 0 25 895 25 50
181 2 1 857 25 25 895 50 50
182 2 1 857 0 50 882 38 75
183 2 1 857 0 75 895 25 100
184 2 1 857 25 75 882 50 113
185 2 1 865 50 0 890 88 25
186 2 1 882 0 100 907 38 125
187 2 1 865 0 125 903 25 150
188 2 1 857 0 150 882 38 175
189 2 1 857 0 175 895 25 200
190 2 1 857 25 175 895 50 200
191 2 1 865 0 200 903 25 225
192 2 1 865 88 0 890 126 25
193 2 1 865 25 200 890 63 225
194 2 1 865 63 25 903 88 50
195 2 1 865 88 25 903 113 50
196 2 1 890 50 50 915 88 75
197 2 1 890 88 50 915 126 75
198 2 1 890 50 75 928 75 100
199 2 1 890 50 100 915 88 125
200 2 1 915 50 100 940 88 125
201 2 1 907 0 0 932 25 38
202 2 1 932 0 0 957 25 38
203 2 1 957 0 0 982 25 38
204 2 1 982 0 0 1007 25 38
205 2 1 1007 0 0 1032 25 38
206 2 1 1032 0 0 1057 25 38
207 2 1 1057 0 0 1082 25 38
208 2 1 1082 0 0 1107 25 38
209 2 1 1107 0 0 1132 25 38
210 2 1 1132 0 0 1157 25 38
211 2 1 1157 0 0 1182 25 38
212 2 1 907 25 0 932 50 38
213 2 1 932 25 0 957 50 38
214 2 1 957 25 0 982 50 38
215 2 1 982 25 0 1007 50 38
216 2 1 1007 25 0 1032 50 38
217 2 1 1032 25 0 1057 50 38
218 2 1 1057 25 0 1082 50 38
219 2 1 1082 25 0 1107 50 38
220 2 1 1107 25 0 1132 50 38
221 2 1 1132 25 0 1157 50 38
222 2 1 1157 25 0 1182 50 38
223 4 1 912 126 0 976 166 228
224 2 1 915 88 0 940 113 38
225 2 1 915 88 38 953 113 63
226 2 1 915 88 63 940 126 88
227 2 1 940 0 38 965 38 63
228 2 1 965 0 38 990 38 63
229 2 1 990 0 38 1015 38 63
230 2 1 1015 0 38 1040 38 63
231 2 1 1040 0 38 1065 38 63
232 2 1 1065 0 38 1090 38 63
233 2 1 1090 0 38 1115 38 63
234 2 1 1115 0 38 1140 38 63
235 2 1 1140 0 38 1165 38 63
236 4 1 907 0 63 1135 40 127
237 4 1 907 0 127 1135 40 191
238 2 1 895 25 191 920 50 229
239 2 1 920 25 191 945 50 229
240 2 1 945 25 191 970 50 229
241 2 1 970 25 191 995 50 229
242 2 1 995 25 191 1020 50 229
243 2 1 1020 25 191 1045 50 229
244 2 1 1045 25 191 1070 50 229
245 2 1 1070 25 191 1095 50 229
246 2 1 1095 25 191 1120 50 229
247 2 1 1120 25 191 1145 50 229
248 2 1 903 0 191 941 25 216
249 2 1 1145 0 63 1183 25 88
250 4 1 953 50 0 993 114 228
251 4 1 993 50 0 1033 114 228
252 4 1 1033 50 0 1073 114 228
253 4 1 1073 50 0 1113 114 228
254 4 1 1113 50 0 1153 114 228
255 4 1 1153 50 0 1193 114 228
256 4 1 976 114 0 1016 178 228
257 4 1 1016 114 0 1056 178 228
258 4 1 1056 114 0 1096 178 228
259 5 1 1096 114 0 1177 180 114
260 5 1 1096 114 114 1177 180 228
