Utilizacion 69.125246 VolCajasEmpacado 31.351812 Duracion[s] 46.021000 Iteraciones 19
0 15 0 0 0 0 140 113 143
1 15 0 0 113 0 140 226 143
2 20 0 0 0 143 40 16 145
3 20 0 40 0 143 80 16 145
4 20 0 0 16 143 40 32 145
5 20 0 40 16 143 80 32 145
6 20 0 0 32 143 40 48 145
7 20 0 40 32 143 80 48 145
8 20 0 0 48 143 40 64 145
9 20 0 40 48 143 80 64 145
10 20 0 0 64 143 40 80 145
11 20 0 40 64 143 80 80 145
12 20 0 0 80 143 40 96 145
13 20 0 40 80 143 80 96 145
14 20 0 0 96 143 40 112 145
15 20 0 40 96 143 80 112 145
16 20 0 0 112 143 40 128 145
17 20 0 40 112 143 80 128 145
18 20 0 0 128 143 40 144 145
19 20 0 40 128 143 80 144 145
20 20 0 0 144 143 40 160 145
21 20 0 40 144 143 80 160 145
22 20 0 0 160 143 40 176 145
23 20 0 40 160 143 80 176 145
24 20 0 0 176 143 40 192 145
25 20 0 40 176 143 80 192 145
26 20 0 0 192 143 40 208 145
27 20 0 40 192 143 80 208 145
28 20 0 0 208 143 40 224 145
29 20 0 40 208 143 80 224 145
30 1 0 0 0 145 71 112 215
31 1 0 0 112 145 71 224 215
32 5 0 0 0 215 130 104 228
33 5 0 0 0 228 130 104 241
34 18 0 0 0 241 25 13 242
35 18 0 0 13 241 25 26 242
36 18 0 0 26 241 25 39 242
37 18 0 0 39 241 25 52 242
38 18 0 0 52 241 25 65 242
39 18 0 0 65 241 25 78 242
40 18 0 0 78 241 25 91 242
41 18 0 0 0 242 25 13 243
42 18 0 0 13 242 25 26 243
43 18 0 0 26 242 25 39 243
44 18 0 0 39 242 25 52 243
45 18 0 0 52 242 25 65 243
46 18 0 0 65 242 25 78 243
47 18 0 0 78 242 25 91 243
48 18 0 0 0 243 25 13 244
49 18 0 0 13 243 25 26 244
50 18 0 0 26 243 25 39 244
51 18 0 0 39 243 25 52 244
52 18 0 0 52 243 25 65 244
53 18 0 0 65 243 25 78 244
54 18 0 0 78 243 25 91 244
55 18 0 0 0 244 25 13 245
56 18 0 0 13 244 25 26 245
57 18 0 0 26 244 25 39 245
58 18 0 0 39 244 25 52 245
59 18 0 0 52 244 25 65 245
60 18 0 0 65 244 25 78 245
61 18 0 0 78 244 25 91 245
62 21 0 0 226 0 22 228 50
63 21 0 0 228 0 22 230 50
64 21 0 0 230 0 22 232 50
65 21 0 0 232 0 22 234 50
66 21 0 0 234 0 22 236 50
67 21 0 0 236 0 22 238 50
68 21 0 0 238 0 22 240 50
69 21 0 0 91 241 50 113 243
70 21 0 0 91 243 50 113 245
71 8 0 0 113 215 55 168 235
72 21 0 0 224 143 50 226 165
73 21 0 0 224 165 50 226 187
74 21 0 0 224 187 50 226 209
75 21 0 0 224 209 50 226 231
76 20 0 0 113 235 40 129 237
77 20 0 0 129 235 40 145 237
78 21 0 25 0 241 75 22 243
79 21 0 75 0 241 125 22 243
80 21 0 25 0 243 75 22 245
81 21 0 75 0 243 125 22 245
82 18 0 0 113 237 13 138 238
83 18 0 0 113 238 13 138 239
84 8 0 0 168 215 55 223 235
85 21 0 0 145 235 50 167 237
86 21 0 0 145 237 50 167 239
87 21 0 0 145 239 50 167 241
88 9 0 0 167 235 54 232 245
89 2 0 22 232 0 85 233 63
90 9 0 80 104 143 134 169 153
91 9 0 80 169 143 134 234 153
92 9 0 80 104 153 134 169 163
93 9 0 80 169 153 134 234 163
94 9 0 80 104 163 134 169 173
95 9 0 80 169 163 134 234 173
96 9 0 80 104 173 134 169 183
97 9 0 80 169 173 134 234 183
98 16 0 22 233 0 24 235 39
99 8 0 71 104 183 126 124 238
100 8 0 71 124 183 126 144 238
101 12 0 71 144 183 117 194 201
102 12 0 71 144 201 117 194 219
103 12 0 71 144 219 117 194 237
104 13 0 71 194 183 117 239 224
105 12 0 55 194 224 105 240 242
106 5 0 134 226 0 238 239 130
107 5 0 134 226 130 264 239 234
108 6 0 140 0 0 252 137 140
109 14 0 140 0 140 280 112 183
110 14 0 140 0 183 280 112 226
111 9 0 130 0 226 184 65 236
112 12 0 130 65 226 180 111 244
113 12 0 180 65 226 230 111 244
114 27 0 140 137 0 183 178 36
115 27 0 140 178 0 183 219 36
116 27 0 140 112 140 176 153 183
117 27 0 176 112 140 212 153 183
118 27 0 140 112 183 176 153 226
119 27 0 176 112 183 212 153 226
120 28 0 183 153 0 227 202 50
121 5 0 140 153 50 244 166 180
122 5 0 140 166 50 244 179 180
123 5 0 140 179 50 244 192 180
124 5 0 140 192 50 244 205 180
125 12 0 184 0 226 234 46 244
126 12 0 234 0 226 284 46 244
127 12 0 230 46 226 280 92 244
128 5 0 183 205 0 287 218 130
129 5 0 140 205 130 270 218 234
130 0 0 134 153 180 189 202 235
131 12 0 189 153 180 235 203 198
132 11 0 189 153 198 239 203 219
133 11 0 189 153 219 239 203 240
134 5 0 212 137 0 316 150 130
135 5 0 212 137 130 342 150 234
136 0 0 244 150 0 299 199 55
137 0 0 244 150 55 299 205 104
138 10 0 244 150 104 305 204 164
139 10 0 244 150 164 305 204 224
140 1 0 280 46 0 350 117 112
141 1 0 280 46 112 350 117 224
142 1 0 305 150 0 417 220 71
143 1 0 305 150 71 375 221 183
144 19 0 350 0 0 504 142 179
145 19 0 504 0 0 658 142 179
146 0 0 350 0 179 405 49 234
147 0 0 350 49 179 405 98 234
148 0 0 350 98 179 405 147 234
149 0 0 342 147 183 397 196 238
150 0 0 405 0 179 460 49 234
151 0 0 405 49 179 460 98 234
152 0 0 405 98 179 460 147 234
153 0 0 460 0 179 509 55 234
154 14 0 460 55 179 572 195 222
155 1 0 572 142 0 643 212 112
156 1 0 643 142 0 714 212 112
157 1 0 714 142 0 785 212 112
158 4 0 572 142 112 652 202 183
159 7 0 658 0 0 770 140 71
160 24 0 658 0 71 818 116 237
161 7 0 658 116 112 798 228 183
162 25 0 798 116 0 914 232 162
163 7 0 798 116 162 938 228 233
164 26 0 818 0 0 944 113 144
165 7 0 818 0 144 958 112 215
166 3 0 938 113 0 1038 231 108
167 6 0 938 113 108 1078 225 245
168 7 0 958 0 0 1098 112 71
169 7 0 1098 0 0 1238 112 71
170 7 0 958 0 71 1098 112 142
171 7 0 1098 0 71 1238 112 142
172 7 0 958 0 142 1098 112 213
173 7 0 1098 0 142 1238 112 213
174 26 0 1078 112 0 1191 238 144
175 26 0 1191 112 0 1304 238 144
176 7 0 1078 112 144 1218 224 215
