Utilizacion 71.418340 VolCajasEmpacado 60.587485 Duracion[s] 54.250000 Iteraciones 120
0 5 0 0 0 0 101 197 116
1 5 0 101 0 0 202 197 116
2 5 0 202 0 0 303 197 116
3 5 0 303 0 0 404 197 116
4 5 0 404 0 0 505 197 116
5 5 0 505 0 0 606 197 116
6 5 0 606 0 0 707 197 116
7 5 0 707 0 0 808 197 116
8 5 0 808 0 0 909 197 116
9 1 0 0 197 0 50 217 20
10 1 0 50 197 0 100 217 20
11 1 0 100 197 0 150 217 20
12 1 0 150 197 0 200 217 20
13 1 0 200 197 0 250 217 20
14 1 0 250 197 0 300 217 20
15 1 0 300 197 0 350 217 20
16 1 0 350 197 0 400 217 20
17 1 0 400 197 0 450 217 20
18 1 0 450 197 0 500 217 20
19 1 0 500 197 0 550 217 20
20 1 0 550 197 0 600 217 20
21 1 0 600 197 0 650 217 20
22 1 0 650 197 0 700 217 20
23 1 0 700 197 0 750 217 20
24 1 0 750 197 0 800 217 20
25 1 0 800 197 0 850 217 20
26 1 0 850 197 0 900 217 20
27 1 0 900 197 0 950 217 20
28 1 0 950 197 0 1000 217 20
29 1 0 1000 197 0 1050 217 20
30 1 0 1050 197 0 1100 217 20
31 1 0 1100 197 0 1150 217 20
32 1 0 1150 197 0 1200 217 20
33 1 0 1200 197 0 1250 217 20
34 1 0 1250 197 0 1300 217 20
35 1 0 1300 197 0 1350 217 20
36 0 0 0 0 116 20 65 119
37 0 0 0 65 116 20 130 119
38 0 0 0 130 116 20 195 119
39 0 0 0 0 119 20 65 122
40 0 0 0 65 119 20 130 122
41 0 0 0 130 119 20 195 122
42 0 0 0 0 122 20 65 125
43 0 0 0 65 122 20 130 125
44 0 0 0 130 122 20 195 125
45 0 0 0 0 125 20 65 128
46 0 0 0 65 125 20 130 128
47 0 0 0 130 125 20 195 128
48 0 0 0 0 128 20 65 131
49 0 0 0 65 128 20 130 131
50 0 0 0 130 128 20 195 131
51 0 0 0 0 131 20 65 134
52 0 0 0 65 131 20 130 134
53 0 0 0 130 131 20 195 134
54 1 0 0 0 134 20 50 154
55 1 0 0 0 154 20 50 174
56 1 0 0 0 174 20 50 194
57 1 0 0 0 194 20 50 214
58 1 0 0 0 214 20 50 234
59 1 0 0 50 134 20 100 154
60 1 0 0 100 134 20 150 154
61 1 0 0 150 134 20 200 154
62 1 0 0 200 20 50 220 40
63 0 0 0 200 40 65 220 43
64 0 0 0 200 43 65 220 46
65 1 0 0 220 0 50 240 20
66 2 0 20 0 116 78 55 165
67 2 0 20 55 116 78 110 165
68 2 0 20 110 116 78 165 165
69 2 0 20 165 116 78 220 165
70 1 0 0 50 165 50 70 185
71 1 0 50 50 165 100 70 185
72 1 0 0 50 185 50 70 205
73 1 0 50 50 185 100 70 205
74 1 0 0 50 205 50 70 225
75 1 0 50 50 205 100 70 225
76 1 0 0 50 225 50 70 245
77 1 0 50 50 225 100 70 245
78 1 0 0 70 165 50 90 185
79 1 0 50 70 165 100 90 185
80 1 0 0 90 165 50 110 185
81 1 0 50 90 165 100 110 185
82 1 0 0 70 185 50 90 205
83 1 0 50 70 185 100 90 205
84 1 0 0 90 185 50 110 205
85 1 0 50 90 185 100 110 205
86 1 0 0 70 205 50 90 225
87 1 0 50 70 205 100 90 225
88 1 0 0 90 205 50 110 225
89 1 0 50 90 205 100 110 225
90 1 0 0 70 225 50 90 245
91 1 0 50 70 225 100 90 245
92 1 0 0 90 225 50 110 245
93 1 0 50 90 225 100 110 245
94 2 0 0 110 165 55 168 214
95 2 0 0 168 165 55 226 214
96 1 0 0 110 214 20 160 234
97 1 0 20 110 214 40 160 234
98 1 0 0 160 214 20 210 234
99 1 0 20 160 214 40 210 234
100 2 0 78 110 116 133 168 165
101 2 0 78 110 165 133 168 214
102 2 0 78 168 116 136 223 165
103 4 0 100 0 116 179 77 185
104 2 0 100 0 185 158 55 234
105 4 0 133 77 116 210 156 185
106 2 0 136 156 116 191 214 165
107 2 0 191 156 116 246 214 165
108 3 0 179 0 116 253 77 183
109 3 0 253 0 116 327 77 183
110 4 0 210 77 116 287 156 185
111 4 0 287 77 116 364 156 185
112 4 0 364 77 116 441 156 185
113 4 0 441 77 116 518 156 185
114 4 0 518 77 116 595 156 185
115 4 0 595 77 116 672 156 185
116 4 0 672 77 116 749 156 185
117 4 0 749 77 116 826 156 185
118 4 0 826 77 116 903 156 185
119 4 0 246 156 116 325 233 185
120 4 0 325 156 116 402 235 185
121 4 0 402 156 116 479 235 185
122 4 0 479 156 116 556 235 185
123 4 0 556 156 116 633 235 185
124 4 0 633 156 116 710 235 185
125 4 0 710 156 116 787 235 185
126 4 0 787 156 116 864 235 185
127 4 0 864 156 116 941 235 185
128 4 0 327 0 116 406 77 185
129 4 0 406 0 116 485 77 185
130 4 0 485 0 116 564 77 185
131 4 0 564 0 116 643 77 185
132 4 0 643 0 116 722 77 185
133 4 0 722 0 116 801 77 185
134 6 1 100 0 234 145 15 237
135 6 1 100 15 234 145 30 237
136 6 1 100 30 234 145 45 237
137 6 1 100 45 234 145 60 237
138 6 1 100 0 237 145 15 240
139 6 1 100 15 237 145 30 240
140 6 1 100 30 237 145 45 240
141 6 1 100 45 237 145 60 240
142 6 1 100 0 240 145 15 243
143 6 1 100 15 240 145 30 243
144 6 1 100 30 240 145 45 243
145 6 1 100 45 240 145 60 243
146 7 1 0 210 214 52 228 217
147 7 1 0 210 217 52 228 220
148 7 1 0 210 220 52 228 223
149 7 1 0 210 223 52 228 226
150 7 1 0 210 226 52 228 229
151 7 1 0 210 229 52 228 232
152 7 1 0 210 232 52 228 235
153 7 1 0 210 235 52 228 238
154 7 1 0 210 238 52 228 241
155 7 1 0 210 241 52 228 244
156 7 1 40 110 214 58 162 217
157 7 1 40 110 217 58 162 220
158 7 1 40 110 220 58 162 223
159 7 1 40 110 223 58 162 226
160 7 1 40 110 226 58 162 229
161 7 1 40 110 229 58 162 232
162 7 1 40 110 232 58 162 235
163 7 1 40 110 235 58 162 238
164 7 1 40 110 238 58 162 241
165 7 1 40 110 241 58 162 244
166 7 1 40 162 214 92 180 217
167 7 1 40 162 217 92 180 220
168 7 1 40 162 220 92 180 223
169 7 1 40 162 223 92 180 226
170 7 1 40 162 226 92 180 229
171 7 1 40 162 229 92 180 232
172 7 1 40 162 232 92 180 235
173 8 1 133 60 185 201 124 242
174 8 1 133 124 185 201 188 242
175 9 1 801 0 116 868 77 190
176 8 1 201 77 185 265 145 242
177 8 1 265 77 185 329 145 242
178 8 1 265 145 185 329 213 242
179 8 1 329 0 185 397 64 242
180 8 1 329 64 185 397 128 242
181 8 1 329 128 185 397 192 242
182 8 1 397 0 185 465 64 242
183 8 1 397 64 185 465 128 242
184 8 1 397 128 185 465 192 242
185 8 1 465 0 185 529 68 242
186 8 1 465 68 185 529 136 242
187 8 1 465 136 185 529 204 242
188 8 1 529 0 185 593 68 242
189 8 1 529 68 185 593 136 242
190 8 1 529 136 185 593 204 242
191 8 1 593 0 185 657 68 242
192 8 1 593 68 185 661 132 242
193 8 1 593 132 185 661 196 242
194 8 1 657 0 185 721 68 242
195 8 1 661 68 185 725 136 242
196 8 1 725 68 185 789 136 242
197 8 1 661 136 185 725 204 242
198 8 1 725 136 185 789 204 242
199 8 1 721 0 185 785 68 242
200 8 1 789 77 185 857 141 242
201 9 1 868 0 116 945 67 190
202 10 1 909 67 0 984 152 86
203 10 1 909 67 86 995 152 161
204 10 1 903 67 161 989 152 236
205 10 1 995 0 0 1080 75 86
206 10 1 995 75 0 1070 160 86
207 10 1 941 160 20 1026 235 106
208 10 1 941 152 106 1016 237 192
209 10 1 1016 0 86 1101 75 172
210 11 2 995 75 86 1081 150 171
211 11 2 1026 160 20 1112 235 105
212 11 2 1026 160 105 1112 235 190
213 11 2 1081 75 0 1167 150 85
214 12 2 1081 75 85 1173 157 180
215 12 2 1112 157 20 1204 239 115
216 12 2 1112 157 115 1204 239 210
217 12 2 1173 0 0 1255 92 95
218 12 2 1255 0 0 1337 92 95
219 13 2 1173 0 95 1291 108 195
220 12 2 1204 108 0 1296 190 95
221 13 2 1204 108 95 1312 226 195
