Utilizacion 66.497450 VolCajasEmpacado 73.637092 Duracion[s] 5.094000 Iteraciones 96
0 1 0 0 0 0 100 118 108
1 1 0 0 118 0 100 236 108
2 0 0 0 0 108 55 55 157
3 0 0 0 55 108 55 110 157
4 0 0 0 0 157 55 55 206
5 0 0 0 55 157 55 110 206
6 3 0 0 110 108 118 210 216
7 4 0 55 0 108 124 68 169
8 4 0 55 0 169 124 68 230
9 2 0 118 68 0 219 184 197
10 4 0 124 0 0 193 68 61
11 4 0 124 0 61 193 68 122
12 4 0 124 0 122 193 68 183
13 4 0 124 0 183 193 68 244
14 4 0 193 0 0 262 68 61
15 5 0 219 0 61 305 75 146
16 5 0 219 0 146 305 75 231
17 1 0 219 75 0 327 175 118
18 1 0 219 75 118 319 193 226
19 2 0 327 0 0 428 116 197
20 2 0 428 0 0 529 116 197
21 7 1 118 193 0 161 234 36
22 7 1 161 193 0 204 234 36
23 7 1 204 193 0 247 234 36
24 13 1 319 175 0 373 236 60
25 12 1 319 175 60 380 235 114
26 12 1 319 175 114 380 235 168
27 12 1 319 175 168 380 235 222
28 13 1 327 116 0 388 170 60
29 13 1 327 116 60 388 170 120
30 13 1 327 116 120 388 170 180
31 13 1 327 116 180 388 170 240
32 12 1 380 170 0 441 230 54
33 11 1 380 170 54 457 237 128
34 11 1 380 170 128 457 237 202
35 8 1 457 116 0 583 229 144
36 12 1 457 116 144 517 177 198
37 12 1 457 177 144 517 238 198
38 9 1 517 116 144 623 217 236
39 8 1 529 0 0 655 113 144
40 8 1 655 0 0 781 113 144
41 8 1 781 0 0 907 113 144
42 8 1 907 0 0 1033 113 144
43 8 1 1033 0 0 1159 113 144
44 8 1 1159 0 0 1285 113 144
45 11 1 529 0 144 606 67 218
46 10 1 606 0 144 680 77 211
47 10 1 680 0 144 754 77 211
48 10 1 754 0 144 828 77 211
49 10 1 828 0 144 902 77 211
50 10 1 902 0 144 976 77 211
51 10 1 976 0 144 1050 77 211
52 10 1 1050 0 144 1124 77 211
53 10 1 1124 0 144 1198 77 211
54 6 1 623 113 0 760 239 161
55 6 1 760 113 0 897 239 161
56 6 1 897 113 0 1034 239 161
57 6 1 1034 113 0 1171 239 161
58 6 1 1171 113 0 1308 239 161
