Utilizacion 80.850435 VolCajasEmpacado 19.923138 Duracion[s] 55.333000 Iteraciones 1558
0 2 0 0 0 0 61 54 60
1 2 0 0 54 0 61 108 60
2 2 0 0 108 0 61 162 60
3 2 0 0 162 0 61 216 60
4 2 0 0 0 60 61 54 120
5 2 0 0 54 60 61 108 120
6 2 0 0 108 60 61 162 120
7 2 0 0 162 60 61 216 120
8 2 0 0 0 120 61 54 180
9 2 0 0 54 120 61 108 180
10 2 0 0 108 120 61 162 180
11 2 0 0 162 120 61 216 180
12 7 0 0 0 180 46 41 225
13 7 0 0 41 180 46 82 225
14 7 0 0 82 180 46 123 225
15 7 0 0 123 180 46 164 225
16 7 0 0 164 180 46 205 225
17 18 0 0 216 0 37 228 2
18 14 0 0 205 180 50 227 182
19 7 0 61 0 0 102 46 45
20 7 0 61 46 0 102 92 45
21 7 0 61 92 0 102 138 45
22 7 0 61 138 0 102 184 45
23 7 0 61 184 0 102 230 45
24 7 0 61 0 45 102 46 90
25 7 0 61 46 45 102 92 90
26 7 0 61 92 45 102 138 90
27 7 0 61 138 45 102 184 90
28 7 0 61 184 45 102 230 90
29 7 0 61 0 90 102 46 135
30 7 0 61 46 90 102 92 135
31 7 0 61 92 90 102 138 135
32 7 0 61 138 90 102 184 135
33 7 0 61 184 90 102 230 135
34 7 0 61 0 135 102 46 180
35 7 0 61 46 135 102 92 180
36 7 0 61 92 135 102 138 180
37 7 0 61 138 135 102 184 180
38 7 0 61 184 135 102 230 180
39 7 0 61 0 180 102 46 225
40 7 0 61 46 180 102 92 225
41 7 0 61 92 180 102 138 225
42 7 0 61 138 180 102 184 225
43 7 0 61 184 180 102 230 225
44 17 0 102 0 0 257 168 195
45 17 0 257 0 0 412 168 195
46 17 0 412 0 0 567 168 195
47 17 0 567 0 0 722 168 195
48 10 0 102 0 195 148 42 233
49 0 0 102 42 195 182 122 230
50 12 0 102 122 195 173 193 215
51 11 0 148 0 195 191 41 231
52 7 0 102 193 0 147 234 46
53 7 0 147 193 0 192 234 46
54 7 0 192 193 0 237 234 46
55 7 0 237 193 0 282 234 46
56 7 0 282 193 0 327 234 46
57 7 0 327 193 0 372 234 46
58 7 0 372 193 0 417 234 46
59 7 0 417 193 0 462 234 46
60 7 0 462 193 0 507 234 46
61 7 0 507 193 0 552 234 46
62 7 0 552 193 0 597 234 46
63 7 0 597 193 0 642 234 46
64 7 0 642 193 0 687 234 46
65 7 0 687 193 0 732 234 46
66 7 0 732 193 0 777 234 46
67 7 0 777 193 0 822 234 46
68 7 0 822 193 0 867 234 46
69 7 0 867 193 0 912 234 46
70 11 0 102 193 46 145 234 82
71 11 0 102 193 82 145 234 118
72 11 0 102 193 118 145 234 154
73 11 0 102 193 154 145 234 190
74 11 0 102 193 190 145 234 226
75 11 0 145 193 46 188 234 82
76 11 0 145 193 82 188 234 118
77 11 0 145 193 118 188 234 154
78 11 0 145 193 154 188 234 190
79 11 0 145 193 190 188 234 226
80 11 0 173 122 195 214 165 231
81 11 0 214 122 195 255 165 231
82 11 0 255 122 195 296 165 231
83 11 0 296 122 195 337 165 231
84 11 0 337 122 195 378 165 231
85 11 0 378 122 195 419 165 231
86 11 0 419 122 195 460 165 231
87 11 0 460 122 195 501 165 231
88 11 0 501 122 195 542 165 231
89 11 0 542 122 195 583 165 231
90 11 0 583 122 195 624 165 231
91 11 0 624 122 195 665 165 231
92 11 0 665 122 195 706 165 231
93 11 0 182 41 195 225 82 231
94 11 0 225 41 195 268 82 231
95 11 0 268 41 195 311 82 231
96 11 0 311 41 195 354 82 231
97 11 0 354 41 195 397 82 231
98 11 0 397 41 195 440 82 231
99 11 0 440 41 195 483 82 231
100 11 0 483 41 195 526 82 231
101 11 0 526 41 195 569 82 231
102 11 0 569 41 195 612 82 231
103 11 0 612 41 195 655 82 231
104 11 0 655 41 195 698 82 231
105 9 0 188 168 46 265 235 120
106 2 0 188 168 120 242 228 181
107 1 0 188 168 181 243 226 230
108 9 0 265 168 46 342 235 120
109 9 0 342 168 46 419 235 120
110 9 0 419 168 46 496 235 120
111 9 0 496 168 46 573 235 120
112 9 0 573 168 46 650 235 120
113 9 0 265 168 120 342 235 194
114 9 0 342 168 120 419 235 194
115 9 0 419 168 120 496 235 194
116 9 0 496 168 120 573 235 194
117 9 0 573 168 120 650 235 194
118 8 0 650 168 46 727 235 115
119 3 0 650 168 115 770 228 196
120 16 0 722 0 0 831 114 140
121 6 0 722 114 0 771 162 43
122 5 0 722 0 140 824 128 206
123 4 0 771 128 0 839 192 57
124 15 0 770 128 57 871 234 149
125 9 0 770 128 149 847 195 223
126 16 0 831 0 0 971 109 114
127 16 0 831 0 114 971 109 228
128 13 0 871 109 0 948 188 69
129 15 0 871 109 69 977 210 161
130 15 0 971 0 0 1072 106 92
131 15 0 971 0 92 1072 106 184
132 15 0 977 106 0 1078 212 92
133 15 0 1078 106 0 1179 212 92
134 15 0 977 106 92 1078 212 184
135 15 0 1078 106 92 1179 212 184
136 34 1 148 0 231 179 14 232
137 35 1 148 0 232 192 15 234
138 39 1 148 15 231 219 41 234
139 33 1 650 234 115 663 235 140
140 36 1 706 109 206 746 125 208
141 38 1 706 109 208 762 111 230
142 37 1 762 109 223 781 173 225
143 31 1 706 111 208 739 123 210
144 32 1 706 111 210 726 123 211
145 40 1 971 0 184 1008 34 214
146 40 1 971 34 184 1005 71 214
147 40 1 1005 34 184 1039 71 214
148 40 1 1039 34 184 1073 71 214
149 40 1 971 71 184 1008 105 214
150 40 1 971 105 184 1008 139 214
151 40 1 971 139 184 1008 173 214
152 40 1 971 173 184 1008 207 214
153 40 1 1008 0 184 1045 34 214
154 42 1 1008 71 184 1056 113 227
155 44 1 1008 113 184 1062 168 233
156 44 1 1062 113 184 1116 168 233
157 44 1 1116 113 184 1170 168 233
158 44 1 1008 168 184 1063 222 233
159 40 1 1045 0 184 1082 34 214
160 40 1 1063 168 184 1100 202 214
161 40 1 1100 168 184 1137 202 214
162 40 1 1137 168 184 1174 202 214
163 40 1 1072 71 0 1109 105 30
164 40 1 1072 71 30 1109 105 60
165 40 1 1072 71 60 1109 105 90
166 40 1 1072 71 90 1109 105 120
167 40 1 1072 71 120 1109 105 150
168 40 1 1072 71 150 1109 105 180
169 40 1 1072 71 180 1109 105 210
170 41 1 1073 34 0 1112 70 32
171 40 1 1082 0 0 1119 34 30
172 40 1 1119 0 0 1156 34 30
173 40 1 1082 0 30 1119 34 60
174 40 1 1082 0 60 1119 34 90
175 40 1 1082 0 90 1119 34 120
176 44 1 1082 0 120 1136 49 175
177 43 1 1082 0 175 1131 49 230
178 40 1 1136 0 30 1173 34 60
179 40 1 1136 0 60 1173 34 90
180 40 1 1136 0 90 1173 34 120
181 40 1 1136 0 120 1173 34 150
182 30 1 1136 0 150 1176 37 183
183 40 1 1109 70 0 1146 104 30
184 30 1 1131 0 183 1171 37 216
185 40 1 1109 70 30 1146 104 60
186 40 1 1109 70 60 1146 104 90
187 40 1 1109 70 90 1146 104 120
188 44 1 1109 49 120 1158 103 175
189 44 1 1109 49 175 1158 103 230
