Utilizacion 62.129446 VolCajasEmpacado 71.987901 Duracion[s] 10.176000 Iteraciones 40
0 0 0 0 0 0 154 149 148
1 2 0 0 149 0 68 218 61
2 1 0 0 0 148 60 61 202
3 1 0 0 61 148 60 122 202
4 3 0 0 149 61 123 235 183
5 1 0 0 122 183 61 182 237
6 1 0 61 122 183 122 182 237
7 2 0 60 0 148 129 68 209
8 4 0 123 149 0 218 239 136
9 4 0 218 149 0 313 239 136
10 4 0 313 149 0 408 239 136
11 2 0 154 0 0 222 69 61
12 2 0 154 69 0 222 138 61
13 2 0 222 0 0 291 68 61
14 2 0 222 68 0 291 136 61
15 2 0 291 0 0 360 68 61
16 2 0 291 68 0 360 136 61
17 0 0 360 0 0 514 149 148
18 0 0 154 0 61 308 149 209
19 14 1 0 182 183 45 223 229
20 14 1 45 182 183 86 228 228
21 14 1 86 182 183 132 227 224
22 12 1 408 149 0 475 223 77
23 12 1 475 149 0 542 223 77
24 12 1 542 149 0 609 223 77
25 12 1 609 149 0 676 223 77
26 12 1 676 149 0 743 223 77
27 12 1 743 149 0 810 223 77
28 9 1 514 0 0 612 107 147
29 9 1 612 0 0 710 107 147
30 9 1 710 0 0 808 107 147
31 6 1 514 0 147 555 43 183
32 6 1 555 0 147 596 43 183
33 6 1 596 0 147 637 43 183
34 6 1 637 0 147 678 43 183
35 6 1 678 0 147 719 43 183
36 6 1 719 0 147 760 43 183
37 6 1 514 0 183 555 43 219
38 6 1 555 0 183 596 43 219
39 6 1 596 0 183 637 43 219
40 6 1 637 0 183 678 43 219
41 6 1 678 0 183 719 43 219
42 6 1 719 0 183 760 43 219
43 11 1 514 43 147 600 128 222
44 14 1 600 43 147 645 89 188
45 13 1 600 43 188 649 93 232
46 8 1 600 107 77 716 223 239
47 13 1 649 43 147 699 92 191
48 13 1 649 43 191 699 92 235
49 13 1 699 43 147 748 93 191
50 11 1 748 43 147 834 128 222
51 10 1 810 128 0 1010 224 178
52 10 1 1010 128 0 1210 224 178
53 8 1 834 0 0 950 116 162
54 10 1 950 0 0 1150 96 178
55 10 1 1150 0 0 1350 96 178
56 7 1 1210 96 0 1346 234 197
