Utilizacion 68.454809 VolCajasEmpacado 69.312937 Duracion[s] 60.007000 Iteraciones 2003
0 2 0 0 0 0 76 95 60
1 2 0 0 0 60 76 95 120
2 3 0 0 0 120 102 59 216
3 3 0 0 59 120 102 118 216
4 5 0 0 118 0 45 171 36
5 5 0 0 171 0 45 224 36
6 6 0 0 118 36 35 192 100
7 6 0 0 118 100 35 192 164
8 10 0 0 118 164 34 179 211
9 7 0 0 192 36 53 232 72
10 4 0 0 192 72 94 229 137
11 0 0 0 192 137 120 218 171
12 8 0 45 118 0 113 184 31
13 8 0 45 118 31 113 184 62
14 1 0 102 0 0 177 90 25
15 1 0 102 0 25 177 90 50
16 9 0 102 0 50 201 90 82
17 14 1 0 179 171 61 213 218
18 20 1 102 0 82 197 76 142
19 18 1 35 118 62 99 178 109
20 18 1 35 118 109 99 178 156
21 14 1 35 118 156 82 179 190
22 17 1 61 179 171 137 229 214
23 17 1 102 0 142 152 43 218
24 16 1 102 43 142 196 108 179
25 16 1 102 43 179 196 108 216
26 15 1 113 108 0 187 172 35
27 12 1 113 108 35 179 176 66
28 19 1 99 118 66 195 177 168
29 11 1 137 108 168 212 198 193
30 11 1 137 108 193 212 198 218
31 11 1 201 0 0 291 75 25
32 11 1 201 0 25 291 75 50
33 13 1 201 0 50 291 99 82
34 22 2 152 0 142 232 42 194
35 25 2 137 198 0 211 233 64
36 25 2 211 198 0 285 233 64
37 25 2 285 198 0 359 233 64
38 26 2 137 198 64 198 232 111
39 24 2 197 42 82 233 95 127
40 24 2 233 42 82 269 95 127
41 21 2 197 42 127 257 106 174
42 22 2 196 42 174 276 94 216
43 28 2 232 0 82 268 40 135
44 27 2 212 106 0 311 196 32
45 23 2 212 106 32 306 171 69
46 38 3 152 0 194 272 34 220
47 35 3 137 198 111 184 232 172
48 34 3 198 198 64 272 233 128
49 38 3 184 198 128 304 224 162
50 31 3 212 106 69 288 149 119
51 31 3 212 106 119 288 149 169
52 31 3 212 106 169 288 149 219
53 32 3 212 149 69 292 191 121
54 29 3 212 149 121 248 194 174
55 29 3 212 194 162 265 230 207
56 33 3 291 0 0 356 94 37
57 30 3 304 171 64 399 231 140
58 36 3 291 0 37 381 99 69
59 33 3 311 99 0 405 164 37
60 37 3 306 99 37 372 167 68
61 37 3 306 99 68 372 167 99
62 37 3 306 99 99 372 167 130
63 39 3 291 0 69 381 75 94
64 46 4 212 149 174 265 194 210
65 44 4 272 0 94 366 37 159
66 43 4 272 0 159 352 42 211
67 45 4 276 42 94 316 95 130
68 45 4 316 42 94 356 78 147
69 45 4 316 42 147 356 78 200
70 47 4 288 78 130 363 168 155
71 47 4 288 78 155 363 168 180
72 49 4 265 168 162 339 232 197
73 44 4 288 78 180 382 143 217
74 44 4 339 168 140 433 233 177
75 49 4 339 168 177 413 232 212
76 42 4 381 0 0 457 43 50
77 50 4 381 0 50 447 68 81
78 40 4 381 0 81 476 76 141
79 48 4 366 0 141 475 63 169
80 41 4 405 76 0 507 135 96
81 55 5 352 0 169 405 40 205
82 55 5 405 0 169 458 40 205
83 51 5 356 40 169 476 74 195
84 54 5 382 76 96 481 166 128
85 58 5 382 76 128 477 136 204
86 51 5 382 136 128 502 162 162
87 58 5 433 166 0 528 226 76
88 58 5 433 166 76 528 226 152
89 53 5 433 162 152 501 228 183
90 56 5 413 136 183 478 230 220
91 52 5 476 0 0 585 63 28
92 53 5 476 0 28 542 68 59
93 57 5 476 0 59 572 59 161
94 65 6 475 0 161 536 34 208
95 62 6 501 162 152 548 222 216
96 64 6 481 59 96 516 133 160
97 63 6 516 68 0 553 162 65
98 60 6 516 59 65 576 154 141
99 60 6 516 59 141 576 154 217
