Utilizacion 79.748259 VolCajasEmpacado 81.257969 Duracion[s] 60.045000 Iteraciones 845
0 1 0 0 0 0 70 37 54
1 1 0 0 37 0 70 74 54
2 1 0 0 0 54 70 37 108
3 1 0 0 37 54 70 74 108
4 1 0 0 0 108 70 37 162
5 1 0 0 37 108 70 74 162
6 1 0 0 0 162 70 37 216
7 1 0 0 37 162 70 74 216
8 7 0 0 74 0 71 135 52
9 7 0 71 74 0 142 135 52
10 7 0 142 74 0 213 135 52
11 7 0 213 74 0 284 135 52
12 7 0 284 74 0 355 135 52
13 7 0 355 74 0 426 135 52
14 7 0 426 74 0 497 135 52
15 7 0 497 74 0 568 135 52
16 5 0 0 74 52 50 125 117
17 5 0 0 74 117 50 125 182
18 5 0 0 135 0 65 185 51
19 4 0 0 185 0 63 231 69
20 4 0 63 185 0 126 231 69
21 4 0 126 185 0 189 231 69
22 4 0 189 185 0 252 231 69
23 4 0 252 185 0 315 231 69
24 4 0 315 185 0 378 231 69
25 4 0 378 185 0 441 231 69
26 0 0 0 74 182 75 149 218
27 9 0 0 149 51 81 183 96
28 9 0 0 149 96 81 183 141
29 9 0 0 149 141 81 183 186
30 9 0 0 183 69 81 228 103
31 9 0 0 183 103 81 228 137
32 9 0 0 183 137 81 228 171
33 9 0 0 183 171 81 228 205
34 2 0 70 0 0 148 73 40
35 2 0 148 0 0 226 73 40
36 2 0 226 0 0 304 73 40
37 2 0 304 0 0 382 73 40
38 2 0 382 0 0 460 73 40
39 2 0 460 0 0 538 73 40
40 8 0 70 0 40 137 72 96
41 8 0 70 0 96 137 72 152
42 5 0 70 0 152 120 65 203
43 5 0 75 72 52 140 123 102
44 7 0 75 72 102 146 133 154
45 7 0 75 72 154 146 133 206
46 5 0 81 135 0 132 185 65
47 5 0 132 135 0 183 185 65
48 5 0 183 135 0 234 185 65
49 3 0 81 133 65 165 178 151
50 3 0 165 133 65 249 178 151
51 6 0 81 178 69 169 228 163
52 6 0 81 133 163 169 227 213
53 3 0 137 0 40 221 45 126
54 3 0 221 0 40 305 45 126
55 3 0 305 0 40 389 45 126
56 3 0 137 0 126 221 45 212
57 3 0 221 0 126 305 45 212
58 3 0 305 0 126 389 45 212
59 6 0 169 178 69 257 228 163
60 6 0 257 178 69 345 228 163
61 6 0 345 178 69 433 228 163
62 3 0 146 45 52 232 129 97
63 9 0 146 45 97 191 126 131
64 9 0 146 45 131 227 79 176
65 9 0 146 79 131 227 113 176
66 9 0 146 45 176 191 126 210
67 0 0 232 45 52 307 120 88
68 0 0 232 45 88 307 120 124
69 0 0 232 45 124 307 120 160
70 0 0 232 45 160 307 120 196
71 11 1 169 126 151 240 178 212
72 17 1 169 178 163 239 232 200
73 17 1 239 178 163 309 232 200
74 16 1 249 135 0 327 175 73
75 16 1 249 135 73 327 175 146
76 16 1 249 135 146 327 175 219
77 17 1 309 175 163 379 229 200
78 17 1 379 175 163 449 229 200
79 12 1 307 45 52 401 133 102
80 12 1 401 45 52 495 133 102
81 13 1 307 45 102 372 96 152
82 13 1 307 45 152 372 96 202
83 17 1 307 96 102 361 133 172
84 19 1 307 96 172 388 130 217
85 12 1 372 45 102 466 95 190
86 16 1 327 135 0 400 175 78
87 19 1 327 133 78 408 167 123
88 19 1 327 133 123 408 167 168
89 19 1 327 133 168 408 167 213
90 19 1 388 95 102 469 129 147
91 19 1 388 95 147 469 129 192
92 15 1 389 0 40 473 45 126
93 15 1 473 0 40 557 45 126
94 15 1 389 0 126 473 45 212
95 15 1 473 0 126 557 45 212
96 19 1 408 135 0 489 169 45
97 19 1 408 135 45 489 169 90
98 13 1 466 45 102 517 95 167
99 10 1 449 169 0 516 225 72
100 10 1 449 169 72 516 225 144
101 10 1 449 169 144 516 225 216
102 13 1 466 45 167 531 95 218
103 13 1 469 95 102 519 160 153
104 11 1 469 95 153 540 156 205
105 14 1 516 160 0 585 206 63
106 10 1 516 160 63 583 232 119
107 10 1 516 160 119 583 232 175
108 15 1 540 45 52 585 131 136
109 15 1 540 45 136 585 131 220
