Utilizacion 82.445365 VolCajasEmpacado 83.352069 Duracion[s] 60.023000 Iteraciones 594
0 11 0 0 0 0 72 43 66
1 11 0 0 43 0 72 86 66
2 11 0 0 86 0 72 129 66
3 11 0 0 129 0 72 172 66
4 11 0 0 172 0 72 215 66
5 11 0 0 0 66 72 43 132
6 11 0 0 43 66 72 86 132
7 11 0 0 86 66 72 129 132
8 11 0 0 129 66 72 172 132
9 11 0 0 172 66 72 215 132
10 1 0 0 0 132 71 103 160
11 1 0 0 0 160 71 103 188
12 1 0 0 0 188 71 103 216
13 9 0 0 103 132 114 150 174
14 9 0 0 103 174 114 150 216
15 11 0 0 150 132 72 216 175
16 11 0 0 150 175 72 216 218
17 14 0 72 0 0 142 49 63
18 14 0 142 0 0 212 49 63
19 14 0 212 0 0 282 49 63
20 14 0 282 0 0 352 49 63
21 14 0 72 49 0 142 98 63
22 14 0 142 49 0 212 98 63
23 14 0 212 49 0 282 98 63
24 14 0 282 49 0 352 98 63
25 10 0 72 0 63 114 89 133
26 10 0 114 0 63 156 89 133
27 10 0 156 0 63 198 89 133
28 10 0 198 0 63 240 89 133
29 10 0 240 0 63 282 89 133
30 10 0 282 0 63 324 89 133
31 10 0 324 0 63 366 89 133
32 10 0 71 0 133 160 70 175
33 10 0 160 0 133 249 70 175
34 10 0 71 0 175 160 70 217
35 10 0 160 0 175 249 70 217
36 3 0 71 70 133 131 102 165
37 3 0 71 70 165 131 102 197
38 6 0 72 150 0 107 224 44
39 6 0 107 150 0 142 224 44
40 6 0 72 150 44 107 224 88
41 6 0 107 150 44 142 224 88
42 6 0 72 150 88 107 224 132
43 6 0 107 150 88 142 224 132
44 6 0 72 150 132 107 224 176
45 6 0 107 150 132 142 224 176
46 6 0 72 150 176 107 224 220
47 6 0 107 150 176 142 224 220
48 3 0 131 70 133 191 102 165
49 3 0 131 70 165 191 102 197
50 9 0 114 102 0 228 149 42
51 9 0 114 102 42 228 149 84
52 9 0 114 102 84 228 149 126
53 9 0 114 102 126 228 149 168
54 9 0 114 102 168 228 149 210
55 7 0 142 149 0 222 188 48
56 7 0 222 149 0 302 188 48
57 7 0 302 149 0 382 188 48
58 7 0 142 188 0 222 227 48
59 7 0 222 188 0 302 227 48
60 7 0 302 188 0 382 227 48
61 12 0 142 149 48 262 195 103
62 12 0 262 149 48 382 195 103
63 12 0 142 149 103 262 195 158
64 12 0 262 149 103 382 195 158
65 12 0 142 149 158 262 195 213
66 12 0 262 149 158 382 195 213
67 2 0 142 195 48 257 230 79
68 2 0 257 195 48 372 230 79
69 3 0 191 70 133 223 102 193
70 3 0 223 70 133 283 102 165
71 3 0 223 70 165 283 102 197
72 2 0 142 195 79 257 226 114
73 2 0 142 195 114 257 226 149
74 2 0 142 195 149 257 226 184
75 2 0 142 195 184 257 226 219
76 12 0 228 102 0 348 148 55
77 12 0 228 102 55 348 148 110
78 12 0 228 102 110 348 148 165
79 12 0 228 102 165 348 148 220
80 5 0 249 0 133 341 62 167
81 5 0 249 0 167 341 62 201
82 8 0 283 62 133 400 101 195
83 2 0 257 195 79 372 230 110
84 2 0 257 195 110 372 230 141
85 2 0 257 195 141 372 230 172
86 6 0 257 195 172 331 230 216
87 6 0 331 195 172 405 230 216
88 3 0 341 0 133 373 60 165
89 3 0 341 0 165 373 60 197
90 8 0 348 101 0 465 140 62
91 8 0 348 101 62 465 140 124
92 8 0 348 101 124 465 140 186
93 3 0 348 101 186 408 133 218
94 3 0 408 101 186 468 133 218
95 5 0 373 0 0 465 62 34
96 5 0 373 0 34 465 62 68
97 5 0 373 0 68 465 62 102
98 5 0 373 0 102 465 62 136
99 5 0 373 0 136 465 62 170
100 5 0 373 0 170 465 62 204
101 13 0 382 140 0 431 194 84
102 13 0 431 140 0 480 194 84
103 13 0 480 140 0 529 194 84
104 13 0 529 140 0 578 194 84
105 13 0 382 140 84 431 194 168
106 13 0 431 140 84 480 194 168
107 13 0 480 140 84 529 194 168
108 13 0 529 140 84 578 194 168
109 13 0 382 140 168 466 194 217
110 8 0 400 62 0 517 101 62
111 8 0 400 62 62 517 101 124
112 8 0 400 62 124 517 101 186
113 3 0 400 62 186 460 94 218
114 3 0 460 62 186 520 94 218
115 5 0 405 194 0 497 228 62
116 14 0 466 133 168 536 196 217
117 5 0 405 196 62 497 230 124
118 5 0 405 196 124 497 230 186
119 5 0 465 0 0 557 62 34
120 8 0 465 0 34 582 39 96
121 13 0 465 0 96 549 54 145
122 5 0 465 0 145 557 62 179
123 0 0 465 0 179 571 62 204
124 6 0 497 196 0 571 231 44
125 4 0 497 196 44 569 230 97
126 4 0 497 196 97 569 230 150
127 4 0 497 196 150 569 230 203
128 13 0 520 62 0 574 111 84
129 13 0 520 62 84 574 111 168
