Utilizacion 77.343350 VolCajasEmpacado 77.654539 Duracion[s] 60.047000 Iteraciones 997
0 2 0 0 0 0 44 60 36
1 2 0 0 0 36 44 60 72
2 2 0 0 0 72 44 60 108
3 2 0 0 0 108 44 60 144
4 2 0 0 0 144 44 60 180
5 2 0 0 0 180 44 60 216
6 1 0 0 60 0 49 108 65
7 1 0 0 60 65 49 108 130
8 1 0 0 60 130 49 108 195
9 0 0 0 108 0 42 148 76
10 0 0 0 148 0 42 188 76
11 0 0 0 188 0 42 228 76
12 2 0 0 108 76 44 168 112
13 2 0 0 168 76 44 228 112
14 1 0 0 108 112 65 156 161
15 1 0 0 108 161 65 156 210
16 1 0 0 156 112 48 205 177
17 0 0 0 156 177 76 196 219
18 1 0 44 0 0 109 49 48
19 1 0 44 0 48 92 49 113
20 3 1 44 0 113 88 60 149
21 3 1 44 0 149 88 60 185
22 3 1 48 196 0 92 232 60
23 3 1 92 196 0 136 232 60
24 3 1 136 196 0 180 232 60
25 3 1 180 196 0 224 232 60
26 4 1 49 60 0 125 102 40
27 4 1 49 60 40 125 102 80
28 4 1 49 60 80 125 102 120
29 4 1 49 60 120 125 102 160
30 4 1 49 60 160 125 102 200
31 5 1 65 102 0 113 151 65
32 5 1 113 102 0 161 151 65
33 5 1 65 102 65 113 151 130
34 5 1 113 102 65 161 151 130
35 5 1 65 102 130 113 151 195
36 5 1 113 102 130 161 151 195
37 4 1 76 151 0 116 193 76
38 4 1 76 151 76 116 193 152
39 8 2 48 196 60 92 232 120
40 8 2 48 196 120 92 232 180
41 8 2 76 151 152 112 195 212
42 8 2 92 195 60 136 231 120
43 8 2 92 195 120 136 231 180
44 8 2 109 0 0 145 60 44
45 6 2 109 0 44 174 48 93
46 6 2 109 0 93 174 48 142
47 6 2 109 0 142 174 48 191
48 7 2 116 151 0 192 193 40
49 7 2 116 151 40 192 193 80
50 7 2 116 151 80 192 193 120
51 7 2 116 151 120 192 193 160
52 7 2 116 151 160 192 193 200
53 7 2 136 193 60 212 233 102
54 7 2 136 193 102 212 233 144
55 7 2 136 193 144 212 233 186
56 7 2 125 60 0 165 102 76
57 7 2 125 60 76 165 102 152
58 6 2 125 48 152 174 96 217
59 6 2 161 102 0 226 150 49
60 6 2 161 102 49 226 150 98
61 6 2 161 102 98 226 150 147
62 6 2 161 102 147 226 150 196
63 6 2 174 0 0 223 65 48
64 6 2 174 0 48 223 65 96
65 6 2 174 0 96 223 65 144
66 6 2 174 0 144 223 65 192
67 7 2 192 150 0 232 192 76
68 9 3 174 65 0 234 101 44
69 9 3 174 65 44 234 101 88
70 9 3 174 65 88 234 101 132
71 9 3 174 65 132 234 101 176
72 9 3 174 65 176 234 101 220
73 10 3 192 150 76 234 190 152
74 10 3 192 150 152 268 192 192
75 11 3 223 0 0 272 65 48
76 11 3 223 0 48 272 65 96
77 11 3 223 0 96 272 65 144
78 10 3 223 0 144 265 40 220
79 10 3 224 192 0 266 232 76
80 10 3 266 192 0 308 232 76
81 10 3 308 192 0 350 232 76
82 13 4 212 192 76 288 232 118
83 13 4 288 192 76 364 232 118
84 13 4 212 192 118 288 232 160
85 13 4 288 192 118 364 232 160
86 13 4 212 192 160 288 232 202
87 13 4 288 192 160 364 232 202
88 14 4 226 101 0 291 149 49
89 14 4 291 101 0 356 149 49
90 14 4 226 101 49 291 149 98
91 14 4 291 101 49 356 149 98
92 14 4 226 101 98 291 149 147
93 14 4 291 101 98 356 149 147
94 14 4 226 101 147 291 149 196
95 14 4 291 101 147 356 149 196
96 12 4 234 40 144 294 84 180
97 12 4 234 40 180 294 84 216
98 12 4 268 149 0 328 185 44
99 12 4 268 149 44 328 185 88
100 12 4 268 149 88 328 185 132
101 12 4 268 149 132 328 185 176
102 12 4 268 149 176 328 185 220
103 12 4 272 0 0 316 36 60
104 12 4 272 0 60 316 36 120
105 12 4 272 0 120 316 36 180
106 12 4 294 0 180 338 60 216
107 12 4 294 60 0 354 96 44
108 12 4 354 60 0 414 96 44
109 14 4 338 0 0 386 49 65
110 14 4 338 0 65 386 49 130
111 14 4 338 0 130 386 49 195
112 15 5 294 60 44 354 96 88
113 15 5 354 60 44 414 96 88
114 17 5 294 60 88 370 100 130
115 17 5 370 60 88 446 100 130
116 17 5 294 60 130 370 100 172
117 17 5 370 60 130 446 100 172
118 17 5 294 60 172 370 100 214
119 17 5 370 60 172 446 100 214
120 17 5 328 149 0 404 191 40
121 17 5 404 149 0 480 191 40
122 17 5 480 149 0 556 191 40
123 17 5 328 149 40 404 191 80
124 17 5 404 149 40 480 191 80
125 17 5 480 149 40 556 191 80
126 17 5 328 149 80 404 191 120
127 15 5 328 149 120 372 185 180
128 15 5 372 149 120 416 185 180
129 16 5 356 100 0 405 148 65
130 16 5 405 100 0 454 148 65
131 16 5 454 100 0 503 148 65
132 16 5 503 100 0 552 148 65
133 16 5 356 100 65 405 148 130
134 16 5 405 100 65 454 148 130
135 16 5 454 100 65 503 148 130
136 16 5 503 100 65 552 148 130
137 16 5 356 100 130 421 148 179
138 15 5 356 100 179 416 144 215
139 15 5 356 144 180 416 188 216
140 15 5 364 191 0 424 227 44
141 16 5 386 0 0 434 49 65
142 19 6 364 191 44 440 231 86
143 19 6 364 191 86 440 231 128
144 19 6 364 191 128 440 231 170
145 19 6 364 191 170 440 231 212
146 19 6 386 0 65 426 42 141
147 19 6 386 0 141 426 42 217
148 19 6 416 148 80 492 188 122
149 19 6 416 148 122 492 188 164
150 19 6 416 148 164 492 188 206
151 20 6 421 100 130 470 148 195
152 18 6 434 0 0 478 60 36
153 18 6 478 0 0 522 60 36
154 18 6 522 0 0 566 60 36
155 18 6 434 0 36 470 60 80
156 20 6 426 0 80 491 49 128
157 20 6 426 0 128 491 49 176
158 19 6 426 0 176 502 42 216
159 20 6 492 148 80 541 196 145
160 20 6 502 0 36 567 49 84
161 20 6 502 0 84 567 48 133
162 21 7 440 196 0 500 232 44
163 21 7 440 196 44 500 232 88
164 21 7 440 196 88 500 232 132
165 21 7 440 196 132 500 232 176
166 21 7 440 196 176 500 232 220
167 22 7 446 60 0 488 100 76
168 22 7 488 60 0 530 100 76
169 22 7 530 60 0 572 100 76
170 22 7 446 60 76 488 100 152
171 22 7 488 60 76 530 100 152
172 22 7 530 60 76 572 100 152
173 23 7 446 49 152 494 98 217
174 23 7 470 100 130 535 148 179
175 22 7 470 98 179 546 140 219
176 23 7 492 148 145 541 196 210
177 23 7 494 42 152 559 90 201
178 21 7 500 196 0 544 232 60
179 21 7 500 196 60 544 232 120
180 21 7 500 196 120 544 232 180
181 22 7 502 0 133 542 42 209
182 22 7 542 0 133 582 42 209
183 22 7 544 191 0 584 233 76
184 22 7 544 191 76 584 233 152
