Utilizacion 77.842073 VolCajasEmpacado 78.067613 Duracion[s] 60.000000 Iteraciones 3846
0 2 0 0 0 0 75 24 37
1 2 0 0 0 37 75 24 74
2 2 0 0 0 74 75 24 111
3 2 0 0 0 111 75 24 148
4 1 0 0 24 0 68 129 42
5 1 0 0 24 42 68 129 84
6 1 0 0 24 84 68 129 126
7 1 0 0 24 126 68 129 168
8 1 0 0 24 168 68 129 210
9 0 0 0 129 0 79 202 26
10 0 0 0 129 26 79 202 52
11 0 0 0 129 52 79 202 78
12 0 0 0 129 78 79 202 104
13 3 1 0 202 0 75 226 37
14 3 1 0 202 37 75 226 74
15 3 1 0 202 74 75 226 111
16 4 1 0 129 104 79 202 130
17 4 1 0 129 130 79 202 156
18 4 1 0 129 156 79 202 182
19 4 1 0 129 182 79 202 208
20 5 1 68 24 0 110 129 68
21 5 1 110 24 0 152 129 68
22 5 1 68 24 68 110 129 136
23 5 1 110 24 68 152 129 136
24 5 1 68 24 136 110 129 204
25 5 1 110 24 136 152 129 204
26 5 1 79 129 0 184 171 68
27 5 1 79 171 0 184 213 68
28 8 2 0 0 148 75 24 185
29 8 2 0 202 111 75 226 148
30 8 2 0 202 148 75 226 185
31 6 2 79 129 68 184 171 136
32 6 2 79 171 68 184 213 136
33 6 2 79 129 136 184 171 204
34 6 2 79 171 136 184 213 204
35 8 2 75 0 0 150 24 37
36 6 2 152 0 0 194 105 68
37 6 2 152 0 68 194 105 136
38 7 2 152 0 136 231 73 162
39 7 2 152 0 162 231 73 188
40 10 3 152 0 188 231 73 214
41 9 3 152 73 136 227 110 160
42 9 3 152 73 160 227 110 184
43 9 3 152 73 184 227 110 208
44 11 3 184 110 0 289 152 68
45 11 3 184 152 0 289 194 68
46 11 3 184 110 68 289 152 136
47 11 3 184 152 68 289 194 136
48 11 3 184 110 136 289 152 204
49 11 3 184 152 136 289 194 204
50 9 3 184 194 0 259 231 24
51 11 3 231 0 0 273 105 68
52 11 3 273 0 0 315 105 68
53 10 3 231 0 68 304 79 94
54 10 3 231 0 94 304 79 120
55 10 3 231 0 120 304 79 146
56 10 3 231 0 146 304 79 172
57 10 3 231 0 172 304 79 198
58 12 4 184 194 24 259 218 61
59 12 4 184 194 61 259 218 98
60 12 4 184 194 98 259 218 135
61 12 4 184 194 135 259 218 172
62 12 4 184 194 172 259 218 209
63 12 4 227 79 68 302 103 105
64 12 4 227 79 105 302 103 142
65 14 4 289 105 0 394 147 68
66 14 4 289 147 0 394 189 68
67 14 4 289 189 0 394 231 68
68 14 4 315 0 0 357 105 68
69 14 4 315 0 68 357 105 136
70 14 4 315 0 136 357 105 204
71 14 4 289 105 68 394 147 136
72 14 4 289 147 68 394 189 136
73 13 4 289 105 136 368 178 162
74 13 4 289 105 162 362 184 188
75 13 4 289 105 188 362 184 214
76 13 4 357 0 0 430 79 26
77 15 5 259 194 68 334 231 92
78 15 5 259 194 92 334 218 129
79 15 5 259 194 129 334 218 166
80 15 5 259 194 166 334 218 203
81 16 5 334 189 68 439 231 136
82 16 5 334 189 136 439 231 204
83 16 5 357 0 26 399 105 94
84 16 5 399 0 26 441 105 94
85 16 5 357 0 94 399 105 162
86 16 5 399 0 94 441 105 162
87 15 5 357 0 162 432 37 186
88 15 5 357 0 186 432 37 210
89 16 5 357 37 162 462 105 204
90 17 5 394 105 0 473 178 26
91 17 5 394 105 26 467 184 52
92 17 5 394 105 52 467 184 78
93 17 5 394 105 78 467 184 104
94 18 6 368 105 136 392 180 173
95 18 6 368 105 173 392 180 210
96 20 6 394 105 104 499 147 172
97 20 6 394 147 104 499 189 172
98 18 6 392 105 172 467 142 196
99 18 6 392 105 196 467 142 220
100 18 6 392 142 172 467 179 196
101 18 6 392 142 196 467 179 220
102 18 6 439 189 0 514 226 24
103 18 6 439 189 24 514 226 48
104 20 6 439 189 48 544 231 116
105 18 6 439 189 116 514 226 140
106 18 6 439 189 140 514 226 164
107 20 6 462 0 0 504 105 68
108 20 6 462 0 68 504 105 136
109 20 6 462 0 136 504 105 204
110 19 6 499 105 0 578 178 26
111 19 6 499 105 26 572 184 52
112 19 6 499 105 52 572 184 78
113 19 6 499 105 78 572 184 104
114 19 6 499 105 104 572 184 130
115 21 7 439 189 164 514 226 188
116 21 7 439 179 188 514 216 212
117 22 7 499 105 130 578 178 156
118 22 7 499 105 156 578 178 182
119 22 7 467 105 182 546 178 208
120 23 7 504 0 0 572 105 42
121 23 7 504 0 42 572 105 84
122 23 7 504 0 84 572 105 126
123 23 7 504 0 126 572 105 168
124 23 7 504 0 168 572 105 210
125 21 7 546 105 182 570 180 219
