Utilizacion 89.129703 VolCajasEmpacado 89.859853 Duracion[s] 60.017000 Iteraciones 2280
0 1 0 0 0 0 60 69 43
1 1 0 0 69 0 60 138 43
2 1 0 0 0 43 60 69 86
3 1 0 0 69 43 60 138 86
4 1 0 0 0 86 60 69 129
5 1 0 0 69 86 60 138 129
6 1 0 0 0 129 60 69 172
7 1 0 0 69 129 60 138 172
8 1 0 0 0 172 60 69 215
9 1 0 0 69 172 60 138 215
10 0 0 0 138 0 64 174 66
11 0 0 64 138 0 128 174 66
12 0 0 128 138 0 192 174 66
13 0 0 0 174 0 64 210 66
14 0 0 64 174 0 128 210 66
15 0 0 128 174 0 192 210 66
16 0 0 0 138 66 64 174 132
17 0 0 64 138 66 128 174 132
18 0 0 128 138 66 192 174 132
19 0 0 0 174 66 64 210 132
20 0 0 64 174 66 128 210 132
21 0 0 128 174 66 192 210 132
22 0 0 0 138 132 64 174 198
23 0 0 64 138 132 128 174 198
24 0 0 128 138 132 192 174 198
25 0 0 0 174 132 64 210 198
26 0 0 64 174 132 128 210 198
27 0 0 128 174 132 192 210 198
28 1 0 60 0 0 120 69 43
29 1 0 60 69 0 120 138 43
30 0 0 60 0 43 126 64 79
31 0 0 60 64 43 126 128 79
32 0 0 60 0 79 126 64 115
33 0 0 60 64 79 126 128 115
34 2 0 60 0 115 133 97 164
35 2 0 60 0 164 133 97 213
36 0 0 60 97 115 126 133 179
37 2 0 133 0 0 230 49 73
38 2 0 230 0 0 327 49 73
39 2 0 327 0 0 424 49 73
40 2 0 424 0 0 521 49 73
41 2 0 133 0 73 230 49 146
42 2 0 230 0 73 327 49 146
43 2 0 327 0 73 424 49 146
44 2 0 424 0 73 521 49 146
45 2 0 133 0 146 230 49 219
46 2 0 230 0 146 327 49 219
47 2 0 327 0 146 424 49 219
48 2 0 424 0 146 521 49 219
49 2 0 133 49 0 230 98 73
50 2 0 230 49 0 327 98 73
51 2 0 133 49 73 230 98 146
52 2 0 230 49 73 327 98 146
53 2 0 133 49 146 230 98 219
54 2 0 230 49 146 327 98 219
55 3 1 126 98 0 192 134 64
56 3 1 126 98 64 192 134 128
57 3 1 126 98 128 192 134 192
58 5 1 192 98 0 241 195 73
59 5 1 241 98 0 290 195 73
60 5 1 290 98 0 339 195 73
61 5 1 339 98 0 388 195 73
62 5 1 388 98 0 437 195 73
63 5 1 437 98 0 486 195 73
64 5 1 486 98 0 535 195 73
65 5 1 535 98 0 584 195 73
66 5 1 192 98 73 241 195 146
67 5 1 241 98 73 290 195 146
68 5 1 290 98 73 339 195 146
69 5 1 339 98 73 388 195 146
70 5 1 388 98 73 437 195 146
71 5 1 437 98 73 486 195 146
72 5 1 486 98 73 535 195 146
73 5 1 535 98 73 584 195 146
74 5 1 192 98 146 241 195 219
75 5 1 241 98 146 290 195 219
76 5 1 290 98 146 339 195 219
77 5 1 339 98 146 388 195 219
78 5 1 388 98 146 437 195 219
79 5 1 437 98 146 486 195 219
80 5 1 486 98 146 535 195 219
81 5 1 535 98 146 584 195 219
82 3 1 192 195 0 258 231 64
83 3 1 192 195 64 258 231 128
84 3 1 192 195 128 258 231 192
85 3 1 258 195 0 322 231 66
86 3 1 258 195 66 322 231 132
87 3 1 258 195 132 322 231 198
88 3 1 322 195 0 388 231 64
89 3 1 322 195 64 388 231 128
90 3 1 322 195 128 388 231 192
91 5 1 327 49 0 400 98 97
92 5 1 327 49 97 400 98 194
93 3 1 388 195 0 452 231 66
94 3 1 388 195 66 454 231 130
95 3 1 388 195 130 454 231 194
96 5 1 400 49 0 497 98 73
97 5 1 400 49 73 497 98 146
98 5 1 400 49 146 497 98 219
99 3 1 454 195 0 518 231 66
100 3 1 454 195 66 518 231 132
101 3 1 454 195 132 518 231 198
102 4 1 497 49 0 566 92 60
103 4 1 497 49 60 566 92 120
104 4 1 497 49 120 566 92 180
105 3 1 518 195 0 582 231 66
106 3 1 518 195 66 582 231 132
107 3 1 518 195 132 582 231 198
108 3 1 521 0 0 587 36 64
109 3 1 521 0 64 587 36 128
110 3 1 521 0 128 587 36 192
