Utilizacion 77.788736 VolCajasEmpacado 79.764821 Duracion[s] 60.017000 Iteraciones 1086
0 17 0 0 0 0 44 76 72
1 17 0 0 0 72 44 76 144
2 17 0 0 0 144 44 76 216
3 3 0 0 76 0 67 153 90
4 3 0 0 153 0 67 230 90
5 3 0 0 76 90 67 153 180
6 3 0 0 153 90 67 230 180
7 14 0 0 76 180 66 114 219
8 14 0 0 114 180 66 152 219
9 14 0 0 152 180 66 190 219
10 9 0 44 0 0 106 46 55
11 2 0 44 0 55 132 72 129
12 2 0 44 0 129 132 72 203
13 11 0 67 72 0 167 113 66
14 11 0 67 113 0 167 154 66
15 11 0 67 154 0 167 195 66
16 9 0 67 72 66 129 127 112
17 9 0 67 72 112 129 127 158
18 9 0 67 72 158 129 127 204
19 13 0 67 127 66 125 222 104
20 13 0 67 127 104 125 222 142
21 13 0 67 127 142 125 222 180
22 13 0 67 127 180 125 222 218
23 11 0 125 127 66 191 227 107
24 4 0 125 127 107 205 186 192
25 1 0 125 127 192 197 173 219
26 8 0 125 186 107 204 232 170
27 9 0 129 72 66 184 118 128
28 6 0 129 72 128 237 120 194
29 0 0 132 0 0 218 71 33
30 0 0 132 0 33 218 71 66
31 0 0 132 0 66 218 71 99
32 8 0 132 0 99 195 46 178
33 13 0 132 0 178 227 58 216
34 8 0 204 186 0 283 232 63
35 8 0 204 186 63 283 232 126
36 15 0 204 186 126 300 222 185
37 6 0 205 120 0 313 186 48
38 15 0 205 120 48 301 179 84
39 15 0 205 120 84 301 179 120
40 4 0 205 120 120 285 179 205
41 16 0 227 0 0 322 35 68
42 16 0 227 35 0 322 70 68
43 17 0 227 0 68 303 72 112
44 16 0 227 0 112 322 68 147
45 7 0 237 72 0 332 119 79
46 12 0 237 0 147 329 86 187
47 10 0 300 186 0 392 229 77
48 5 0 300 179 77 386 231 155
49 10 0 313 119 0 405 162 77
50 12 0 332 0 0 424 86 40
51 12 0 332 0 40 424 86 80
52 12 0 332 0 80 424 86 120
53 12 0 332 0 120 424 86 160
54 36 1 129 72 194 247 117 217
55 35 1 227 0 187 273 72 214
56 34 1 273 0 187 344 86 220
57 35 1 205 179 185 277 225 212
58 36 1 247 86 79 365 109 124
59 35 1 247 86 124 319 113 170
60 35 1 247 86 170 319 113 216
61 19 1 301 119 77 347 174 139
62 28 1 285 113 139 385 179 180
63 35 1 285 113 180 357 159 207
64 31 1 300 159 180 366 197 219
65 32 1 300 197 155 396 233 214
66 35 1 319 86 124 391 113 170
67 32 1 344 0 160 440 36 219
68 32 1 344 36 160 440 72 219
69 31 1 344 72 170 410 111 208
70 33 1 392 162 0 487 197 68
71 33 1 392 162 68 487 197 136
72 33 1 392 162 136 487 197 204
73 32 1 396 197 0 492 233 59
74 32 1 396 197 59 492 233 118
75 32 1 396 197 118 492 233 177
76 22 1 405 111 0 513 159 66
77 22 1 405 111 66 513 159 132
78 22 1 405 111 132 513 159 198
79 33 1 424 72 0 519 107 68
80 30 1 424 72 68 519 110 126
81 33 1 424 72 126 519 107 194
82 26 1 440 0 0 514 72 88
83 26 1 440 0 88 514 72 176
84 18 1 440 0 176 516 72 220
85 25 1 492 159 0 569 226 90
86 26 1 492 159 90 580 233 162
87 34 1 492 159 162 578 230 195
88 21 1 513 110 0 572 159 48
89 18 1 513 110 48 585 154 124
90 18 1 513 110 124 585 154 200
91 23 1 519 0 0 571 86 78
92 22 1 519 0 78 585 108 126
93 22 1 519 0 126 585 108 174
