Utilizacion 73.180997 VolCajasEmpacado 74.781110 Duracion[s] 60.029000 Iteraciones 1665
0 6 0 0 0 0 77 115 53
1 6 0 0 115 0 77 230 53
2 8 0 0 0 53 67 84 97
3 8 0 0 0 97 67 84 141
4 8 0 0 0 141 67 84 185
5 0 0 0 0 185 91 40 213
6 0 0 0 40 185 91 80 213
7 10 0 0 84 53 40 132 94
8 10 0 0 132 53 40 180 94
9 10 0 0 180 53 40 228 94
10 9 0 0 84 94 68 140 137
11 12 0 0 140 94 45 227 126
12 12 0 0 140 126 45 227 158
13 12 0 0 140 158 45 227 190
14 7 0 0 84 137 58 136 210
15 13 0 0 136 190 76 191 220
16 1 0 77 80 0 143 146 26
17 1 0 77 146 0 143 212 26
18 3 0 77 80 26 139 173 117
19 11 0 68 80 117 148 114 169
20 12 0 58 84 169 145 129 201
21 8 0 76 129 117 160 173 184
22 0 0 76 129 184 167 169 212
23 4 0 77 173 26 179 227 95
24 5 0 76 173 95 158 226 187
25 2 0 91 0 0 189 74 120
26 23 1 45 191 187 117 225 220
27 23 1 117 191 187 189 225 220
28 14 1 91 0 120 132 40 168
29 14 1 91 40 120 132 80 168
30 25 1 91 0 168 157 66 194
31 25 1 91 0 194 157 66 220
32 19 1 148 74 0 250 128 69
33 19 1 148 74 69 250 128 138
34 18 1 148 66 138 238 126 209
35 22 1 157 0 120 200 66 162
36 22 1 157 0 162 199 66 205
37 14 1 167 128 0 215 169 40
38 24 1 167 128 40 254 173 72
39 24 1 167 128 72 254 173 104
40 17 1 167 128 104 254 189 182
41 23 1 167 126 182 239 160 215
42 21 1 189 189 0 245 232 68
43 14 1 189 189 68 237 230 108
44 16 1 200 0 0 291 62 93
45 20 1 200 0 93 273 58 145
46 15 1 254 62 0 352 136 120
47 36 2 189 160 182 261 193 216
48 26 2 189 193 108 230 233 156
49 26 2 189 193 156 237 233 197
50 33 2 200 0 145 258 52 218
51 39 2 245 193 0 336 233 28
52 37 2 245 193 28 332 225 73
53 37 2 237 193 73 324 225 118
54 38 2 237 193 118 313 223 173
55 34 2 250 58 120 294 125 204
56 30 2 261 136 0 330 190 102
57 35 2 261 136 102 304 192 170
58 40 2 261 125 170 327 191 196
59 32 2 291 0 0 406 53 77
60 41 2 291 0 77 375 46 140
61 32 2 273 0 140 388 53 217
62 29 2 294 53 120 384 124 180
63 38 2 294 53 180 370 108 210
64 31 2 330 136 0 412 189 92
65 28 2 330 136 92 417 214 153
66 28 2 330 136 153 417 214 214
67 27 2 384 53 0 475 115 93
68 42 3 384 53 93 456 131 144
69 42 3 384 53 144 456 131 195
70 46 3 406 0 0 479 52 58
71 42 3 406 0 58 478 51 136
72 50 3 388 0 136 460 33 170
73 50 3 388 0 170 460 33 204
74 44 3 417 131 0 508 224 62
75 45 3 417 131 62 486 233 116
76 45 3 417 131 116 486 233 170
77 49 3 417 131 170 457 172 218
78 52 3 417 172 170 493 227 200
79 52 3 456 51 93 486 127 148
80 52 3 456 51 148 486 127 203
81 47 3 479 0 0 542 46 84
82 48 3 478 0 84 562 44 151
83 48 3 478 0 151 562 44 218
84 47 3 486 46 0 532 130 63
85 47 3 486 46 63 532 130 126
86 51 3 486 44 126 573 76 171
87 51 3 486 76 126 573 108 171
88 51 3 486 44 171 573 76 216
89 51 3 486 76 171 573 108 216
90 43 3 508 130 0 582 228 120
91 44 3 493 130 120 586 221 182
