Utilizacion 70.701674 VolCajasEmpacado 71.743155 Duracion[s] 60.021000 Iteraciones 1494
0 5 0 0 0 0 87 115 32
1 5 0 0 115 0 87 230 32
2 10 0 0 0 32 64 28 64
3 10 0 0 0 64 64 28 96
4 10 0 0 0 96 64 28 128
5 10 0 0 0 128 64 28 160
6 10 0 0 0 160 64 28 192
7 11 0 0 28 32 111 75 59
8 10 0 0 0 192 64 32 220
9 4 0 0 32 59 42 104 139
10 4 0 0 32 139 42 104 219
11 1 0 0 104 32 55 134 53
12 2 0 42 32 59 103 98 159
13 8 0 0 134 32 62 165 66
14 8 0 0 165 32 62 196 66
15 8 0 0 196 32 62 227 66
16 0 0 42 32 159 122 93 182
17 0 0 42 32 182 122 93 205
18 6 0 0 104 66 78 197 98
19 6 0 0 104 98 78 197 130
20 6 0 0 104 130 78 197 162
21 6 0 0 104 162 78 197 194
22 8 0 0 197 66 62 231 97
23 0 0 0 104 194 80 165 217
24 0 0 0 165 194 80 226 217
25 9 0 87 98 0 118 140 31
26 9 0 87 140 0 118 182 31
27 9 0 87 182 0 118 224 31
28 0 0 87 98 31 148 178 54
29 5 0 80 98 54 167 213 86
30 7 0 80 98 86 152 162 117
31 7 0 80 162 86 152 226 117
32 3 0 80 98 117 174 188 161
33 22 1 80 93 161 159 125 216
34 22 1 80 125 161 159 157 216
35 22 1 80 157 161 159 189 216
36 17 1 80 189 117 152 231 197
37 28 1 80 189 197 135 219 218
38 25 1 87 0 0 151 28 32
39 25 1 87 0 32 151 28 64
40 12 1 64 0 64 126 31 98
41 12 1 64 0 98 126 31 132
42 26 1 64 0 132 175 27 179
43 24 1 64 0 179 106 31 210
44 24 1 106 0 179 148 31 210
45 15 1 122 31 0 211 79 54
46 15 1 122 31 54 211 79 108
47 15 1 122 31 108 211 79 162
48 18 1 122 31 162 197 65 218
49 24 1 148 0 179 190 31 210
50 26 1 122 65 162 233 92 209
51 26 1 159 92 161 186 203 208
52 23 1 186 92 0 258 156 31
53 23 1 186 156 0 258 220 31
54 13 1 186 92 31 249 160 84
55 13 1 186 160 31 249 228 84
56 19 1 186 92 84 220 182 125
57 19 1 186 92 125 220 182 166
58 19 1 186 92 166 220 182 207
59 14 1 186 182 84 258 231 157
60 27 1 211 0 0 291 61 23
61 14 1 211 0 23 283 49 96
62 17 1 211 0 96 283 42 176
63 27 1 197 0 176 277 61 199
64 21 1 258 61 0 336 154 32
65 20 1 249 61 32 336 176 64
66 20 1 249 61 64 336 176 96
67 20 1 249 61 96 336 176 128
68 21 1 220 92 128 313 170 160
69 16 1 220 92 160 314 182 204
70 39 2 152 203 157 263 230 204
71 37 2 233 61 128 297 89 160
72 37 2 233 61 160 297 89 192
73 39 2 263 182 0 374 229 27
74 39 2 263 182 27 374 229 54
75 32 2 263 182 54 335 231 127
76 29 2 263 182 127 317 230 216
77 35 2 291 0 0 370 55 32
78 35 2 291 0 32 370 55 64
79 35 2 291 0 64 370 55 96
80 30 2 283 0 96 402 59 176
81 33 2 297 0 176 391 90 220
82 34 2 314 90 128 356 162 208
83 36 2 317 176 127 348 207 169
84 37 2 317 162 169 345 226 201
85 29 2 348 162 54 396 216 143
86 31 2 348 162 143 411 230 196
87 34 2 356 90 0 436 162 42
88 34 2 436 90 0 516 162 42
89 31 2 356 90 42 419 158 95
90 31 2 419 90 42 482 158 95
91 32 2 356 90 95 405 162 168
92 30 2 402 0 0 521 80 59
93 40 2 402 0 59 517 87 91
94 40 2 402 0 91 517 87 123
95 40 2 402 0 123 517 87 155
96 40 2 402 0 155 517 87 187
97 40 2 402 0 187 517 87 219
98 38 2 405 87 95 504 161 122
99 50 3 345 162 196 400 192 217
100 50 3 345 192 196 400 222 217
101 44 3 356 90 168 436 162 210
102 41 3 411 162 0 479 225 53
103 41 3 411 162 53 479 225 106
104 41 3 411 162 106 479 225 159
105 54 3 411 162 159 443 226 187
106 55 3 411 162 187 442 204 218
107 54 3 411 204 187 475 232 219
108 45 3 436 87 122 526 128 156
109 43 3 436 87 156 525 141 204
110 55 3 443 141 159 474 183 190
111 48 3 479 162 0 551 226 31
112 42 3 479 162 31 579 223 97
113 43 3 479 161 97 527 215 186
114 49 3 474 141 186 553 196 218
115 42 3 521 0 0 587 61 100
116 43 3 517 0 100 571 48 189
117 51 3 517 0 189 578 80 212
118 43 3 526 80 0 580 128 89
