Utilizacion 82.966222 VolCajasEmpacado 84.373771 Duracion[s] 60.007000 Iteraciones 1143
0 1 0 0 0 0 57 29 54
1 1 0 0 29 0 57 58 54
2 1 0 0 58 0 57 87 54
3 1 0 0 87 0 57 116 54
4 1 0 0 116 0 57 145 54
5 1 0 0 145 0 57 174 54
6 1 0 0 174 0 57 203 54
7 1 0 0 203 0 57 232 54
8 1 0 0 0 54 57 29 108
9 1 0 0 29 54 57 58 108
10 1 0 0 58 54 57 87 108
11 1 0 0 87 54 57 116 108
12 1 0 0 116 54 57 145 108
13 1 0 0 145 54 57 174 108
14 1 0 0 174 54 57 203 108
15 1 0 0 203 54 57 232 108
16 1 0 0 0 108 54 57 137
17 1 0 0 57 108 54 114 137
18 1 0 0 114 108 54 171 137
19 1 0 0 171 108 54 228 137
20 1 0 0 0 137 29 57 191
21 1 0 29 0 137 58 57 191
22 0 0 0 57 137 27 154 168
23 0 0 0 57 168 27 154 199
24 0 0 0 0 191 97 31 218
25 7 0 0 154 137 62 231 208
26 2 0 27 57 137 59 148 187
27 0 0 27 57 187 58 154 214
28 6 0 59 31 0 99 149 66
29 6 0 99 31 0 139 149 66
30 6 0 139 31 0 179 149 66
31 6 0 179 31 0 219 149 66
32 6 0 219 31 0 259 149 66
33 6 0 259 31 0 299 149 66
34 6 0 59 31 66 99 149 132
35 6 0 99 31 66 139 149 132
36 6 0 139 31 66 179 149 132
37 6 0 179 31 66 219 149 132
38 6 0 219 31 66 259 149 132
39 6 0 259 31 66 299 149 132
40 6 0 59 31 132 99 149 198
41 6 0 99 31 132 139 149 198
42 6 0 139 31 132 179 149 198
43 6 0 179 31 132 219 149 198
44 6 0 219 31 132 259 149 198
45 6 0 259 31 132 299 149 198
46 3 0 62 149 0 137 218 32
47 3 0 137 149 0 212 218 32
48 3 0 212 149 0 287 218 32
49 3 0 287 149 0 362 218 32
50 3 0 362 149 0 437 218 32
51 3 0 437 149 0 512 218 32
52 3 0 512 149 0 587 218 32
53 3 0 62 149 32 137 218 64
54 3 0 137 149 32 212 218 64
55 3 0 212 149 32 287 218 64
56 3 0 287 149 32 362 218 64
57 3 0 362 149 32 437 218 64
58 3 0 437 149 32 512 218 64
59 3 0 512 149 32 587 218 64
60 3 0 62 149 64 137 218 96
61 3 0 137 149 64 212 218 96
62 3 0 212 149 64 287 218 96
63 3 0 287 149 64 362 218 96
64 3 0 362 149 64 437 218 96
65 3 0 437 149 64 512 218 96
66 3 0 512 149 64 587 218 96
67 7 0 62 149 96 133 226 158
68 7 0 133 149 96 204 226 158
69 7 0 204 149 96 275 226 158
70 7 0 275 149 96 346 226 158
71 7 0 346 149 96 417 226 158
72 7 0 417 149 96 488 226 158
73 7 0 488 149 96 559 226 158
74 7 0 62 149 158 133 226 220
75 7 0 133 149 158 204 226 220
76 7 0 204 149 158 275 226 220
77 7 0 275 149 158 346 226 220
78 7 0 346 149 158 417 226 220
79 7 0 417 149 158 488 226 220
80 7 0 488 149 158 559 226 220
81 0 0 97 0 0 194 27 31
82 0 0 97 0 31 194 27 62
83 0 0 97 0 62 194 27 93
84 0 0 97 0 93 194 27 124
85 0 0 97 0 124 194 27 155
86 0 0 97 0 155 194 27 186
87 0 0 97 0 186 194 27 217
88 0 0 194 0 0 291 31 27
89 0 0 194 0 27 291 31 54
90 0 0 194 0 54 291 31 81
91 0 0 194 0 81 291 31 108
92 0 0 194 0 108 291 31 135
93 0 0 194 0 135 291 31 162
94 0 0 194 0 162 291 31 189
95 0 0 194 0 189 291 31 216
96 2 0 299 0 0 390 50 32
97 2 0 299 0 32 390 50 64
98 2 0 299 0 64 390 50 96
99 2 0 299 0 96 390 50 128
100 2 0 299 0 128 390 50 160
101 2 0 299 0 160 390 50 192
102 2 0 299 50 0 390 82 50
103 2 0 299 82 0 390 114 50
104 2 0 299 114 0 390 146 50
105 2 0 299 50 50 390 100 82
106 2 0 299 50 82 390 100 114
107 2 0 299 50 114 390 100 146
108 2 0 299 50 146 390 100 178
109 2 0 299 50 178 390 100 210
110 2 0 299 100 50 390 132 100
111 2 0 299 100 100 390 132 150
112 2 0 299 100 150 390 132 200
113 4 0 390 0 0 471 73 32
114 4 0 471 0 0 552 73 32
115 4 0 390 73 0 471 146 32
116 4 0 471 73 0 552 146 32
117 4 0 390 0 32 471 73 64
118 4 0 471 0 32 552 73 64
119 4 0 390 73 32 471 146 64
120 4 0 471 73 32 552 146 64
121 4 0 390 0 64 471 73 96
122 4 0 471 0 64 552 73 96
123 4 0 390 73 64 471 146 96
124 4 0 471 73 64 552 146 96
125 4 0 390 0 96 471 73 128
126 4 0 471 0 96 552 73 128
127 4 0 390 73 96 471 146 128
128 4 0 471 73 96 552 146 128
129 4 0 390 0 128 471 73 160
130 4 0 471 0 128 552 73 160
131 4 0 390 73 128 471 146 160
132 4 0 471 73 128 552 146 160
133 5 0 390 0 160 487 69 193
134 5 0 487 0 160 584 69 193
135 5 0 390 69 160 487 138 193
136 5 0 487 69 160 584 138 193
