Utilizacion 79.580237 VolCajasEmpacado 80.631738 Duracion[s] 60.009000 Iteraciones 4002
0 2 0 0 0 0 37 72 64
1 2 0 0 72 0 37 144 64
2 2 0 0 144 0 37 216 64
3 1 0 0 0 64 72 58 142
4 1 0 0 0 142 72 58 220
5 0 0 0 58 64 57 115 171
6 3 1 0 115 64 37 179 136
7 3 1 0 115 136 37 179 208
8 5 1 37 115 0 95 193 72
9 5 1 37 115 72 95 193 144
10 5 1 37 115 144 95 193 216
11 4 1 57 58 0 114 115 107
12 4 1 57 58 107 114 115 214
13 5 1 72 0 0 150 58 72
14 5 1 150 0 0 228 58 72
15 4 1 72 0 72 179 57 129
16 4 1 72 0 129 179 57 186
17 6 2 0 193 64 64 230 136
18 6 2 0 193 136 64 230 208
19 6 2 64 193 0 128 230 72
20 8 2 95 115 0 153 193 72
21 7 2 114 58 0 171 115 107
22 7 2 171 58 0 228 115 107
23 7 2 114 58 107 171 115 214
24 7 2 171 58 107 228 115 214
25 8 2 179 0 72 251 58 150
26 8 2 153 115 0 225 173 78
27 8 2 153 115 78 225 173 156
28 8 2 95 115 72 153 193 144
29 8 2 95 115 144 153 193 216
30 9 3 153 115 156 225 152 220
31 9 3 153 152 156 225 189 220
32 9 3 179 0 150 251 37 214
33 9 3 64 193 72 128 230 144
34 9 3 64 193 144 128 230 216
35 9 3 128 193 0 200 230 64
36 9 3 128 193 64 200 230 128
37 10 3 225 115 0 282 172 107
38 10 3 225 172 0 282 229 107
39 10 3 225 115 107 282 172 214
40 11 3 225 172 107 297 230 185
41 10 3 228 58 0 285 115 107
42 11 3 251 0 0 329 58 72
43 11 3 251 0 72 329 58 144
44 11 3 251 0 144 329 58 216
45 11 3 285 58 0 363 116 72
46 11 3 285 58 72 363 116 144
47 11 3 285 58 144 363 116 216
48 14 4 282 116 0 354 153 64
49 14 4 282 116 64 354 153 128
50 14 4 282 116 128 354 153 192
51 12 4 297 153 0 369 231 58
52 12 4 297 153 58 369 231 116
53 12 4 297 153 116 369 231 174
54 14 4 297 153 174 361 225 211
55 14 4 329 0 0 393 37 72
56 12 4 329 0 72 407 58 144
57 12 4 329 0 144 407 58 216
58 13 4 363 58 0 470 115 57
59 15 5 354 116 0 426 153 64
60 15 5 354 116 64 426 153 128
61 16 5 363 58 57 420 115 164
62 16 5 420 58 57 477 115 164
63 17 5 369 153 0 441 231 58
64 17 5 369 153 58 441 231 116
65 18 6 354 116 128 426 153 192
66 20 6 369 153 116 441 231 174
67 19 6 407 0 0 514 57 57
68 19 6 407 0 57 514 57 114
69 19 6 407 0 114 514 57 171
70 18 6 407 0 171 479 64 208
71 19 6 441 115 0 498 222 57
72 19 6 441 115 57 498 172 164
73 22 7 441 172 57 519 230 129
74 22 7 441 172 129 519 230 201
75 21 7 479 57 0 536 114 107
76 21 7 479 57 107 536 114 214
77 21 7 498 114 0 555 171 107
78 21 7 498 114 107 555 171 214
79 21 7 514 0 0 571 57 107
80 21 7 514 0 107 571 57 214
81 21 7 519 171 0 576 228 107
82 24 8 519 171 107 576 228 214
