Utilizacion 88.685663 VolCajasEmpacado 89.347948 Duracion[s] 60.020000 Iteraciones 921
0 7 0 0 0 0 90 51 55
1 7 0 90 0 0 180 51 55
2 7 0 180 0 0 270 51 55
3 7 0 270 0 0 360 51 55
4 7 0 360 0 0 450 51 55
5 7 0 450 0 0 540 51 55
6 7 0 0 0 55 90 51 110
7 7 0 90 0 55 180 51 110
8 7 0 180 0 55 270 51 110
9 7 0 270 0 55 360 51 110
10 7 0 360 0 55 450 51 110
11 7 0 450 0 55 540 51 110
12 7 0 0 0 110 90 51 165
13 7 0 90 0 110 180 51 165
14 7 0 180 0 110 270 51 165
15 7 0 270 0 110 360 51 165
16 7 0 360 0 110 450 51 165
17 7 0 450 0 110 540 51 165
18 7 0 0 0 165 90 51 220
19 7 0 90 0 165 180 51 220
20 7 0 180 0 165 270 51 220
21 7 0 270 0 165 360 51 220
22 7 0 360 0 165 450 51 220
23 7 0 450 0 165 540 51 220
24 3 0 0 51 0 47 87 71
25 3 0 0 51 71 47 87 142
26 3 0 0 51 142 47 87 213
27 3 0 0 87 0 36 158 47
28 3 0 0 87 47 36 158 94
29 3 0 0 87 94 36 158 141
30 3 0 0 87 141 36 158 188
31 0 0 0 158 0 55 225 27
32 0 0 55 158 0 110 225 27
33 0 0 110 158 0 165 225 27
34 0 0 165 158 0 220 225 27
35 0 0 220 158 0 275 225 27
36 0 0 275 158 0 330 225 27
37 0 0 330 158 0 385 225 27
38 0 0 385 158 0 440 225 27
39 0 0 440 158 0 495 225 27
40 0 0 495 158 0 550 225 27
41 7 0 0 158 27 90 213 78
42 7 0 0 158 78 90 213 129
43 7 0 0 158 129 90 213 180
44 0 0 0 87 188 55 154 215
45 6 0 0 158 180 87 226 220
46 4 0 47 51 0 134 87 53
47 4 0 134 51 0 221 87 53
48 4 0 221 51 0 308 87 53
49 4 0 308 51 0 395 87 53
50 4 0 395 51 0 482 87 53
51 4 0 482 51 0 569 87 53
52 4 0 47 51 53 134 87 106
53 4 0 134 51 53 221 87 106
54 4 0 221 51 53 308 87 106
55 4 0 308 51 53 395 87 106
56 4 0 395 51 53 482 87 106
57 4 0 482 51 53 569 87 106
58 4 0 47 51 106 134 87 159
59 4 0 134 51 106 221 87 159
60 4 0 221 51 106 308 87 159
61 4 0 308 51 106 395 87 159
62 4 0 395 51 106 482 87 159
63 4 0 482 51 106 569 87 159
64 4 0 47 51 159 134 87 212
65 4 0 134 51 159 221 87 212
66 4 0 221 51 159 308 87 212
67 4 0 308 51 159 395 87 212
68 4 0 395 51 159 482 87 212
69 4 0 482 51 159 569 87 212
70 2 0 55 87 0 145 122 44
71 2 0 55 122 0 145 157 44
72 2 0 55 87 44 145 122 88
73 2 0 55 122 44 145 157 88
74 2 0 55 87 88 145 122 132
75 2 0 55 122 88 145 157 132
76 2 0 55 87 132 145 122 176
77 2 0 55 122 132 145 157 176
78 2 0 55 87 176 145 122 220
79 2 0 55 122 176 145 157 220
80 1 0 90 157 27 203 191 74
81 1 0 90 157 74 203 191 121
82 1 0 90 157 121 203 191 168
83 1 0 90 157 168 203 191 215
84 5 0 90 191 27 209 232 65
85 5 0 90 191 65 209 232 103
86 5 0 90 191 103 209 232 141
87 5 0 90 191 141 209 232 179
88 5 0 90 191 179 209 232 217
89 6 0 145 87 0 232 155 40
90 6 0 232 87 0 319 155 40
91 6 0 319 87 0 406 155 40
92 6 0 145 87 40 232 155 80
93 6 0 232 87 40 319 155 80
94 6 0 319 87 40 406 155 80
95 6 0 145 87 80 232 155 120
96 6 0 232 87 80 319 155 120
97 6 0 319 87 80 406 155 120
98 6 0 145 87 120 232 155 160
99 6 0 232 87 120 319 155 160
100 6 0 319 87 120 406 155 160
101 6 0 145 87 160 232 155 200
102 6 0 232 87 160 319 155 200
103 6 0 319 87 160 406 155 200
104 3 0 203 155 27 274 191 74
105 3 0 203 155 74 250 191 145
106 4 0 203 155 145 290 191 198
107 5 0 209 191 27 328 232 65
108 5 0 328 191 27 447 232 65
109 5 0 447 191 27 566 232 65
110 5 0 209 191 65 328 232 103
111 5 0 328 191 65 447 232 103
112 5 0 447 191 65 566 232 103
113 5 0 209 191 103 328 232 141
114 5 0 328 191 103 447 232 141
115 5 0 447 191 103 566 232 141
116 5 0 209 191 141 328 232 179
117 5 0 328 191 141 447 232 179
118 5 0 447 191 141 566 232 179
119 5 0 209 191 179 328 232 217
120 5 0 328 191 179 447 232 217
121 5 0 447 191 179 566 232 217
122 3 0 290 155 27 337 191 98
123 3 0 337 155 27 384 191 98
124 3 0 384 155 27 431 191 98
125 3 0 431 155 27 478 191 98
126 3 0 478 155 27 525 191 98
127 3 0 525 155 27 572 191 98
128 3 0 290 155 98 337 191 169
129 3 0 337 155 98 384 191 169
130 3 0 384 155 98 431 191 169
131 3 0 431 155 98 478 191 169
132 3 0 478 155 98 525 191 169
133 3 0 525 155 98 572 191 169
134 1 0 290 155 169 403 189 216
135 2 0 403 155 169 493 190 213
136 1 0 406 87 0 519 121 47
137 1 0 406 121 0 519 155 47
138 1 0 406 87 47 519 121 94
139 1 0 406 121 47 519 155 94
140 1 0 406 87 94 519 121 141
141 1 0 406 121 94 519 155 141
142 1 0 406 87 141 519 121 188
143 1 0 406 121 141 519 155 188
144 0 0 406 87 188 461 154 215
145 0 0 461 87 188 516 154 215
146 2 0 493 155 169 583 190 213
147 0 0 519 87 0 574 154 27
148 0 0 519 87 27 574 154 54
149 0 0 519 87 54 574 154 81
150 0 0 519 87 81 574 154 108
