Utilizacion 70.214340 VolCajasEmpacado 71.657673 Duracion[s] 60.001000 Iteraciones 9313
0 0 0 0 0 0 47 119 71
1 1 0 0 119 0 78 156 69
2 2 1 0 0 71 78 67 191
3 3 2 0 156 0 60 206 86
4 4 3 0 67 71 57 149 171
5 5 3 0 67 171 80 116 208
6 6 4 0 149 86 37 229 135
7 7 5 60 156 0 179 227 47
8 8 6 0 149 135 37 229 184
9 9 6 60 156 47 152 207 106
10 10 6 37 149 106 94 231 206
11 11 7 78 0 0 154 52 88
12 12 7 80 0 88 163 94 124
13 13 8 78 0 124 164 60 174
14 14 9 80 0 174 174 83 210
15 15 10 80 94 0 166 144 60
16 16 10 80 94 60 168 146 136
17 17 11 94 83 136 184 178 179
18 18 12 94 83 179 163 161 216
19 19 12 174 0 0 277 65 60
20 21 13 94 178 106 174 225 172
21 20 13 174 0 60 266 51 119
22 22 14 94 178 172 162 231 192
23 24 14 174 0 119 289 58 209
24 23 14 179 178 0 265 228 60
25 23 14 179 178 60 265 228 120
26 26 15 174 178 120 254 225 186
27 25 15 184 65 0 262 102 69
28 28 16 184 102 0 262 169 120
29 27 16 184 58 120 274 153 163
30 29 17 184 58 163 244 144 213
31 30 17 274 65 0 364 160 43
32 30 17 274 65 43 364 160 86
33 32 18 244 58 163 281 138 212
34 33 18 265 160 0 380 218 90
35 31 18 274 138 90 357 232 126
36 34 19 254 153 126 301 233 192
37 35 20 281 58 86 361 95 135
38 36 20 281 58 135 367 118 185
39 37 21 94 161 192 147 229 212
40 37 21 244 138 192 297 206 212
41 38 22 289 0 0 381 51 59
42 39 23 301 118 126 366 221 186
43 40 23 289 0 59 408 47 130
44 41 24 289 0 130 355 47 210
45 42 24 355 0 130 431 52 218
46 43 24 367 52 0 425 142 115
47 47 25 367 52 115 425 167 205
48 45 25 380 167 0 431 226 92
49 46 25 366 167 92 448 224 192
50 44 25 425 52 0 519 135 36
51 48 26 425 52 36 501 104 124
52 52 27 425 104 36 507 161 136
53 49 27 425 52 124 485 102 210
54 51 27 425 102 136 528 162 201
55 50 27 448 162 0 520 224 87
56 54 28 431 0 0 509 37 69
57 56 28 448 162 87 526 229 207
58 55 28 519 0 0 581 87 72
59 53 28 501 0 72 584 94 108
60 59 29 501 0 108 567 80 155
61 57 29 485 0 155 557 87 217
62 58 29 528 94 0 586 209 90
63 60 29 528 94 90 575 213 161
