Utilizacion 73.373502 VolCajasEmpacado 74.207348 Duracion[s] 60.015000 Iteraciones 3780
0 2 0 0 0 0 93 72 109
1 2 0 0 0 109 93 72 218
2 4 0 0 72 0 95 139 32
3 4 0 0 139 0 95 206 32
4 5 0 0 72 32 44 171 79
5 5 0 0 72 79 44 171 126
6 1 0 0 72 126 88 174 152
7 1 0 0 72 152 88 174 178
8 1 0 0 72 178 88 174 204
9 0 0 0 174 32 106 226 63
10 0 0 0 174 63 106 226 94
11 4 0 93 0 0 188 67 32
12 3 0 95 67 0 190 145 62
13 6 1 0 174 94 106 226 125
14 6 1 0 174 125 106 226 156
15 6 1 0 174 156 106 226 187
16 9 1 88 72 62 186 110 127
17 9 1 88 110 62 186 148 127
18 9 1 88 72 127 186 110 192
19 9 1 88 110 127 186 148 192
20 8 1 93 0 32 212 45 68
21 10 1 93 0 68 186 72 177
22 9 1 93 0 177 191 65 215
23 7 1 190 65 0 306 154 32
24 17 2 0 174 187 72 225 211
25 16 2 106 154 0 201 221 32
26 13 2 190 65 32 252 143 127
27 16 2 186 65 127 253 160 159
28 16 2 186 65 159 253 160 191
29 12 2 106 160 32 215 232 125
30 11 2 106 160 125 212 212 156
31 14 2 106 160 156 225 205 192
32 15 2 306 0 0 395 116 32
33 15 2 395 0 0 484 116 32
34 22 3 72 174 192 144 225 216
35 18 3 88 72 192 176 174 218
36 19 3 225 160 0 323 198 65
37 21 3 225 198 0 331 229 52
38 21 3 225 198 52 331 229 104
39 20 3 253 0 32 342 116 64
40 23 4 186 65 191 288 153 217
41 27 4 212 0 64 310 38 129
42 28 4 191 0 129 286 62 207
43 26 4 225 160 65 344 196 110
44 24 4 225 160 110 320 227 142
45 24 4 225 160 142 320 227 174
46 24 4 225 160 174 320 227 206
47 23 4 288 38 64 376 140 90
48 23 4 288 38 90 376 140 116
49 25 4 288 38 116 377 154 148
50 29 4 288 0 148 381 109 220
51 36 5 288 109 148 360 160 172
52 36 5 288 109 172 360 160 196
53 30 5 381 0 32 459 95 94
54 30 5 381 0 94 459 95 156
55 30 5 381 0 156 459 95 218
56 37 5 331 196 0 450 232 45
57 37 5 450 196 0 569 232 45
58 37 5 331 196 45 450 232 90
59 37 5 331 196 90 450 232 135
60 37 5 331 196 135 450 232 180
61 35 5 344 160 0 450 191 52
62 32 5 360 154 52 458 192 117
63 32 5 360 154 117 458 192 182
64 32 5 360 109 182 425 207 220
65 34 5 458 116 0 553 183 32
66 31 5 459 0 32 506 99 76
67 31 5 459 0 76 506 99 120
68 33 5 458 99 32 574 188 64
69 33 5 458 99 64 574 188 96
70 41 6 425 95 182 470 214 218
71 43 6 459 0 120 521 95 198
72 40 6 470 99 96 586 188 128
73 39 6 470 95 128 572 183 154
74 42 6 470 188 45 569 232 92
75 43 6 470 95 154 565 173 216
76 38 6 521 0 0 572 72 24
77 48 7 470 188 92 576 219 144
78 45 7 470 183 144 568 221 209
79 44 7 521 0 24 583 78 119
80 49 7 521 0 119 572 72 143
81 49 7 521 0 143 572 72 167
