Utilizacion 80.979820 VolCajasEmpacado 82.139101 Duracion[s] 60.009000 Iteraciones 2684
0 1 0 0 0 0 83 46 71
1 1 0 83 0 0 166 46 71
2 1 0 166 0 0 249 46 71
3 1 0 0 0 71 83 46 142
4 1 0 83 0 71 166 46 142
5 1 0 166 0 71 249 46 142
6 1 0 0 0 142 83 46 213
7 1 0 83 0 142 166 46 213
8 1 0 166 0 142 249 46 213
9 2 0 0 46 0 76 109 54
10 2 0 0 109 0 76 172 54
11 2 0 0 46 54 76 109 108
12 2 0 0 109 54 76 172 108
13 2 0 0 46 108 76 109 162
14 2 0 0 109 108 76 172 162
15 2 0 0 46 162 76 109 216
16 2 0 0 109 162 76 172 216
17 0 0 0 172 0 91 228 40
18 2 0 0 172 40 63 226 116
19 2 0 0 172 116 63 226 192
20 2 0 76 46 0 152 109 54
21 2 0 76 109 0 152 172 54
22 0 0 76 46 54 167 102 94
23 0 0 76 102 54 167 158 94
24 0 0 76 46 94 167 102 134
25 0 0 76 102 94 167 158 134
26 0 0 76 46 134 167 102 174
27 0 0 76 102 134 167 158 174
28 1 0 76 46 174 159 117 220
29 0 0 76 117 174 167 173 214
30 3 1 91 173 0 182 213 56
31 3 1 182 173 0 273 213 56
32 3 1 273 173 0 364 213 56
33 3 1 364 173 0 455 213 56
34 3 1 455 173 0 546 213 56
35 5 1 63 173 56 126 227 132
36 5 1 63 173 132 139 227 195
37 5 1 139 173 56 215 227 119
38 5 1 139 173 119 215 227 182
39 4 1 167 46 0 213 129 71
40 4 1 167 46 71 213 129 142
41 4 1 167 46 142 213 129 213
42 5 1 213 46 0 267 122 63
43 4 1 213 122 0 284 168 83
44 4 1 213 122 83 284 168 166
45 5 1 213 46 63 267 122 126
46 5 1 213 46 126 267 122 189
47 4 1 215 122 166 298 193 212
48 4 1 249 0 0 332 46 71
49 4 1 249 0 71 332 46 142
50 6 2 215 193 56 306 233 112
51 6 2 215 193 112 306 233 168
52 6 2 249 0 142 340 40 198
53 8 2 267 46 0 330 122 54
54 8 2 330 46 0 393 122 54
55 8 2 267 46 54 330 122 108
56 8 2 330 46 54 393 122 108
57 8 2 267 46 108 330 122 162
58 8 2 330 46 108 393 122 162
59 8 2 267 46 162 330 122 216
60 8 2 330 46 162 393 122 216
61 7 2 298 122 0 381 168 71
62 7 2 381 122 0 464 168 71
63 7 2 464 122 0 547 168 71
64 7 2 298 122 71 381 168 142
65 7 2 381 122 71 464 168 142
66 7 2 464 122 71 547 168 142
67 7 2 298 122 142 381 168 213
68 7 2 381 122 142 464 168 213
69 7 2 464 122 142 547 168 213
70 6 2 306 168 56 397 224 96
71 7 2 306 168 96 389 214 167
72 6 2 306 168 167 397 224 207
73 10 3 340 0 0 411 46 83
74 10 3 340 0 83 411 46 166
75 11 3 393 46 0 447 122 63
76 11 3 393 46 63 447 122 126
77 11 3 393 46 126 447 122 189
78 9 3 397 168 56 488 208 112
79 9 3 488 168 56 579 208 112
80 9 3 397 168 112 488 208 168
81 9 3 488 168 112 579 208 168
82 9 3 397 168 168 488 224 208
83 10 3 411 0 0 494 46 71
84 10 3 494 0 0 577 46 71
85 10 3 411 0 71 494 46 142
86 10 3 494 0 71 577 46 142
87 10 3 411 0 142 494 46 213
88 10 3 494 0 142 577 46 213
89 11 3 447 46 0 510 122 54
90 11 3 510 46 0 573 122 54
91 11 3 447 46 54 510 122 108
92 11 3 510 46 54 573 122 108
93 11 3 447 46 108 510 122 162
94 11 3 510 46 108 573 122 162
95 9 3 447 46 162 538 86 218
96 9 3 488 168 168 579 224 208
97 9 3 547 46 162 587 137 218
