Utilizacion 78.190851 VolCajasEmpacado 79.749419 Duracion[s] 60.014000 Iteraciones 1007
0 8 0 0 0 0 39 89 68
1 8 0 0 89 0 39 178 68
2 4 0 0 0 68 51 112 138
3 4 0 0 0 138 51 112 208
4 3 0 0 112 68 66 189 165
5 7 0 0 112 165 40 186 218
6 11 0 0 189 0 97 232 32
7 11 0 0 189 32 97 232 64
8 11 0 0 189 64 97 232 96
9 11 0 0 189 96 97 232 128
10 11 0 0 189 128 97 232 160
11 11 0 0 189 160 97 232 192
12 0 0 0 186 192 98 219 212
13 1 0 40 112 165 69 185 185
14 12 0 40 112 185 83 170 216
15 14 0 51 0 0 93 109 22
16 14 0 51 0 22 93 109 44
17 6 0 51 0 44 133 69 86
18 6 0 51 0 86 133 69 128
19 6 0 51 0 128 133 69 170
20 6 0 51 0 170 133 69 212
21 12 0 51 69 44 94 100 102
22 12 0 51 69 102 94 100 160
23 12 0 51 69 160 94 100 218
24 10 0 83 109 0 169 165 34
25 0 0 83 165 0 181 185 33
26 0 0 83 165 33 181 185 66
27 0 0 83 165 66 181 185 99
28 0 0 83 165 99 181 185 132
29 0 0 83 165 132 181 185 165
30 0 0 83 165 165 181 185 198
31 12 0 83 109 34 141 140 77
32 9 0 83 100 77 159 150 112
33 9 0 83 100 112 159 150 147
34 9 0 83 100 147 159 150 182
35 9 0 83 100 182 159 150 217
36 0 0 83 150 198 181 183 218
37 1 0 94 69 0 167 89 29
38 1 0 94 69 29 167 98 49
39 1 0 94 69 49 167 98 69
40 7 0 98 185 0 151 225 74
41 7 0 151 185 0 204 225 74
42 8 0 98 185 74 187 224 142
43 10 0 98 185 142 184 219 198
44 2 0 133 0 0 214 69 69
45 2 0 214 0 0 295 69 69
46 2 0 133 0 69 214 69 138
47 2 0 214 0 69 295 69 138
48 2 0 133 0 138 214 69 207
49 2 0 214 0 138 295 69 207
50 3 0 169 69 0 266 146 66
51 3 0 169 69 66 266 146 132
52 3 0 169 69 132 266 146 198
53 5 0 204 146 0 303 194 80
54 5 0 303 146 0 402 194 80
55 5 0 402 146 0 501 194 80
56 4 0 187 146 80 299 197 150
57 4 0 299 146 80 411 197 150
58 4 0 411 146 80 523 197 150
59 4 0 187 146 150 299 197 220
60 4 0 299 146 150 411 197 220
61 4 0 411 146 150 523 197 220
62 13 0 266 69 0 375 122 24
63 5 0 266 69 24 365 117 104
64 13 0 266 69 104 375 122 128
65 13 0 266 69 128 375 122 152
66 13 0 266 69 152 375 122 176
67 13 0 266 69 176 375 122 200
68 13 0 295 0 0 404 53 24
69 13 0 295 0 24 404 53 48
70 13 0 295 0 48 404 53 72
71 5 0 295 0 72 394 48 152
72 5 0 375 53 0 474 101 80
73 5 0 474 53 0 573 101 80
74 29 1 98 197 198 171 226 218
75 21 1 295 0 152 384 68 191
76 28 1 295 0 191 393 33 211
77 28 1 295 33 191 393 66 211
78 22 1 204 197 0 280 232 50
79 22 1 204 197 50 280 232 100
80 22 1 204 197 100 280 232 150
81 22 1 204 197 150 280 232 200
82 29 1 171 197 200 244 226 220
83 27 1 266 122 0 375 144 42
84 27 1 266 122 42 375 144 84
85 27 1 266 122 84 375 144 126
86 27 1 266 122 126 375 144 168
87 27 1 266 122 168 375 144 210
88 25 1 280 197 0 323 228 58
89 25 1 280 197 58 323 228 116
90 25 1 280 197 116 323 228 174
91 29 1 295 66 200 368 95 220
92 25 1 280 197 174 338 228 217
93 23 1 338 197 0 424 231 56
94 23 1 338 197 56 424 231 112
95 23 1 338 197 112 424 231 168
96 27 1 338 197 168 447 219 210
97 20 1 375 101 0 449 141 53
98 20 1 449 101 0 523 141 53
99 19 1 375 101 53 444 143 135
100 19 1 375 101 135 444 143 217
101 24 1 375 68 80 472 100 123
102 24 1 472 68 80 569 100 123
103 27 1 375 68 123 484 90 165
104 27 1 375 68 165 484 90 207
105 29 1 393 48 80 466 68 109
106 24 1 444 101 53 541 144 85
107 21 1 404 0 0 493 39 68
108 21 1 404 0 68 493 39 136
109 21 1 404 0 136 493 39 204
110 16 1 484 39 123 561 105 220
111 22 1 444 105 85 520 140 135
112 22 1 444 105 135 520 140 185
113 23 1 447 197 0 533 231 56
114 24 1 447 197 56 544 229 99
115 21 1 493 0 0 582 39 68
116 21 1 493 0 68 582 39 136
117 21 1 493 0 136 582 39 204
118 19 1 541 105 0 583 174 82
119 21 1 541 105 82 580 194 150
120 17 1 523 105 150 574 217 220
