Utilizacion 65.689809 VolCajasEmpacado 66.207546 Duracion[s] 60.001000 Iteraciones 2689
0 0 0 0 0 0 26 87 49
1 2 1 0 0 49 47 49 114
2 3 1 0 0 114 33 73 171
3 1 1 0 0 171 26 87 220
4 5 2 0 87 0 53 155 44
5 5 2 0 155 0 53 223 44
6 4 2 0 87 44 73 160 80
7 6 3 0 87 80 87 136 106
8 9 3 0 87 106 49 134 171
9 7 3 0 87 171 73 160 207
10 8 3 0 160 44 44 228 97
11 10 4 0 160 97 33 233 154
12 12 4 0 160 154 53 228 198
13 11 4 47 0 0 120 73 36
14 13 5 33 0 114 59 87 163
15 14 5 33 0 163 66 73 220
16 14 5 53 160 0 110 233 33
17 15 6 53 160 33 126 193 90
18 15 6 53 193 33 126 226 90
19 16 6 53 160 90 97 213 158
20 18 7 53 160 158 126 233 194
21 17 7 53 160 194 140 209 220
22 17 7 66 0 36 115 87 62
23 17 7 66 0 62 115 87 88
24 19 7 66 0 88 110 53 156
25 20 8 66 53 88 153 79 137
26 20 8 66 53 137 153 79 186
27 21 8 66 0 156 134 44 209
28 22 8 87 87 0 160 160 36
29 24 9 73 44 186 146 101 219
30 23 9 87 101 36 174 127 85
31 23 9 87 127 36 174 153 85
32 23 9 87 101 85 174 150 111
33 23 9 87 101 111 174 150 137
34 25 9 73 101 137 120 150 202
35 25 9 120 101 137 185 150 184
36 25 9 140 160 0 187 225 49
37 25 9 140 153 49 189 218 96
38 26 10 120 101 184 207 150 210
39 29 10 140 150 96 193 218 140
40 29 10 134 0 0 187 44 68
41 27 10 140 150 140 173 223 197
42 26 10 134 0 68 221 26 117
43 27 10 134 0 117 207 33 174
44 30 10 160 44 0 209 91 65
45 28 10 193 150 0 266 223 36
46 33 11 146 0 174 214 53 218
47 31 11 153 53 65 226 86 122
48 32 11 193 150 36 266 223 72
49 37 12 173 150 140 206 223 197
50 36 12 153 53 122 240 79 171
51 36 12 153 53 171 240 79 220
52 35 12 206 150 72 279 223 108
53 37 12 206 150 108 263 223 141
54 34 12 206 150 141 253 199 206
55 39 13 206 199 141 279 232 198
56 39 13 207 91 0 280 148 33
57 39 13 280 91 0 353 148 33
58 40 13 207 91 33 275 144 77
59 41 13 207 86 77 272 135 124
60 41 13 207 86 124 272 135 171
61 38 13 207 79 171 294 105 220
62 38 13 207 105 171 294 131 220
63 42 14 240 0 0 313 73 36
64 44 15 221 0 36 274 44 104
65 43 15 221 0 104 294 33 161
66 46 16 214 0 161 287 33 218
67 45 16 240 44 36 327 70 85
68 45 16 240 44 85 327 70 134
69 48 16 240 33 134 308 77 187
70 47 16 279 148 0 352 221 36
71 47 16 279 131 36 352 204 72
72 49 17 279 204 36 366 230 85
73 50 17 279 131 72 328 196 119
74 51 18 263 135 119 331 188 163
75 52 18 253 135 163 340 184 189
76 53 18 327 0 0 400 73 36
77 54 19 253 131 189 340 180 215
78 55 19 279 196 85 352 229 142
79 55 19 279 196 142 352 229 199
80 56 19 327 0 36 400 73 72
81 55 19 294 0 72 367 33 129
82 57 20 294 77 33 362 130 77
83 58 21 294 0 129 367 33 186
84 59 21 353 130 0 426 203 36
85 60 22 294 77 77 338 130 145
86 62 23 294 77 145 362 130 189
87 61 23 308 0 186 395 49 212
88 63 23 362 49 72 435 82 129
89 64 24 362 49 129 435 82 186
90 65 24 352 130 36 425 203 72
91 66 25 352 130 72 425 203 108
92 67 26 340 130 108 408 174 161
93 67 26 340 130 161 408 174 214
94 68 26 352 174 108 401 221 173
95 67 26 352 174 173 420 227 217
96 71 27 362 82 0 430 126 53
97 69 27 362 82 53 427 129 102
98 70 27 426 129 0 499 202 36
99 72 28 362 49 186 435 106 219
100 76 28 400 0 0 487 49 26
101 76 28 400 0 26 487 49 52
102 75 28 400 0 52 447 49 117
103 74 28 395 0 117 463 44 170
104 73 28 427 126 36 500 199 72
105 80 29 395 0 170 460 49 217
106 77 29 420 203 0 507 229 49
107 78 29 425 199 49 498 232 106
108 78 29 425 199 106 498 232 163
109 80 29 425 129 72 490 176 121
110 80 29 408 106 121 457 153 186
111 79 29 457 49 0 530 122 36
112 79 29 457 49 36 530 122 72
113 81 30 408 106 186 495 155 212
114 82 30 435 49 72 482 98 137
115 83 31 420 155 121 507 181 170
116 86 31 420 155 170 485 204 217
117 83 31 420 204 163 507 230 212
118 85 31 435 49 137 503 102 181
119 85 31 487 0 0 540 44 68
120 84 31 507 122 0 580 195 36
121 88 32 435 49 181 522 98 207
122 87 32 463 0 68 531 44 121
123 87 32 463 0 121 516 44 189
124 89 32 507 122 36 580 195 72
125 92 33 495 102 72 548 146 140
126 90 33 495 102 140 568 135 197
127 90 33 507 195 0 580 228 57
128 91 33 507 146 72 580 219 108
129 91 33 507 146 108 580 219 144
130 93 34 460 0 189 547 49 215
131 94 34 507 135 144 580 208 180
132 94 34 507 135 180 580 208 216
133 95 34 530 49 0 579 96 65
