Utilizacion 79.171090 VolCajasEmpacado 79.822036 Duracion[s] 60.019000 Iteraciones 1858
0 0 0 0 0 0 59 60 39
1 0 0 0 60 0 59 120 39
2 0 0 0 120 0 59 180 39
3 2 0 0 180 0 60 220 32
4 2 0 0 180 32 60 220 64
5 2 0 0 180 64 60 220 96
6 2 0 0 180 96 60 220 128
7 2 0 0 180 128 60 220 160
8 2 0 0 180 160 60 220 192
9 0 0 0 0 39 59 39 99
10 0 0 0 39 39 59 78 99
11 1 0 0 78 39 55 176 114
12 2 0 0 0 99 60 32 139
13 2 0 0 32 99 60 64 139
14 2 0 0 64 114 60 104 146
15 2 0 0 64 146 60 104 178
16 3 1 0 0 139 60 40 171
17 3 1 0 0 171 60 40 203
18 4 1 0 104 114 39 164 173
19 3 1 0 40 178 32 100 218
20 3 1 32 40 178 64 100 218
21 4 1 0 104 173 60 163 212
22 4 1 60 0 0 119 39 60
23 4 1 60 0 60 119 39 120
24 4 1 60 0 120 119 39 180
25 5 1 60 100 0 158 155 75
26 5 1 60 155 0 158 210 75
27 5 1 60 100 75 158 155 150
28 5 1 60 155 75 158 210 150
29 5 1 60 100 150 158 175 205
30 8 2 60 175 150 120 215 182
31 8 2 60 175 182 120 215 214
32 8 2 60 0 180 120 32 220
33 8 2 120 175 150 180 215 182
34 8 2 120 175 182 180 215 214
35 8 2 64 39 0 104 71 60
36 8 2 64 39 60 124 71 100
37 7 2 64 39 100 123 99 139
38 8 2 64 39 139 124 71 179
39 8 2 64 39 179 124 71 219
40 7 2 120 0 0 179 39 60
41 7 2 120 0 60 179 39 120
42 7 2 120 0 120 179 39 180
43 8 2 120 0 180 180 32 220
44 7 2 124 39 0 184 98 39
45 7 2 124 39 39 163 98 99
46 7 2 163 39 39 202 98 99
47 7 2 124 39 99 183 99 138
48 8 2 124 39 138 164 71 198
49 6 2 158 99 0 256 174 55
50 6 2 256 99 0 354 174 55
51 9 3 158 71 138 190 111 198
52 9 3 158 111 55 190 171 95
53 9 3 158 111 95 190 171 135
54 9 3 158 111 135 190 171 175
55 10 3 158 111 175 217 171 214
56 10 3 180 0 0 240 39 59
57 10 3 180 0 59 239 39 119
58 10 3 180 0 119 240 39 178
59 11 3 180 174 0 255 229 98
60 11 3 180 171 98 255 226 196
61 11 3 202 39 0 277 94 98
62 11 3 202 39 98 277 94 196
63 11 3 217 94 55 315 169 110
64 11 3 217 94 110 272 169 208
65 11 3 272 94 110 327 169 208
66 12 4 180 0 178 240 32 218
67 13 4 240 0 0 299 39 60
68 13 4 240 0 60 299 39 120
69 13 4 240 0 120 299 39 180
70 12 4 240 0 180 300 32 220
71 14 4 255 174 0 330 229 98
72 12 4 255 169 98 287 229 138
73 12 4 255 169 138 287 229 178
74 12 4 255 169 178 287 229 218
75 12 4 287 169 98 327 201 158
76 12 4 287 169 158 327 201 218
77 14 4 277 39 0 375 94 75
78 14 4 277 39 75 375 94 150
79 13 4 277 39 150 336 78 210
80 13 4 300 0 0 359 39 60
81 13 4 300 0 60 359 39 120
82 13 4 300 0 120 359 39 180
83 13 4 336 39 150 375 98 210
84 15 5 287 201 98 327 233 158
85 15 5 287 201 158 327 233 218
86 15 5 300 0 180 360 32 220
87 15 5 327 98 55 367 158 87
88 15 5 327 98 87 367 158 119
89 15 5 327 98 119 367 158 151
90 15 5 327 98 151 367 158 183
91 15 5 327 98 183 367 158 215
92 17 5 330 174 0 369 233 60
93 17 5 330 174 60 369 233 120
94 17 5 330 174 120 369 233 180
95 17 5 327 158 180 387 217 219
96 17 5 360 0 0 420 39 59
97 17 5 420 0 0 480 39 59
98 17 5 480 0 0 540 39 59
99 16 5 375 0 59 473 55 134
100 16 5 375 0 134 473 55 209
101 16 5 367 98 0 442 153 98
102 19 6 367 98 98 406 158 157
103 19 6 406 98 98 445 158 157
104 19 6 367 98 157 406 158 216
105 19 6 406 98 157 445 158 216
106 19 6 375 55 0 434 94 60
107 18 6 375 55 60 435 95 92
108 19 6 375 55 92 435 94 151
109 20 6 473 0 59 571 55 134
110 20 6 473 0 134 571 55 209
111 20 6 387 158 0 485 213 75
112 20 6 387 158 75 485 213 150
113 21 7 375 55 151 407 95 211
114 21 7 407 55 151 439 95 211
115 23 7 387 158 150 485 233 205
116 21 7 439 55 0 499 95 32
117 21 7 439 55 32 499 95 64
118 22 7 439 55 64 499 94 123
119 22 7 439 55 123 499 94 182
120 22 7 445 95 0 504 155 39
121 22 7 445 95 39 504 155 78
122 22 7 445 95 78 504 155 117
123 22 7 445 95 117 504 155 156
124 22 7 445 95 156 504 155 195
125 23 7 485 155 0 540 230 98
126 23 7 485 155 98 540 230 196
127 23 7 504 55 0 579 153 55
128 23 7 504 55 55 579 153 110
129 24 8 439 55 182 499 95 214
130 24 8 499 55 110 531 95 170
131 24 8 499 55 170 559 95 202
132 24 8 504 95 110 544 155 142
133 24 8 504 95 142 544 155 174
134 24 8 504 95 174 544 155 206
135 24 8 540 155 0 580 187 60
136 24 8 540 187 0 580 219 60
137 25 8 544 95 110 583 154 170
138 25 8 540 155 60 579 214 120
139 25 8 540 155 120 579 214 180
