Utilizacion 83.807669 VolCajasEmpacado 85.705513 Duracion[s] 60.000000 Iteraciones 974
0 2 0 0 0 0 91 31 45
1 2 0 91 0 0 182 31 45
2 2 0 0 31 0 91 62 45
3 2 0 91 31 0 182 62 45
4 2 0 0 62 0 91 93 45
5 2 0 91 62 0 182 93 45
6 2 0 0 93 0 91 124 45
7 2 0 91 93 0 182 124 45
8 2 0 0 124 0 91 155 45
9 2 0 91 124 0 182 155 45
10 2 0 0 155 0 91 186 45
11 2 0 91 155 0 182 186 45
12 2 0 0 186 0 91 217 45
13 2 0 91 186 0 182 217 45
14 8 0 0 0 45 62 80 129
15 8 0 0 80 45 62 160 129
16 8 0 0 0 129 62 80 213
17 8 0 0 80 129 62 160 213
18 8 0 0 160 45 80 222 129
19 8 0 80 160 45 160 222 129
20 8 0 0 160 129 80 222 213
21 8 0 80 160 129 160 222 213
22 4 0 62 0 45 107 48 80
23 4 0 107 0 45 152 48 80
24 4 0 152 0 45 197 48 80
25 4 0 62 0 80 107 48 115
26 4 0 107 0 80 152 48 115
27 4 0 152 0 80 197 48 115
28 4 0 62 0 115 107 48 150
29 4 0 107 0 115 152 48 150
30 4 0 152 0 115 197 48 150
31 4 0 62 0 150 107 48 185
32 4 0 107 0 150 152 48 185
33 4 0 152 0 150 197 48 185
34 4 0 62 0 185 107 48 220
35 4 0 107 0 185 152 48 220
36 4 0 152 0 185 197 48 220
37 1 0 62 48 45 156 120 74
38 1 0 62 48 74 156 120 103
39 1 0 62 48 103 156 120 132
40 1 0 62 48 132 156 120 161
41 1 0 62 48 161 156 120 190
42 1 0 62 48 190 156 120 219
43 5 0 62 120 45 130 160 96
44 5 0 62 120 96 130 160 147
45 5 0 62 120 147 130 160 198
46 3 0 130 120 45 220 156 80
47 3 0 130 120 80 220 156 115
48 3 0 130 120 115 220 156 150
49 3 0 130 120 150 220 156 185
50 3 0 130 120 185 220 156 220
51 5 0 156 48 45 196 99 113
52 4 0 156 48 113 204 83 158
53 4 0 156 48 158 204 83 203
54 6 0 160 156 45 201 233 116
55 6 0 160 156 116 201 233 187
56 3 0 196 83 0 286 119 35
57 3 0 196 83 35 286 119 70
58 3 0 196 83 70 286 119 105
59 3 0 196 83 105 286 119 140
60 3 0 196 83 140 286 119 175
61 3 0 196 83 175 286 119 210
62 7 0 197 0 0 269 47 79
63 7 0 197 0 79 269 47 158
64 2 0 197 0 158 288 45 189
65 2 0 197 0 189 288 45 220
66 6 0 201 156 0 242 233 71
67 6 0 201 156 71 242 233 142
68 6 0 201 156 142 242 233 213
69 3 0 204 47 0 294 83 35
70 3 0 204 47 35 294 83 70
71 3 0 204 47 70 294 83 105
72 3 0 204 47 105 294 83 140
73 3 0 204 47 140 294 83 175
74 3 0 204 47 175 294 83 210
75 3 0 220 119 0 310 155 35
76 2 0 220 119 35 311 150 80
77 2 0 220 119 80 311 150 125
78 2 0 220 119 125 311 150 170
79 2 0 220 119 170 311 150 215
80 6 0 242 155 0 313 232 41
81 6 0 242 155 41 313 232 82
82 6 0 242 155 82 313 232 123
83 6 0 242 155 123 313 232 164
84 6 0 242 155 164 313 232 205
85 7 0 288 0 0 367 47 72
86 7 0 367 0 0 446 47 72
87 7 0 446 0 0 525 47 72
88 7 0 288 0 72 367 47 144
89 7 0 367 0 72 446 47 144
90 7 0 446 0 72 525 47 144
91 7 0 288 0 144 367 47 216
92 7 0 367 0 144 446 47 216
93 7 0 446 0 144 525 47 216
94 9 0 294 47 0 402 116 84
95 9 0 294 47 84 402 116 168
96 5 0 294 47 168 334 115 219
97 5 0 334 47 168 374 115 219
98 5 0 374 47 168 414 115 219
99 9 0 313 116 0 421 185 84
100 9 0 313 116 84 421 185 168
101 7 0 313 185 0 385 232 79
102 7 0 313 185 79 385 232 158
103 5 0 313 185 158 381 225 209
104 5 0 313 115 168 353 183 219
105 5 0 353 115 168 393 183 219
106 7 0 385 185 0 464 232 72
107 5 0 385 185 72 436 225 140
108 7 0 385 185 140 464 232 212
109 8 0 414 47 0 494 109 84
110 8 0 494 47 0 574 109 84
111 9 0 414 47 84 498 116 192
112 0 0 414 47 192 495 148 216
113 6 0 464 148 0 535 225 41
114 6 0 464 148 41 535 225 82
115 6 0 464 148 82 535 225 123
116 6 0 464 148 123 535 225 164
117 6 0 464 148 164 535 225 205
118 0 0 498 47 84 579 148 108
119 0 0 498 47 108 579 148 132
120 0 0 498 47 132 579 148 156
121 0 0 498 47 156 579 148 180
122 0 0 498 47 180 579 148 204
123 7 0 535 148 0 582 227 72
124 7 0 535 148 72 582 227 144
125 7 0 535 148 144 582 227 216
