Utilizacion 79.510695 VolCajasEmpacado 80.555081 Duracion[s] 60.046000 Iteraciones 837
0 12 0 0 0 0 89 56 97
1 12 0 89 0 0 178 56 97
2 12 0 0 56 0 89 112 97
3 12 0 89 56 0 178 112 97
4 12 0 0 112 0 89 168 97
5 12 0 89 112 0 178 168 97
6 12 0 0 168 0 89 224 97
7 12 0 89 168 0 178 224 97
8 2 0 0 0 97 38 58 123
9 2 0 0 58 97 38 116 123
10 2 0 0 116 97 38 174 123
11 2 0 0 174 97 38 232 123
12 6 0 0 0 123 33 64 167
13 6 0 0 64 123 33 128 167
14 6 0 0 128 123 33 192 167
15 6 0 0 0 167 33 64 211
16 6 0 0 64 167 33 128 211
17 6 0 0 128 167 33 192 211
18 2 0 0 192 123 58 230 149
19 2 0 0 192 149 58 230 175
20 2 0 0 192 175 58 230 201
21 13 0 38 0 97 131 73 158
22 13 0 131 0 97 224 73 158
23 13 0 38 0 158 131 73 219
24 13 0 131 0 158 224 73 219
25 8 0 38 73 97 82 112 174
26 8 0 38 112 97 82 151 174
27 8 0 38 151 97 82 190 174
28 3 0 33 73 174 98 143 202
29 8 0 33 143 174 110 182 218
30 0 0 58 190 97 115 215 135
31 0 0 58 190 135 115 215 173
32 0 0 58 190 173 115 215 211
33 4 0 98 73 97 130 134 155
34 4 0 98 73 155 130 134 213
35 8 0 110 134 97 149 178 174
36 6 0 110 134 174 174 167 218
37 4 0 115 178 97 173 210 158
38 4 0 115 178 158 173 210 219
39 4 0 130 73 97 162 134 155
40 4 0 130 73 155 162 134 213
41 4 0 162 73 97 194 131 158
42 0 0 162 73 158 200 130 183
43 0 0 162 73 183 219 111 208
44 7 0 178 131 0 265 233 36
45 7 0 178 131 36 265 233 72
46 7 0 178 131 72 265 233 108
47 7 0 178 131 108 265 233 144
48 7 0 178 131 144 265 233 180
49 7 0 178 131 180 265 233 216
50 12 0 219 73 0 316 129 89
51 12 0 219 73 89 316 129 178
52 0 0 219 73 178 276 98 216
53 0 0 276 73 178 333 98 216
54 5 0 219 98 178 334 131 220
55 11 0 224 0 0 277 57 90
56 11 0 277 0 0 330 57 90
57 11 0 330 0 0 383 57 90
58 11 0 383 0 0 436 57 90
59 11 0 436 0 0 489 57 90
60 11 0 489 0 0 542 57 90
61 13 0 224 0 90 317 73 151
62 13 0 317 0 90 410 73 151
63 9 0 224 0 151 272 70 213
64 9 0 272 0 151 320 70 213
65 9 0 320 0 151 368 70 213
66 9 0 368 0 151 416 70 213
67 1 0 265 131 0 343 199 25
68 1 0 265 131 25 343 199 50
69 1 0 265 131 50 343 199 75
70 1 0 265 131 75 343 199 100
71 1 0 265 131 100 343 199 125
72 1 0 265 131 125 343 199 150
73 1 0 265 131 150 343 199 175
74 1 0 265 131 175 343 199 200
75 5 0 265 199 0 380 232 42
76 5 0 380 199 0 495 232 42
77 5 0 265 199 42 380 232 84
78 5 0 380 199 42 495 232 84
79 5 0 265 199 84 380 232 126
80 5 0 380 199 84 495 232 126
81 5 0 265 199 126 380 232 168
82 5 0 380 199 126 495 232 168
83 5 0 265 199 168 380 232 210
84 5 0 380 199 168 495 232 210
85 7 0 416 0 90 503 102 126
86 7 0 416 0 126 503 102 162
87 7 0 416 0 162 503 102 198
88 0 0 333 73 0 390 98 38
89 0 0 333 73 38 390 98 76
90 0 0 333 73 76 390 98 114
91 0 0 333 73 114 390 98 152
92 0 0 333 73 152 390 98 190
93 0 0 334 70 190 391 108 215
94 14 0 343 108 0 421 199 79
95 14 0 421 108 0 499 199 79
96 14 0 499 108 0 577 199 79
97 14 0 343 108 79 421 199 158
98 14 0 421 108 79 499 199 158
99 14 0 499 108 79 577 199 158
100 9 0 343 108 158 391 178 220
101 9 0 391 108 158 439 178 220
102 9 0 439 108 158 487 178 220
103 9 0 487 108 158 535 178 220
104 9 0 535 108 158 583 178 220
105 6 0 495 199 0 559 232 44
106 10 0 503 0 90 553 104 184
107 3 0 503 0 184 568 70 212
