Utilizacion 73.792102 VolCajasEmpacado 76.277384 Duracion[s] 60.006000 Iteraciones 1561
0 4 0 0 0 0 56 49 51
1 4 0 0 0 51 56 49 102
2 4 0 0 0 102 56 49 153
3 4 0 0 0 153 56 49 204
4 3 0 0 49 0 115 113 72
5 3 0 0 49 72 115 113 144
6 3 0 0 49 144 115 113 216
7 4 0 0 113 0 51 162 56
8 1 0 0 113 56 40 150 78
9 1 0 0 113 78 40 150 100
10 6 0 0 113 100 56 160 141
11 0 0 0 113 141 77 162 166
12 0 0 0 113 166 77 162 191
13 0 0 0 113 191 77 162 216
14 7 0 0 162 0 90 231 28
15 8 0 0 162 28 78 233 55
16 8 0 0 162 55 78 233 82
17 8 0 0 162 82 78 233 109
18 8 0 0 162 109 78 233 136
19 8 0 0 162 136 78 233 163
20 8 0 0 162 163 78 233 190
21 7 0 0 162 190 90 231 218
22 6 0 56 0 0 112 47 41
23 6 0 56 0 41 112 47 82
24 0 0 56 0 82 133 49 107
25 9 0 56 0 107 144 41 169
26 2 0 90 113 0 170 231 93
27 3 0 90 113 93 154 228 165
28 5 0 90 113 165 187 209 211
29 7 0 133 41 0 223 110 28
30 17 1 56 0 169 133 49 194
31 17 1 56 0 194 133 49 219
32 20 1 133 0 169 155 37 209
33 20 1 90 209 165 127 231 205
34 11 1 115 49 28 230 113 100
35 11 1 115 49 100 187 113 215
36 20 1 127 209 165 167 231 202
37 10 1 155 0 0 211 41 47
38 10 1 211 0 0 267 41 47
39 10 1 267 0 0 323 41 47
40 10 1 323 0 0 379 41 47
41 12 1 155 0 47 211 49 98
42 12 1 155 0 98 211 49 149
43 12 1 155 0 149 211 49 200
44 13 1 187 113 0 284 209 46
45 14 1 187 113 46 275 175 87
46 14 1 187 113 87 275 175 128
47 14 1 187 113 128 275 175 169
48 14 1 187 113 169 275 175 210
49 18 1 187 175 46 282 218 71
50 14 1 187 175 71 275 216 133
51 16 1 230 0 47 301 78 74
52 16 1 230 0 74 301 78 101
53 19 1 211 0 101 295 81 124
54 13 1 211 0 124 307 97 170
55 13 1 211 0 170 307 97 216
56 15 1 284 97 0 353 187 28
57 19 1 284 97 28 368 178 51
58 22 2 187 175 133 238 231 182
59 22 2 238 175 133 289 231 182
60 29 2 167 209 182 207 231 219
61 26 2 207 175 182 284 224 207
62 27 2 275 97 51 370 140 76
63 27 2 275 97 76 370 140 101
64 26 2 275 140 51 352 165 100
65 26 2 275 140 100 352 165 149
66 26 2 275 140 149 352 165 198
67 25 2 275 97 101 322 138 157
68 24 2 275 97 157 363 138 219
69 30 2 307 0 47 378 78 74
70 30 2 307 0 74 378 78 101
71 23 2 307 0 101 404 96 147
72 25 2 289 187 0 345 228 47
73 22 2 289 178 47 340 227 103
74 21 2 289 165 103 361 229 218
75 24 2 307 0 147 395 62 188
76 28 2 307 0 188 388 84 211
77 25 2 361 178 0 417 225 41
78 24 2 361 178 41 449 219 103
79 21 2 370 96 0 485 160 72
80 21 2 370 96 72 485 160 144
81 21 2 370 96 144 485 160 216
82 33 3 361 160 103 476 232 167
83 37 3 361 160 167 439 231 194
84 38 3 361 160 194 438 209 219
85 39 3 404 0 0 447 95 25
86 39 3 404 0 25 429 95 68
87 31 3 439 160 167 495 211 216
88 34 3 404 0 68 445 88 130
89 41 3 439 211 167 479 233 204
90 41 3 404 0 130 444 37 152
91 41 3 404 37 130 444 74 152
92 41 3 388 62 152 428 84 189
93 34 3 395 0 152 483 62 193
94 37 3 388 0 193 466 71 220
95 41 3 447 71 0 484 93 40
96 38 3 445 71 40 522 96 89
97 38 3 445 71 89 522 96 138
98 39 3 444 71 138 539 96 181
99 34 3 483 0 0 571 62 41
100 34 3 483 0 41 571 62 82
101 31 3 483 0 82 532 56 133
102 36 3 483 0 133 573 69 161
103 36 3 483 0 161 573 69 189
104 36 3 483 0 189 573 69 217
105 33 3 485 96 0 557 160 115
106 35 3 485 96 115 532 152 156
107 35 3 485 96 156 532 152 197
108 40 3 485 69 197 569 150 220
109 35 3 495 160 0 542 216 41
110 36 3 495 160 41 585 229 69
111 33 3 495 160 69 559 232 184
112 40 3 495 152 184 579 233 207
