Utilizacion 71.384723 VolCajasEmpacado 72.490904 Duracion[s] 60.002000 Iteraciones 2346
0 2 0 0 0 0 51 73 85
1 2 0 0 0 85 51 73 170
2 9 0 0 0 170 69 84 194
3 9 0 0 0 194 69 84 218
4 3 0 0 84 0 76 134 78
5 3 0 0 134 0 76 184 78
6 3 0 0 84 78 76 134 156
7 3 0 0 134 78 76 184 156
8 5 0 0 84 156 81 151 193
9 9 0 0 84 193 69 168 217
10 6 0 0 168 156 64 198 210
11 7 0 0 198 0 57 233 35
12 1 0 0 198 35 92 218 71
13 6 0 0 198 71 64 228 125
14 0 0 0 198 125 40 219 161
15 4 0 64 184 71 115 227 144
16 4 0 64 184 144 115 227 217
17 9 0 69 0 0 138 84 24
18 8 0 69 0 24 127 83 47
19 14 1 69 0 47 145 31 92
20 14 1 69 31 47 145 62 92
21 13 1 69 0 92 99 64 146
22 13 1 69 0 146 99 64 200
23 10 1 69 0 200 105 92 220
24 11 1 76 151 0 112 172 40
25 13 1 76 151 40 140 181 94
26 17 1 81 92 0 165 139 90
27 17 1 81 92 90 165 139 180
28 12 1 81 92 180 150 176 204
29 20 1 105 0 92 182 69 206
30 16 1 115 181 0 166 224 73
31 18 1 115 181 73 193 231 149
32 19 1 115 176 149 210 233 202
33 15 1 150 139 0 231 176 67
34 12 1 165 69 0 249 138 24
35 20 1 165 69 24 279 138 101
36 26 2 150 69 180 170 161 216
37 22 2 170 69 101 265 122 158
38 22 2 170 69 158 265 122 215
39 26 2 170 138 67 262 158 103
40 27 2 170 122 103 248 172 179
41 21 2 182 0 0 296 69 77
42 21 2 296 0 0 410 69 77
43 21 2 410 0 0 524 69 77
44 24 2 182 0 77 266 47 167
45 25 2 182 0 167 263 67 204
46 23 2 266 0 77 351 51 150
47 38 3 170 122 179 262 158 199
48 38 3 170 122 199 262 158 219
49 32 3 210 176 0 273 227 54
50 37 3 210 158 179 250 179 215
51 28 3 210 179 54 288 229 130
52 33 3 210 179 130 300 226 214
53 35 3 262 138 0 343 175 67
54 34 3 266 0 150 309 73 201
55 36 3 262 138 67 297 173 124
56 30 3 262 122 124 319 175 219
57 33 3 279 73 0 369 120 84
58 33 3 279 73 84 369 120 168
59 31 3 300 175 0 373 226 85
60 31 3 300 175 85 373 226 170
61 28 3 343 120 0 419 170 78
62 28 3 319 120 78 395 170 156
63 29 3 351 0 77 428 69 191
64 45 4 265 73 168 341 118 199
65 48 4 265 73 199 301 113 220
66 46 4 309 0 191 401 36 211
67 47 4 341 36 191 424 94 214
68 45 4 300 175 170 376 206 215
69 44 4 319 120 156 383 150 210
70 43 4 376 170 0 449 221 43
71 43 4 376 170 43 449 221 86
72 43 4 376 170 86 449 221 129
73 43 4 376 170 129 449 221 172
74 43 4 376 170 172 449 221 215
75 39 4 419 94 0 504 145 73
76 41 4 419 94 73 497 170 123
77 42 4 395 94 123 485 141 207
78 47 4 428 0 77 511 58 100
79 40 4 428 0 100 482 63 151
80 49 5 319 150 156 411 170 192
81 52 5 428 0 151 465 81 218
82 49 5 465 0 151 485 92 187
83 49 5 411 141 123 503 161 159
84 53 5 449 170 0 503 233 51
85 53 5 449 170 51 503 233 102
86 51 5 449 141 159 506 176 194
87 54 5 449 176 102 502 233 197
88 50 5 506 69 0 575 153 24
89 50 5 506 69 24 575 153 48
90 61 6 449 141 197 507 224 220
91 59 6 485 0 100 535 76 178
92 55 6 485 0 178 549 54 208
93 58 6 504 76 48 555 139 102
94 58 6 504 76 102 555 139 156
95 57 6 485 76 156 580 129 213
96 59 6 507 153 0 585 229 50
97 56 6 507 139 50 576 216 164
98 57 6 507 129 164 564 224 217
99 55 6 549 0 0 579 64 54
