Utilizacion 80.653654 VolCajasEmpacado 82.067275 Duracion[s] 60.034000 Iteraciones 775
0 1 0 0 0 0 78 80 71
1 1 0 0 80 0 78 160 71
2 1 0 0 0 71 78 80 142
3 1 0 0 80 71 78 160 142
4 1 0 0 0 142 78 80 213
5 1 0 0 80 142 78 160 213
6 9 0 0 160 0 60 230 49
7 9 0 0 160 49 60 230 98
8 9 0 0 160 98 60 230 147
9 9 0 0 160 147 60 230 196
10 3 0 60 160 0 122 232 80
11 3 0 60 160 80 122 232 160
12 10 0 60 160 160 134 188 186
13 10 0 60 160 186 134 186 214
14 17 0 60 188 160 163 220 220
15 19 0 78 0 0 194 96 27
16 19 0 78 0 27 194 96 54
17 19 0 78 0 54 194 96 81
18 19 0 78 0 81 194 96 108
19 19 0 78 0 108 194 96 135
20 19 0 78 0 135 194 96 162
21 19 0 78 0 162 194 96 189
22 19 0 78 0 189 194 96 216
23 3 0 78 96 0 158 158 72
24 12 0 78 96 72 127 152 116
25 7 0 78 96 116 145 148 184
26 10 0 78 96 184 152 122 212
27 10 0 78 122 184 152 148 212
28 5 0 158 96 0 220 149 55
29 14 0 158 96 55 233 160 95
30 14 0 158 96 95 233 160 135
31 14 0 158 96 135 233 160 175
32 14 0 158 96 175 233 160 215
33 12 0 163 160 0 219 209 44
34 12 0 163 160 44 219 209 88
35 12 0 163 160 88 219 209 132
36 12 0 163 160 132 219 209 176
37 12 0 163 160 176 219 209 220
38 16 0 194 0 0 277 73 36
39 16 0 194 0 36 277 73 72
40 16 0 194 0 72 277 73 108
41 16 0 194 0 108 277 73 144
42 16 0 194 0 144 277 73 180
43 16 0 194 0 180 277 73 216
44 3 0 219 160 0 281 232 80
45 3 0 219 160 80 281 232 160
46 9 0 219 160 160 289 209 220
47 0 0 233 73 0 290 121 54
48 0 0 233 73 54 290 121 108
49 0 0 233 73 108 290 121 162
50 0 0 233 73 162 290 121 216
51 15 0 233 121 0 308 158 52
52 15 0 233 121 52 308 158 104
53 15 0 233 121 104 308 158 156
54 15 0 233 121 156 308 158 208
55 9 0 277 0 0 337 70 49
56 9 0 277 0 49 337 70 98
57 2 0 277 0 98 397 67 172
58 0 0 277 0 172 334 54 220
59 0 0 334 0 172 391 54 220
60 2 0 289 158 0 409 232 67
61 2 0 409 158 0 529 232 67
62 2 0 289 158 67 409 232 134
63 2 0 409 158 67 529 232 134
64 2 0 289 158 134 409 232 201
65 2 0 409 158 134 529 232 201
66 8 0 290 70 0 400 120 75
67 13 0 290 70 75 390 110 147
68 13 0 290 70 147 390 110 219
69 15 0 308 120 0 383 157 52
70 17 0 308 120 52 411 152 112
71 11 0 308 110 112 400 155 177
72 7 0 397 0 0 449 68 67
73 7 0 449 0 0 501 68 67
74 7 0 501 0 0 553 68 67
75 14 0 397 0 67 461 40 142
76 14 0 397 0 142 461 40 217
77 13 0 400 40 67 500 80 139
78 13 0 400 40 139 500 80 211
79 14 0 461 0 67 536 40 131
80 17 0 400 80 0 503 112 60
81 17 0 400 80 60 503 112 120
82 17 0 400 80 120 503 112 180
83 11 0 411 112 0 503 157 65
84 11 0 411 112 65 503 157 130
85 11 0 411 112 130 503 157 195
86 3 0 500 0 131 572 80 193
87 5 0 503 80 0 565 133 55
88 5 0 503 80 55 565 133 110
89 5 0 503 80 110 565 133 165
90 5 0 503 80 165 565 133 220
91 7 0 529 133 0 581 200 68
92 11 0 529 133 68 574 225 133
93 11 0 529 133 133 574 225 198
