Utilizacion 82.528553 VolCajasEmpacado 84.384726 Duracion[s] 60.044000 Iteraciones 654
0 5 0 0 0 0 64 32 49
1 5 0 0 32 0 64 64 49
2 5 0 0 64 0 64 96 49
3 5 0 0 96 0 64 128 49
4 5 0 0 128 0 64 160 49
5 5 0 0 160 0 64 192 49
6 5 0 0 192 0 64 224 49
7 14 0 0 0 49 56 112 106
8 14 0 0 112 49 56 224 106
9 14 0 0 0 106 56 112 163
10 14 0 0 112 106 56 224 163
11 14 0 0 0 163 56 112 220
12 14 0 0 112 163 56 224 220
13 14 0 64 0 0 120 112 57
14 14 0 64 112 0 120 224 57
15 11 0 56 0 57 164 53 135
16 11 0 56 53 57 164 106 135
17 11 0 56 106 57 164 159 135
18 11 0 56 159 57 164 212 135
19 11 0 56 0 135 164 53 213
20 11 0 56 53 135 164 106 213
21 11 0 56 106 135 164 159 213
22 11 0 56 159 135 164 212 213
23 2 0 56 212 57 146 233 97
24 2 0 56 212 97 146 233 137
25 2 0 56 212 137 146 233 177
26 2 0 56 212 177 146 233 217
27 2 0 146 212 0 236 233 40
28 2 0 236 212 0 326 233 40
29 2 0 146 212 40 236 233 80
30 2 0 236 212 40 326 233 80
31 2 0 146 212 80 236 233 120
32 2 0 236 212 80 326 233 120
33 2 0 146 212 120 236 233 160
34 2 0 236 212 120 326 233 160
35 2 0 146 212 160 236 233 200
36 2 0 236 212 160 326 233 200
37 6 0 164 0 0 252 34 46
38 6 0 164 34 0 252 68 46
39 6 0 164 68 0 252 102 46
40 6 0 164 102 0 252 136 46
41 6 0 164 136 0 252 170 46
42 6 0 164 170 0 252 204 46
43 4 0 164 0 46 264 29 94
44 4 0 164 29 46 264 58 94
45 4 0 164 58 46 264 87 94
46 4 0 164 87 46 264 116 94
47 4 0 164 116 46 264 145 94
48 4 0 164 145 46 264 174 94
49 4 0 164 174 46 264 203 94
50 6 0 164 0 94 252 34 140
51 6 0 164 34 94 252 68 140
52 6 0 164 68 94 252 102 140
53 6 0 164 102 94 252 136 140
54 6 0 164 136 94 252 170 140
55 6 0 164 170 94 252 204 140
56 6 0 164 0 140 252 34 186
57 6 0 164 34 140 252 68 186
58 6 0 164 68 140 252 102 186
59 6 0 164 102 140 252 136 186
60 6 0 164 136 140 252 170 186
61 6 0 164 170 140 252 204 186
62 4 0 164 0 186 212 100 215
63 4 0 212 0 186 260 100 215
64 5 0 164 100 186 228 149 218
65 5 0 164 149 186 228 198 218
66 4 0 228 100 186 276 200 215
67 9 0 264 0 0 380 48 40
68 9 0 380 0 0 496 48 40
69 9 0 264 48 0 380 96 40
70 9 0 380 48 0 496 96 40
71 9 0 264 0 40 380 48 80
72 9 0 380 0 40 496 48 80
73 9 0 264 48 40 380 96 80
74 9 0 380 48 40 496 96 80
75 13 0 264 0 80 318 100 147
76 13 0 264 0 147 318 100 214
77 12 0 276 100 0 354 154 59
78 12 0 276 154 0 354 208 59
79 11 0 276 100 59 384 178 112
80 11 0 276 100 112 384 178 165
81 11 0 276 100 165 384 178 218
82 13 0 318 0 80 372 100 147
83 13 0 318 0 147 372 100 214
84 5 0 276 178 59 340 210 108
85 4 0 276 178 108 376 207 156
86 2 0 276 178 156 366 199 196
87 13 0 372 0 80 472 54 147
88 13 0 372 0 147 472 54 214
89 7 0 372 54 80 461 90 117
90 7 0 372 54 117 461 90 154
91 7 0 372 54 154 461 90 191
92 0 0 384 54 191 504 106 211
93 12 0 376 178 0 454 232 59
94 12 0 454 178 0 532 232 59
95 12 0 376 178 59 454 232 118
96 12 0 454 178 59 532 232 118
97 12 0 376 178 118 454 232 177
98 12 0 454 178 118 532 232 177
99 7 0 366 178 177 455 214 214
100 12 0 384 106 0 462 165 54
101 12 0 384 106 54 462 165 108
102 10 0 384 106 108 447 147 164
103 10 0 384 106 164 447 147 220
104 0 0 462 106 0 582 158 20
105 0 0 462 106 20 582 158 40
106 0 0 462 106 40 582 158 60
107 0 0 462 106 60 582 158 80
108 0 0 462 106 80 582 158 100
109 0 0 462 106 100 582 158 120
110 0 0 462 106 120 582 158 140
111 0 0 462 106 140 582 158 160
112 0 0 462 106 160 582 158 180
113 0 0 462 106 180 582 158 200
114 0 0 462 106 200 582 158 220
115 1 0 455 158 177 508 220 197
116 1 0 455 158 197 508 220 217
117 7 0 496 0 0 585 36 37
118 7 0 496 0 37 585 36 74
119 13 0 496 0 74 563 54 174
120 1 0 472 0 174 534 53 194
121 1 0 472 0 194 534 53 214
122 10 0 504 54 0 567 95 56
123 10 0 504 54 56 567 95 112
124 10 0 504 54 112 567 95 168
125 13 0 532 158 0 586 225 100
126 1 0 534 0 174 587 62 194
127 1 0 534 0 194 587 62 214
128 13 0 532 158 100 586 225 200
129 1 0 508 158 200 570 211 220
