Utilizacion 72.375045 VolCajasEmpacado 72.932363 Duracion[s] 60.007000 Iteraciones 2477
0 2 0 0 0 0 66 55 48
1 1 0 0 0 48 75 37 105
2 1 0 0 0 105 75 37 162
3 5 0 0 0 162 86 40 191
4 5 0 0 0 191 86 40 220
5 4 0 0 55 0 78 121 80
6 3 0 0 121 0 74 179 52
7 0 0 0 40 80 83 142 109
8 7 1 0 40 109 68 107 208
9 7 1 0 107 109 68 174 208
10 13 1 68 40 109 97 126 149
11 13 1 68 40 149 97 126 189
12 9 1 0 179 0 76 229 74
13 9 1 0 179 74 76 229 148
14 11 1 0 174 148 75 231 185
15 6 1 75 142 0 164 178 65
16 10 1 76 178 0 124 233 66
17 9 1 76 142 66 126 216 142
18 9 1 76 142 142 126 216 218
19 12 1 97 0 0 180 102 29
20 12 1 180 0 0 263 102 29
21 12 1 263 0 0 346 102 29
22 7 1 97 0 29 164 99 97
23 8 1 97 0 97 175 80 163
24 18 2 86 0 163 161 37 220
25 18 2 97 102 0 172 139 57
26 14 2 97 99 57 186 135 122
27 17 2 97 37 163 171 113 213
28 16 2 126 178 0 200 230 58
29 17 2 126 135 65 202 209 115
30 17 2 126 135 115 202 209 165
31 17 2 126 135 165 202 209 215
32 15 2 175 0 29 274 68 96
33 19 2 175 0 96 277 83 125
34 20 3 175 0 125 204 86 165
35 20 3 175 0 165 204 86 205
36 25 3 202 102 0 276 160 52
37 25 3 202 160 0 276 218 52
38 25 3 202 102 52 276 160 104
39 25 3 202 160 52 276 218 104
40 22 3 186 86 104 275 122 169
41 23 3 202 86 169 268 141 217
42 22 3 202 141 104 267 230 140
43 24 3 202 141 140 252 215 216
44 21 3 204 0 125 306 83 154
45 25 3 204 0 154 256 74 212
46 26 3 306 0 29 374 99 96
47 34 4 252 141 140 281 227 180
48 34 4 252 141 180 281 227 220
49 35 4 256 0 154 304 55 220
50 31 4 275 55 154 332 100 219
51 32 4 276 102 0 351 139 57
52 29 4 306 0 96 364 52 170
53 30 4 281 100 57 355 150 133
54 30 4 281 100 133 355 150 209
55 33 4 281 150 0 383 233 29
56 33 4 281 150 29 383 233 58
57 28 4 281 150 58 380 217 126
58 27 4 281 150 126 347 230 204
59 35 4 304 0 170 370 55 218
60 31 4 332 55 96 397 100 153
61 31 4 332 55 153 397 100 210
62 36 5 347 150 126 413 230 204
63 38 5 355 100 0 429 150 76
64 39 5 355 100 76 410 148 142
65 38 5 355 100 142 429 150 218
66 40 5 374 0 0 439 45 57
67 42 5 374 0 57 463 36 122
68 41 5 370 0 122 445 37 179
69 37 5 413 150 0 512 218 67
70 46 6 397 45 0 471 97 58
71 44 6 397 37 58 462 94 103
72 44 6 397 37 103 462 94 148
73 47 6 413 150 67 491 230 133
74 47 6 413 150 133 491 230 199
75 45 6 429 97 0 503 147 76
76 45 6 429 94 76 505 144 150
77 45 6 471 0 0 547 50 74
78 43 6 463 0 74 565 83 103
79 53 7 370 0 179 456 40 208
80 50 7 397 40 148 471 92 206
81 50 7 429 92 150 503 150 202
82 48 7 463 0 103 538 37 160
83 54 7 471 37 103 537 92 151
84 50 7 471 37 151 545 89 209
85 51 7 505 92 0 579 142 76
86 52 7 545 0 103 581 89 168
87 52 7 505 92 76 570 181 112
88 52 7 491 150 112 580 186 177
89 52 7 491 150 177 580 215 213
90 50 7 505 92 112 563 144 186
