Utilizacion 80.473260 VolCajasEmpacado 81.111056 Duracion[s] 60.022000 Iteraciones 992
0 5 0 0 0 0 41 77 71
1 5 0 0 77 0 41 154 71
2 5 0 0 154 0 41 231 71
3 5 0 0 0 71 41 77 142
4 5 0 0 77 71 41 154 142
5 5 0 0 154 71 41 231 142
6 5 0 0 0 142 41 77 213
7 5 0 0 77 142 41 154 213
8 5 0 0 154 142 41 231 213
9 6 0 41 0 0 88 79 72
10 6 0 41 0 72 88 79 144
11 6 0 41 0 144 88 79 216
12 1 0 41 79 0 132 124 31
13 1 0 41 79 31 132 124 62
14 1 0 41 79 62 132 124 93
15 1 0 41 79 93 132 124 124
16 1 0 41 79 124 132 124 155
17 1 0 41 79 155 132 124 186
18 1 0 41 79 186 132 124 217
19 2 0 41 124 0 131 160 35
20 2 0 131 124 0 221 160 35
21 2 0 221 124 0 311 160 35
22 2 0 311 124 0 401 160 35
23 2 0 41 160 0 131 196 35
24 2 0 131 160 0 221 196 35
25 2 0 221 160 0 311 196 35
26 2 0 311 160 0 401 196 35
27 2 0 41 196 0 131 232 35
28 2 0 131 196 0 221 232 35
29 2 0 221 196 0 311 232 35
30 2 0 311 196 0 401 232 35
31 8 0 41 124 35 149 193 119
32 8 0 41 124 119 149 193 203
33 4 0 41 193 35 92 233 103
34 4 0 92 193 35 143 233 103
35 4 0 41 193 103 92 233 171
36 4 0 92 193 103 143 233 171
37 3 0 41 193 171 86 228 219
38 3 0 86 193 171 134 228 216
39 7 0 88 0 0 172 62 80
40 7 0 172 0 0 256 62 80
41 7 0 88 0 80 172 62 160
42 7 0 172 0 80 256 62 160
43 3 0 88 0 160 133 48 195
44 3 0 133 0 160 178 48 195
45 3 0 178 0 160 223 48 195
46 3 0 223 0 160 268 48 195
47 4 0 132 62 0 172 113 68
48 3 0 132 62 68 180 107 103
49 3 0 132 62 103 180 107 138
50 3 0 132 62 138 180 107 173
51 9 0 132 0 195 233 81 219
52 1 0 132 81 173 223 112 218
53 0 0 149 113 35 243 185 64
54 0 0 149 113 64 243 185 93
55 0 0 149 113 93 243 185 122
56 0 0 149 113 122 243 185 151
57 0 0 149 113 151 243 185 180
58 0 0 149 113 180 243 185 209
59 6 0 149 185 35 228 232 107
60 6 0 149 185 107 228 232 179
61 6 0 228 185 35 300 232 114
62 0 0 256 48 0 350 120 29
63 0 0 256 48 29 350 120 58
64 9 0 243 62 58 324 163 82
65 9 0 243 62 82 324 163 106
66 9 0 243 62 106 324 163 130
67 9 0 243 62 130 324 163 154
68 16 1 134 193 179 224 229 214
69 17 1 223 81 154 314 112 199
70 15 1 228 185 114 273 220 162
71 15 1 273 185 114 318 220 162
72 15 1 228 185 162 276 230 197
73 15 1 276 185 162 324 230 197
74 17 1 243 112 154 334 143 199
75 17 1 243 143 154 334 174 199
76 17 1 256 48 154 347 79 199
77 17 1 268 0 0 359 45 31
78 17 1 268 0 31 359 45 62
79 17 1 268 0 62 359 45 93
80 17 1 268 0 93 359 45 124
81 17 1 268 0 124 359 45 155
82 17 1 268 0 155 359 45 186
83 17 1 268 0 186 359 45 217
84 15 1 324 174 35 369 222 70
85 15 1 324 174 70 369 222 105
86 15 1 324 174 105 369 222 140
87 15 1 324 174 140 369 222 175
88 16 1 324 174 175 414 209 211
89 14 1 334 120 35 402 160 86
90 18 1 334 79 86 406 173 115
91 18 1 334 79 115 406 173 144
92 18 1 334 79 144 406 173 173
93 18 1 334 79 173 406 173 202
94 17 1 350 45 0 441 76 45
95 16 1 359 0 0 449 36 35
96 16 1 359 0 35 449 36 70
97 16 1 359 0 70 449 36 105
98 16 1 359 0 105 449 36 140
99 13 1 359 0 140 430 41 217
100 14 1 406 41 45 474 81 96
101 14 1 406 41 96 474 81 147
102 14 1 406 41 147 474 81 198
103 12 1 406 81 0 453 160 72
104 12 1 406 81 72 453 160 144
105 12 1 406 81 144 453 160 216
106 13 1 414 160 0 491 231 41
107 13 1 414 160 41 491 231 82
108 13 1 414 160 82 491 231 123
109 13 1 414 160 123 491 231 164
110 13 1 414 160 164 491 231 205
111 13 1 449 0 0 520 41 77
112 13 1 449 0 77 520 41 154
113 14 1 430 0 154 498 40 205
114 12 1 453 81 0 500 160 72
115 12 1 453 81 72 500 160 144
116 12 1 453 81 144 500 160 216
117 14 1 474 41 0 525 81 68
118 12 1 491 160 0 538 232 79
119 12 1 538 160 0 585 232 79
120 18 1 491 160 79 585 232 108
121 18 1 491 160 108 585 232 137
122 18 1 491 160 137 585 232 166
123 13 1 491 160 166 568 231 207
124 11 1 500 81 0 584 143 80
125 11 1 500 81 80 584 143 160
126 11 1 525 0 0 587 80 84
127 11 1 525 0 84 587 80 168
128 12 1 498 0 168 577 72 215
129 12 1 500 80 160 572 159 207
