Utilizacion 78.742982 VolCajasEmpacado 78.857383 Duracion[s] 60.157000 Iteraciones 424
0 2 0 0 0 0 34 26 47
1 2 0 0 26 0 34 52 47
2 2 0 0 52 0 34 78 47
3 2 0 0 78 0 34 104 47
4 2 0 0 104 0 34 130 47
5 2 0 0 130 0 34 156 47
6 2 0 0 156 0 34 182 47
7 2 0 0 182 0 34 208 47
8 1 0 0 0 47 48 37 89
9 1 0 0 37 47 48 74 89
10 1 0 0 74 47 48 111 89
11 1 0 0 111 47 48 148 89
12 1 0 0 148 47 48 185 89
13 1 0 0 185 47 48 222 89
14 0 0 0 0 89 55 26 139
15 0 0 0 26 89 55 52 139
16 0 0 0 52 89 55 78 139
17 0 0 0 78 89 55 104 139
18 0 0 0 104 89 55 130 139
19 0 0 0 130 89 55 156 139
20 0 0 0 156 89 55 182 139
21 0 0 0 0 139 55 26 189
22 0 0 0 26 139 55 52 189
23 0 0 0 52 139 55 78 189
24 0 0 0 78 139 55 104 189
25 0 0 0 104 139 55 130 189
26 0 0 0 130 139 55 156 189
27 0 0 0 156 139 55 182 189
28 2 0 0 0 189 34 47 215
29 2 0 34 0 189 68 47 215
30 1 0 0 182 89 48 219 131
31 1 0 0 182 131 48 219 173
32 1 0 0 182 173 48 219 215
33 2 0 0 47 189 34 94 215
34 2 0 0 94 189 34 141 215
35 2 0 0 141 189 47 175 215
36 2 0 34 47 189 68 94 215
37 2 0 34 94 189 68 141 215
38 1 0 48 182 0 90 219 48
39 1 0 48 182 48 90 219 96
40 1 0 48 182 96 90 219 144
41 1 0 48 182 144 90 219 192
42 1 0 55 141 0 97 178 48
43 1 0 55 141 48 97 178 96
44 1 0 55 141 96 97 178 144
45 1 0 55 141 144 97 178 192
46 2 0 47 141 192 94 175 218
47 0 0 48 175 192 98 230 218
48 1 0 68 0 0 110 37 48
49 1 0 68 0 48 110 37 96
50 5 1 68 37 0 116 79 37
51 5 1 68 37 37 116 79 74
52 5 1 68 37 74 116 79 111
53 5 1 68 37 111 116 79 148
54 5 1 68 37 148 116 79 185
55 5 1 68 0 96 110 37 144
56 5 1 68 0 144 110 37 192
57 4 1 68 0 192 123 50 218
58 3 1 68 79 0 115 113 26
59 3 1 68 79 26 115 113 52
60 3 1 68 79 52 115 113 78
61 3 1 68 79 78 115 113 104
62 3 1 68 79 104 115 113 130
63 3 1 68 79 130 115 113 156
64 3 1 68 79 156 115 113 182
65 3 1 68 79 182 115 113 208
66 3 1 68 50 185 115 76 219
67 4 1 68 113 0 123 139 50
68 3 1 68 113 50 102 139 97
69 3 1 68 113 97 102 139 144
70 3 1 68 113 144 102 139 191
71 3 1 97 139 0 144 173 26
72 3 1 97 139 26 144 173 52
73 3 1 97 139 52 144 173 78
74 3 1 97 139 78 144 173 104
75 3 1 97 139 104 144 173 130
76 3 1 97 139 130 144 173 156
77 3 1 97 139 156 144 173 182
78 3 1 97 139 182 144 173 208
79 4 1 98 173 0 153 199 50
80 4 1 153 173 0 208 199 50
81 4 1 208 173 0 263 199 50
82 4 1 263 173 0 318 199 50
83 4 1 318 173 0 373 199 50
84 4 1 373 173 0 428 199 50
85 4 1 428 173 0 483 199 50
86 4 1 483 173 0 538 199 50
87 5 1 98 173 50 146 210 92
88 5 1 98 173 92 146 210 134
89 5 1 98 173 134 146 210 176
90 5 1 98 173 176 146 210 218
91 4 1 115 79 0 170 105 50
92 8 2 102 113 50 136 139 97
93 8 2 102 113 97 136 139 144
94 8 2 102 113 144 136 139 191
95 8 2 115 79 50 162 113 76
96 8 2 115 79 76 162 113 102
97 8 2 115 79 102 162 113 128
98 8 2 115 79 128 162 113 154
99 8 2 115 79 154 162 113 180
100 8 2 115 79 180 162 113 206
101 7 2 116 50 0 171 76 50
102 7 2 116 50 50 171 76 100
103 7 2 116 50 100 171 76 150
104 7 2 116 50 150 171 76 200
105 6 2 123 0 0 165 48 37
106 6 2 123 0 37 165 48 74
107 6 2 123 0 74 165 48 111
108 6 2 123 0 111 165 48 148
109 6 2 123 0 148 165 48 185
110 8 2 123 0 185 157 47 211
111 7 2 136 113 0 191 139 50
112 7 2 191 113 0 246 139 50
113 7 2 246 113 0 301 139 50
114 7 2 136 113 50 191 139 100
115 7 2 191 113 50 246 139 100
116 7 2 246 113 50 301 139 100
117 7 2 136 113 100 191 139 150
118 7 2 191 113 100 246 139 150
119 7 2 246 113 100 301 139 150
120 7 2 136 113 150 191 139 200
121 7 2 191 113 150 246 139 200
122 7 2 246 113 150 301 139 200
123 8 2 144 139 0 191 165 34
124 8 2 144 139 34 191 165 68
125 8 2 144 139 68 191 165 102
126 8 2 144 139 102 191 165 136
127 8 2 144 139 136 191 165 170
128 8 2 144 139 170 191 165 204
129 8 2 146 199 0 172 233 47
130 6 2 146 165 50 183 213 92
131 6 2 146 165 92 183 213 134
132 6 2 146 165 134 183 213 176
133 6 2 146 165 176 183 213 218
134 6 2 165 0 0 207 48 37
135 6 2 165 0 37 207 48 74
136 6 2 165 0 74 207 48 111
137 11 3 165 0 111 207 48 148
138 11 3 165 0 148 207 48 185
139 9 3 170 76 0 217 110 26
140 9 3 217 76 0 264 110 26
141 9 3 170 76 26 217 110 52
142 9 3 217 76 26 264 110 52
143 9 3 170 76 52 217 110 78
144 9 3 217 76 52 264 110 78
145 9 3 170 76 78 217 110 104
146 9 3 217 76 78 264 110 104
147 9 3 170 76 104 217 110 130
148 9 3 217 76 104 264 110 130
149 9 3 170 76 130 217 110 156
150 9 3 217 76 130 264 110 156
151 9 3 170 76 156 217 110 182
152 9 3 217 76 156 264 110 182
153 9 3 170 76 182 217 110 208
154 9 3 217 76 182 264 110 208
155 9 3 171 48 0 218 74 34
156 10 3 171 0 185 226 50 211
157 11 3 183 165 50 231 202 92
158 11 3 231 165 50 279 202 92
159 11 3 279 165 50 327 202 92
160 11 3 327 165 50 375 202 92
161 11 3 375 165 50 423 202 92
162 11 3 183 165 92 231 202 134
163 11 3 231 165 92 279 202 134
164 11 3 279 165 92 327 202 134
165 11 3 327 165 92 375 202 134
166 11 3 375 165 92 423 202 134
167 11 3 183 165 134 231 202 176
168 11 3 231 165 134 279 202 176
169 11 3 279 165 134 327 202 176
170 11 3 327 165 134 375 202 176
171 11 3 375 165 134 423 202 176
172 11 3 183 165 176 231 202 218
173 11 3 231 165 176 279 202 218
174 11 3 279 165 176 327 202 218
175 11 3 327 165 176 375 202 218
176 11 3 375 165 176 423 202 218
177 10 3 171 50 34 226 76 84
178 10 3 171 50 84 226 76 134
179 10 3 171 50 134 226 76 184
180 10 3 183 202 0 238 228 50
181 10 3 183 202 50 238 228 100
182 10 3 183 202 100 238 228 150
183 10 3 183 202 150 238 228 200
184 10 3 191 139 0 246 165 50
185 10 3 246 139 0 301 165 50
186 10 3 301 139 0 356 165 50
187 10 3 356 139 0 411 165 50
188 10 3 411 139 0 466 165 50
189 10 3 466 139 0 521 165 50
190 12 4 171 50 184 218 76 218
191 13 4 191 139 50 246 165 100
192 13 4 191 139 100 246 165 150
193 13 4 191 139 150 246 165 200
194 12 4 246 139 50 280 165 97
195 12 4 246 139 97 280 165 144
196 12 4 246 139 144 280 165 191
197 12 4 280 139 50 327 165 84
198 12 4 327 139 50 374 165 84
199 12 4 374 139 50 421 165 84
200 12 4 421 139 50 468 165 84
201 12 4 468 139 50 515 165 84
202 12 4 280 139 84 327 165 118
203 12 4 280 139 118 327 165 152
204 12 4 280 139 152 327 165 186
205 12 4 280 139 186 327 165 220
206 12 4 423 165 50 449 212 84
207 12 4 423 165 84 449 212 118
208 12 4 423 165 118 449 212 152
209 12 4 423 165 152 449 212 186
210 12 4 423 165 186 449 212 220
211 14 4 226 0 0 263 48 42
212 14 4 263 0 0 300 48 42
213 14 4 300 0 0 337 48 42
214 14 4 337 0 0 374 48 42
215 14 4 374 0 0 411 48 42
216 14 4 226 0 42 263 48 84
217 14 4 263 0 42 300 48 84
218 14 4 300 0 42 337 48 84
219 14 4 337 0 42 374 48 84
220 14 4 374 0 42 411 48 84
221 14 4 226 0 84 263 48 126
222 14 4 263 0 84 300 48 126
223 14 4 300 0 84 337 48 126
224 14 4 337 0 84 374 48 126
225 14 4 374 0 84 411 48 126
226 14 4 226 0 126 263 48 168
227 14 4 263 0 126 300 48 168
228 14 4 300 0 126 337 48 168
229 14 4 337 0 126 374 48 168
230 14 4 374 0 126 411 48 168
231 14 4 226 0 168 263 48 210
232 14 4 263 0 168 300 48 210
233 14 4 300 0 168 337 48 210
234 14 4 337 0 168 374 48 210
235 14 4 374 0 168 411 48 210
236 13 4 226 48 0 281 74 50
237 12 4 226 48 50 273 74 84
238 12 4 226 48 84 273 74 118
239 12 4 226 48 118 273 74 152
240 12 4 226 48 152 273 74 186
241 13 4 238 202 0 293 228 50
242 13 4 293 202 0 348 228 50
243 13 4 348 202 0 403 228 50
244 13 4 238 202 50 293 228 100
245 13 4 293 202 50 348 228 100
246 13 4 348 202 50 403 228 100
247 13 4 238 202 100 293 228 150
248 13 4 293 202 100 348 228 150
249 13 4 348 202 100 403 228 150
250 13 4 238 202 150 293 228 200
251 14 4 264 74 0 306 111 48
252 14 4 264 74 48 306 111 96
253 15 5 218 50 186 265 76 220
254 15 5 264 76 96 290 110 143
255 15 5 290 76 96 316 110 143
256 15 5 264 76 143 290 110 190
257 15 5 290 76 143 316 110 190
258 15 5 264 76 190 311 110 216
259 15 5 281 48 0 315 74 47
260 15 5 315 48 0 349 74 47
261 15 5 349 48 0 383 74 47
262 15 5 383 48 0 417 74 47
263 15 5 417 48 0 451 74 47
264 15 5 451 48 0 485 74 47
265 15 5 485 48 0 519 74 47
266 15 5 519 48 0 553 74 47
267 15 5 553 48 0 587 74 47
268 17 5 281 48 47 336 74 97
269 15 5 273 48 97 320 74 131
270 15 5 273 48 131 320 74 165
271 17 5 273 48 165 328 74 215
272 17 5 301 111 0 356 137 50
273 17 5 356 111 0 411 137 50
274 17 5 411 111 0 466 137 50
275 17 5 466 111 0 521 137 50
276 17 5 301 111 50 356 137 100
277 17 5 356 111 50 411 137 100
278 17 5 411 111 50 466 137 100
279 17 5 466 111 50 521 137 100
280 17 5 301 111 100 356 137 150
281 17 5 356 111 100 411 137 150
282 17 5 411 111 100 466 137 150
283 17 5 466 111 100 521 137 150
284 17 5 301 111 150 356 137 200
285 17 5 356 111 150 411 137 200
286 17 5 411 111 150 466 137 200
287 17 5 466 111 150 521 137 200
288 17 5 327 137 84 382 163 134
289 16 5 316 74 0 358 111 48
290 16 5 358 74 0 400 111 48
291 16 5 400 74 0 442 111 48
292 16 5 442 74 0 484 111 48
293 16 5 484 74 0 526 111 48
294 16 5 526 74 0 568 111 48
295 17 5 327 137 134 382 163 184
296 16 5 316 74 48 364 111 90
297 16 5 316 74 90 364 111 132
298 16 5 316 74 132 364 111 174
299 16 5 316 74 174 364 111 216
300 16 5 411 0 0 459 37 42
301 16 5 411 0 42 459 37 84
302 16 5 411 0 84 459 37 126
303 16 5 411 0 126 459 37 168
304 16 5 411 0 168 459 37 210
305 18 6 327 137 184 374 163 218
306 18 6 382 137 84 429 163 118
307 18 6 429 137 84 476 163 118
308 18 6 382 137 118 429 163 152
309 18 6 429 137 118 476 163 152
310 18 6 382 137 152 429 163 186
311 18 6 429 137 152 476 163 186
312 18 6 382 137 186 429 163 220
313 18 6 429 137 186 476 163 220
314 20 6 476 137 84 524 174 126
315 20 6 476 137 126 524 174 168
316 20 6 476 137 168 524 174 210
317 19 6 336 48 47 391 74 97
318 19 6 336 48 97 391 74 147
319 19 6 336 48 147 391 74 197
320 20 6 364 74 48 406 111 96
321 20 6 364 74 96 406 111 144
322 20 6 364 74 144 406 111 192
323 19 6 391 48 47 446 74 97
324 19 6 391 48 97 446 74 147
325 19 6 391 48 147 446 74 197
326 20 6 406 74 48 454 111 90
327 20 6 406 74 90 454 111 132
328 20 6 406 74 132 454 111 174
329 20 6 406 74 174 454 111 216
330 20 6 446 37 47 494 74 89
331 20 6 494 37 47 542 74 89
332 20 6 446 37 89 488 74 137
333 19 6 446 37 137 501 63 187
334 19 6 454 37 187 509 87 213
335 19 6 449 165 50 475 220 100
336 19 6 449 163 100 475 218 150
337 19 6 449 163 150 475 218 200
338 19 6 475 174 50 530 200 100
339 19 6 475 174 100 530 200 150
340 19 6 475 174 150 530 200 200
341 19 6 509 74 48 564 100 98
342 21 7 459 0 0 506 34 26
343 21 7 459 0 26 506 34 52
344 21 7 459 0 52 506 34 78
345 21 7 459 0 78 506 34 104
346 21 7 459 0 104 506 34 130
347 21 7 459 0 130 506 34 156
348 21 7 459 0 156 506 34 182
349 21 7 459 0 182 506 34 208
350 22 7 475 200 0 530 226 50
351 22 7 530 200 0 585 226 50
352 22 7 475 200 50 530 226 100
353 22 7 530 200 50 585 226 100
354 22 7 475 200 100 530 226 150
355 22 7 530 200 100 585 226 150
356 22 7 475 200 150 530 226 200
357 22 7 530 200 150 585 226 200
358 21 7 506 0 0 553 26 34
359 23 7 506 0 34 548 37 82
360 23 7 506 0 82 554 37 124
361 23 7 506 0 124 548 37 172
362 23 7 506 0 172 548 37 220
363 23 7 509 37 89 551 74 137
364 23 7 509 37 137 551 74 185
365 22 7 509 74 98 564 100 148
366 22 7 509 74 148 564 100 198
367 22 7 521 111 0 576 137 50
368 22 7 521 111 50 576 137 100
369 22 7 521 111 100 576 137 150
370 22 7 521 111 150 576 137 200
371 22 7 524 137 0 579 163 50
372 22 7 524 137 50 579 163 100
373 22 7 524 137 100 579 163 150
374 22 7 524 137 150 579 163 200
375 23 7 538 163 0 580 200 48
376 23 7 538 163 48 580 200 96
377 23 7 530 163 96 578 200 138
378 23 7 530 163 138 578 200 180
