Utilizacion 75.870303 VolCajasEmpacado 76.284861 Duracion[s] 60.016000 Iteraciones 1673
0 2 0 0 0 0 65 73 109
1 2 0 0 73 0 65 146 109
2 2 0 0 146 0 65 219 109
3 6 0 0 0 109 72 55 140
4 6 0 0 0 140 72 55 171
5 6 0 0 0 171 72 55 202
6 1 0 0 55 109 55 92 131
7 1 0 0 55 131 55 92 153
8 1 0 0 55 153 55 92 175
9 1 0 0 55 175 55 92 197
10 0 0 0 55 197 76 127 219
11 4 0 0 127 109 56 163 170
12 4 0 0 163 109 56 199 170
13 5 0 0 199 109 43 231 148
14 5 0 0 127 170 39 170 202
15 6 0 0 170 170 72 225 201
16 4 0 65 127 0 126 163 56
17 4 0 126 127 0 187 163 56
18 4 0 187 127 0 248 163 56
19 4 0 248 127 0 309 163 56
20 4 0 309 127 0 370 163 56
21 3 0 72 127 56 146 193 117
22 3 0 72 127 117 146 193 178
23 0 0 72 127 178 148 199 200
24 0 0 76 0 0 148 76 22
25 0 0 76 0 22 148 76 44
26 3 0 76 0 44 150 61 110
27 2 0 76 0 110 149 65 219
28 7 0 150 0 0 258 98 27
29 11 1 72 199 0 144 230 55
30 11 1 72 199 55 144 230 110
31 8 1 72 199 110 127 221 147
32 8 1 72 199 147 127 221 184
33 8 1 76 65 44 131 87 81
34 13 1 76 65 81 132 101 142
35 13 1 76 65 142 132 101 203
36 8 1 76 101 0 131 123 37
37 13 1 132 76 27 188 112 88
38 13 1 132 76 88 188 112 149
39 13 1 132 76 149 188 112 210
40 12 1 144 199 0 183 231 43
41 10 1 148 112 56 256 210 83
42 10 1 148 112 83 256 210 110
43 10 1 148 112 110 256 210 137
44 10 1 148 112 137 256 210 164
45 9 1 148 112 164 220 188 186
46 9 1 148 112 186 220 188 208
47 9 1 150 0 27 222 76 49
48 9 1 150 0 49 222 76 71
49 9 1 150 0 71 222 76 93
50 14 1 150 0 93 224 66 154
51 14 1 150 0 154 224 66 215
52 14 1 224 0 27 285 66 101
53 14 1 224 0 101 285 66 175
54 15 1 256 163 0 329 228 109
55 15 1 256 163 109 329 228 218
56 14 1 258 66 0 332 127 66
57 14 1 332 66 0 406 127 66
58 15 1 256 66 66 321 139 175
59 22 2 220 139 164 275 161 201
60 21 2 220 66 175 296 138 197
61 21 2 220 66 197 296 138 219
62 23 2 224 0 175 263 32 218
63 23 2 224 32 175 263 64 218
64 22 2 263 0 175 285 55 212
65 22 2 275 139 56 330 161 93
66 22 2 330 139 56 385 161 93
67 22 2 275 139 93 330 161 130
68 22 2 330 139 93 385 161 130
69 22 2 275 139 130 330 161 167
70 22 2 330 139 130 385 161 167
71 17 2 285 0 0 359 66 61
72 17 2 285 0 61 359 66 122
73 17 2 285 0 122 359 66 183
74 18 2 285 0 183 341 61 219
75 16 2 321 66 66 386 139 175
76 21 2 329 66 175 401 142 197
77 21 2 329 66 197 401 142 219
78 16 2 329 163 0 402 228 109
79 17 2 329 161 109 395 222 183
80 19 2 329 142 183 401 197 214
81 16 2 359 0 0 432 65 109
82 16 2 359 0 109 432 65 218
83 20 2 402 127 0 510 225 27
84 20 2 402 127 27 510 225 54
85 20 2 402 127 54 510 225 81
86 20 2 402 127 81 510 225 108
87 20 2 402 127 108 510 225 135
88 30 3 329 197 183 384 219 220
89 26 3 395 197 135 456 233 191
90 27 3 406 65 0 478 120 31
91 27 3 406 65 31 478 120 62
92 27 3 406 65 62 478 120 93
93 26 3 401 65 93 457 101 154
94 26 3 401 65 154 457 101 215
95 24 3 401 101 135 462 167 209
96 26 3 432 0 0 488 61 36
97 26 3 432 0 36 488 61 72
98 24 3 432 0 72 498 61 146
99 24 3 432 0 146 498 61 220
100 24 3 456 167 135 522 228 209
101 25 3 478 61 0 587 126 73
102 25 3 478 61 73 587 126 146
103 25 3 478 61 146 587 126 219
104 24 3 498 0 0 564 61 74
105 24 3 498 0 74 564 61 148
106 25 3 522 126 0 587 199 109
107 25 3 522 126 109 587 199 218
