Utilizacion 88.248044 VolCajasEmpacado 88.797625 Duracion[s] 60.049000 Iteraciones 973
0 7 0 0 0 0 90 69 55
1 7 0 0 69 0 90 138 55
2 7 0 0 138 0 90 207 55
3 7 0 0 0 55 90 69 110
4 7 0 0 69 55 90 138 110
5 7 0 0 138 55 90 207 110
6 7 0 0 0 110 90 69 165
7 7 0 0 69 110 90 138 165
8 7 0 0 138 110 90 207 165
9 7 0 0 0 165 90 69 220
10 7 0 0 69 165 90 138 220
11 7 0 0 138 165 90 207 220
12 1 0 0 207 0 52 232 36
13 0 0 0 207 36 63 228 73
14 1 0 0 207 73 52 232 109
15 1 0 0 207 109 52 232 145
16 1 0 0 207 145 52 232 181
17 1 0 0 207 181 52 232 217
18 1 0 63 207 0 115 232 36
19 1 0 115 207 0 167 232 36
20 1 0 167 207 0 219 232 36
21 1 0 219 207 0 271 232 36
22 1 0 271 207 0 323 232 36
23 1 0 323 207 0 375 232 36
24 1 0 375 207 0 427 232 36
25 1 0 427 207 0 479 232 36
26 1 0 479 207 0 531 232 36
27 1 0 531 207 0 583 232 36
28 1 0 63 207 36 115 232 72
29 1 0 115 207 36 167 232 72
30 1 0 167 207 36 219 232 72
31 1 0 219 207 36 271 232 72
32 1 0 271 207 36 323 232 72
33 1 0 323 207 36 375 232 72
34 1 0 375 207 36 427 232 72
35 1 0 427 207 36 479 232 72
36 1 0 479 207 36 531 232 72
37 1 0 531 207 36 583 232 72
38 1 0 63 207 72 115 232 108
39 1 0 115 207 72 167 232 108
40 1 0 167 207 72 219 232 108
41 1 0 219 207 72 271 232 108
42 1 0 271 207 72 323 232 108
43 1 0 323 207 72 375 232 108
44 1 0 375 207 72 427 232 108
45 1 0 427 207 72 479 232 108
46 1 0 479 207 72 531 232 108
47 1 0 531 207 72 583 232 108
48 0 0 52 207 108 115 228 145
49 0 0 52 207 145 115 228 182
50 0 0 52 207 182 115 228 219
51 6 0 90 0 0 189 63 36
52 6 0 189 0 0 288 63 36
53 6 0 288 0 0 387 63 36
54 6 0 387 0 0 486 63 36
55 6 0 486 0 0 585 63 36
56 6 0 90 63 0 189 126 36
57 6 0 189 63 0 288 126 36
58 6 0 288 63 0 387 126 36
59 6 0 387 63 0 486 126 36
60 6 0 486 63 0 585 126 36
61 6 0 90 126 0 189 189 36
62 6 0 189 126 0 288 189 36
63 6 0 288 126 0 387 189 36
64 6 0 387 126 0 486 189 36
65 6 0 486 126 0 585 189 36
66 5 0 90 0 36 190 36 97
67 5 0 190 0 36 290 36 97
68 5 0 290 0 36 390 36 97
69 5 0 390 0 36 490 36 97
70 5 0 90 36 36 190 72 97
71 5 0 190 36 36 290 72 97
72 5 0 290 36 36 390 72 97
73 5 0 390 36 36 490 72 97
74 5 0 90 0 97 190 36 158
75 5 0 190 0 97 290 36 158
76 5 0 290 0 97 390 36 158
77 5 0 390 0 97 490 36 158
78 5 0 90 36 97 190 72 158
79 5 0 190 36 97 290 72 158
80 5 0 290 36 97 390 72 158
81 5 0 390 36 97 490 72 158
82 5 0 90 0 158 190 36 219
83 5 0 190 0 158 290 36 219
84 5 0 290 0 158 390 36 219
85 5 0 390 0 158 490 36 219
86 5 0 90 36 158 190 72 219
87 5 0 190 36 158 290 72 219
88 5 0 290 36 158 390 72 219
89 5 0 390 36 158 490 72 219
90 4 0 90 72 36 169 124 72
91 4 0 90 124 36 169 176 72
92 4 0 90 72 72 169 124 108
93 4 0 90 124 72 169 176 108
94 4 0 90 72 108 169 124 144
95 4 0 90 124 108 169 176 144
96 4 0 90 72 144 169 124 180
97 4 0 90 124 144 169 176 180
98 4 0 90 72 180 169 124 216
99 4 0 90 124 180 169 176 216
100 0 0 90 176 36 153 197 73
101 0 0 153 176 36 216 197 73
102 0 0 216 176 36 279 197 73
103 0 0 279 176 36 342 197 73
104 0 0 342 176 36 405 197 73
105 0 0 405 176 36 468 197 73
106 0 0 468 176 36 531 197 73
107 3 0 90 176 73 187 206 122
108 3 0 90 176 122 187 206 171
109 3 0 90 176 171 187 206 220
110 0 0 115 206 108 178 227 145
111 0 0 178 206 108 241 227 145
112 0 0 115 206 145 178 227 182
113 0 0 178 206 145 241 227 182
114 0 0 115 206 182 178 227 219
115 0 0 178 206 182 241 227 219
116 7 0 169 72 36 238 162 91
117 7 0 238 72 36 307 162 91
118 7 0 307 72 36 376 162 91
119 7 0 376 72 36 445 162 91
120 7 0 445 72 36 514 162 91
121 7 0 514 72 36 583 162 91
122 6 0 169 72 91 232 171 127
123 6 0 169 72 127 232 171 163
124 2 0 169 72 163 260 105 191
125 2 0 169 105 163 260 138 191
126 2 0 169 138 163 260 171 191
127 2 0 169 72 191 260 105 219
128 2 0 169 105 191 260 138 219
129 2 0 169 138 191 260 171 219
130 2 0 187 171 73 278 204 101
131 2 0 187 171 101 278 204 129
132 2 0 187 171 129 278 204 157
133 2 0 187 171 157 278 204 185
134 2 0 187 171 185 278 204 213
135 2 0 241 204 108 332 232 141
136 2 0 332 204 108 423 232 141
137 2 0 423 204 108 514 232 141
138 2 0 241 204 141 332 232 174
139 2 0 332 204 141 423 232 174
140 2 0 423 204 141 514 232 174
141 2 0 241 204 174 332 232 207
142 2 0 332 204 174 423 232 207
143 2 0 423 204 174 514 232 207
144 3 0 260 72 91 357 121 121
145 3 0 357 72 91 454 121 121
146 3 0 454 72 91 551 121 121
147 3 0 260 121 91 357 170 121
148 3 0 357 121 91 454 170 121
149 3 0 454 121 91 551 170 121
150 3 0 260 72 121 357 121 151
151 3 0 357 72 121 454 121 151
152 3 0 454 72 121 551 121 151
153 3 0 260 121 121 357 170 151
154 3 0 357 121 121 454 170 151
155 3 0 454 121 121 551 170 151
156 3 0 260 72 151 357 121 181
157 3 0 357 72 151 454 121 181
158 3 0 454 72 151 551 121 181
159 3 0 260 121 151 357 170 181
160 3 0 357 121 151 454 170 181
161 3 0 454 121 151 551 170 181
162 0 0 260 72 181 323 93 218
163 0 0 323 72 181 386 93 218
164 2 0 260 93 181 351 121 214
165 2 0 351 93 181 442 121 214
166 2 0 442 93 181 533 121 214
167 3 0 260 121 181 357 170 211
168 2 0 278 170 73 369 203 101
169 2 0 369 170 73 460 203 101
170 2 0 460 170 73 551 203 101
171 2 0 278 170 101 369 203 129
172 2 0 369 170 101 460 203 129
173 2 0 460 170 101 551 203 129
174 3 0 278 170 129 375 200 178
175 3 0 375 170 129 472 200 178
176 5 0 357 121 181 457 182 217
177 5 0 457 121 181 557 182 217
178 4 0 490 0 36 569 36 88
179 4 0 490 36 36 569 72 88
180 4 0 490 0 88 569 36 140
181 4 0 490 36 88 569 72 140
182 4 0 490 0 140 569 36 192
183 4 0 490 36 140 569 72 192
184 2 0 490 0 192 581 33 220
