Utilizacion 72.903340 VolCajasEmpacado 74.122898 Duracion[s] 60.016000 Iteraciones 1371
0 12 0 0 0 0 71 36 70
1 12 0 0 0 70 71 36 140
2 8 0 0 36 0 46 119 71
3 8 0 0 36 71 46 119 142
4 8 0 0 36 142 46 119 213
5 15 0 0 0 140 69 28 183
6 10 0 0 119 0 43 218 71
7 10 0 0 119 71 43 218 142
8 10 0 0 119 142 43 218 213
9 1 0 43 119 0 137 218 24
10 1 0 43 119 24 137 218 48
11 1 0 43 119 48 137 218 72
12 6 0 43 119 72 91 188 144
13 6 0 43 119 144 91 188 216
14 15 0 43 188 72 112 231 100
15 9 0 43 188 100 129 232 156
16 9 0 43 188 156 129 232 212
17 14 0 46 36 0 76 114 58
18 2 0 46 36 58 104 119 122
19 2 0 46 36 122 104 119 186
20 0 0 46 0 186 117 72 213
21 13 0 46 72 186 107 114 220
22 16 0 91 119 72 148 164 124
23 5 0 91 119 124 160 172 220
24 7 0 107 72 0 174 119 84
25 7 0 107 72 84 174 119 168
26 8 0 117 0 0 200 71 46
27 10 0 117 0 46 216 71 89
28 9 0 117 0 89 203 56 133
29 9 0 117 0 133 203 56 177
30 11 0 117 0 177 208 56 217
31 3 0 137 172 0 232 229 79
32 4 0 129 172 79 205 226 142
33 31 1 107 72 168 166 94 205
34 31 1 107 94 168 166 116 205
35 29 1 129 172 142 198 200 185
36 31 1 129 200 142 188 222 179
37 28 1 129 172 185 190 214 219
38 20 1 160 119 0 229 172 96
39 24 1 160 119 96 205 171 153
40 28 1 160 119 153 194 161 214
41 21 1 174 71 0 243 119 72
42 21 1 174 71 72 243 119 144
43 23 1 174 56 144 257 102 215
44 27 1 205 119 96 245 210 152
45 27 1 205 119 152 245 210 208
46 26 1 216 0 0 296 55 41
47 17 1 216 0 41 302 56 85
48 22 1 216 0 85 300 47 152
49 22 1 208 0 152 292 47 219
50 19 1 245 102 0 340 181 57
51 22 1 245 102 57 312 186 104
52 25 1 245 186 0 344 229 71
53 30 1 245 102 104 325 192 127
54 18 1 245 102 127 303 166 210
55 44 2 232 210 71 291 232 108
56 44 2 232 210 108 291 232 145
57 44 2 232 210 145 291 232 182
58 40 2 245 166 127 314 209 155
59 40 2 245 166 155 314 209 183
60 39 2 257 56 0 327 92 71
61 39 2 257 56 71 327 92 142
62 33 2 257 47 142 333 101 205
63 36 2 302 0 0 385 46 71
64 36 2 302 0 71 385 46 142
65 36 2 302 0 142 385 46 213
66 37 2 303 101 127 347 157 213
67 45 2 314 192 71 369 233 151
68 41 2 314 157 151 385 229 178
69 41 2 314 157 178 385 229 205
70 34 2 333 46 0 402 99 96
71 38 2 333 46 96 424 86 152
72 38 2 333 46 152 424 86 208
73 36 2 347 99 0 418 145 83
74 36 2 347 99 83 418 145 166
75 35 2 347 86 166 431 153 213
76 32 2 385 153 0 480 232 57
77 32 2 385 153 57 480 232 114
78 43 2 385 153 114 475 233 137
79 42 2 431 0 0 525 99 24
80 47 3 385 153 137 480 232 194
81 53 3 385 0 24 484 43 95
82 53 3 385 0 95 484 43 166
83 60 3 385 153 194 475 233 217
84 57 3 385 0 166 454 43 194
85 55 3 454 0 166 496 61 200
86 56 3 431 61 24 509 91 82
87 56 3 431 61 82 509 91 140
88 61 3 431 99 0 511 140 55
89 61 3 431 99 55 511 140 110
90 54 3 431 61 140 522 117 180
91 54 3 431 61 180 522 117 220
92 51 3 480 117 110 537 162 162
93 51 3 480 117 162 537 162 214
94 49 3 480 162 0 533 231 96
95 58 3 480 162 96 552 233 123
96 58 3 480 162 123 552 233 150
97 48 3 480 162 150 556 225 204
98 52 3 496 0 24 552 44 110
99 52 3 496 0 110 552 44 196
100 50 3 525 44 0 573 113 72
101 50 3 525 44 72 573 113 144
102 51 3 522 44 144 574 89 201
