Utilizacion 78.715358 VolCajasEmpacado 80.362732 Duracion[s] 60.017000 Iteraciones 967
0 4 0 0 0 0 60 95 55
1 4 0 0 0 55 60 95 110
2 4 0 0 0 110 60 95 165
3 4 0 0 0 165 60 95 220
4 6 0 0 95 0 52 175 66
5 3 0 0 95 66 78 159 143
6 3 0 0 95 143 78 159 220
7 13 0 0 159 66 88 190 127
8 13 0 0 159 127 88 190 188
9 12 0 0 159 188 42 201 220
10 12 0 42 159 188 84 201 220
11 0 0 0 201 0 86 233 31
12 0 0 0 201 31 86 233 62
13 0 0 0 201 62 86 233 93
14 0 0 0 201 93 86 233 124
15 0 0 0 201 124 86 233 155
16 13 0 0 201 155 88 232 216
17 10 0 60 0 0 117 76 36
18 10 0 60 0 36 117 76 72
19 10 0 60 0 72 117 76 108
20 10 0 60 0 108 117 76 144
21 10 0 60 0 144 117 76 180
22 10 0 60 0 180 117 76 216
23 9 0 78 76 0 121 140 55
24 9 0 78 76 55 121 140 110
25 9 0 78 76 110 121 140 165
26 9 0 78 76 165 121 140 220
27 7 0 88 140 0 206 219 51
28 7 0 88 140 51 206 219 102
29 7 0 88 140 102 206 219 153
30 7 0 88 140 153 206 219 204
31 2 0 117 0 0 199 66 94
32 2 0 117 0 94 199 66 188
33 1 0 117 0 188 226 73 211
34 2 0 121 73 0 203 139 94
35 5 0 121 73 94 175 138 166
36 5 0 121 73 166 193 138 220
37 8 0 203 73 0 301 117 55
38 8 0 203 73 55 301 117 110
39 8 0 203 73 110 301 117 165
40 8 0 203 73 165 301 117 220
41 1 0 206 117 0 279 226 23
42 1 0 206 117 23 279 226 46
43 3 0 206 117 46 284 194 110
44 3 0 206 117 110 284 194 174
45 11 0 206 117 174 276 201 209
46 3 0 226 0 0 303 64 78
47 11 0 226 0 78 310 70 113
48 11 0 226 0 113 310 70 148
49 11 0 226 0 148 310 70 183
50 11 0 226 0 183 310 70 218
51 3 0 284 117 0 361 195 64
52 3 0 284 117 64 361 195 128
53 3 0 284 117 128 361 195 192
54 3 0 310 0 0 388 64 77
55 28 1 276 117 192 385 190 215
56 25 1 206 201 46 248 233 88
57 25 1 206 201 88 248 233 130
58 25 1 206 201 130 248 233 172
59 25 1 206 201 172 248 233 214
60 25 1 248 201 46 290 233 88
61 25 1 248 201 88 290 233 130
62 25 1 248 201 130 290 233 172
63 26 1 290 195 0 378 226 61
64 26 1 378 195 0 466 226 61
65 26 1 466 195 0 554 226 61
66 23 1 290 195 61 366 231 118
67 23 1 290 195 118 366 231 175
68 27 1 248 201 175 334 233 206
69 22 1 301 70 0 356 113 64
70 22 1 301 70 64 365 113 119
71 22 1 301 70 119 365 113 174
72 27 1 301 70 174 387 102 205
73 24 1 310 0 77 394 70 112
74 17 1 310 0 112 382 54 177
75 24 1 310 0 177 394 70 212
76 23 1 366 190 61 442 226 118
77 23 1 366 190 118 442 226 175
78 14 1 385 102 0 451 184 94
79 14 1 451 102 0 517 184 94
80 14 1 517 102 0 583 184 94
81 17 1 385 102 94 439 167 166
82 17 1 439 102 94 493 167 166
83 17 1 493 102 94 547 167 166
84 18 1 385 102 166 465 168 218
85 18 1 465 102 166 545 168 218
86 26 1 385 168 175 473 229 206
87 27 1 387 70 0 473 102 31
88 27 1 387 70 31 473 102 62
89 26 1 387 70 62 475 101 123
90 19 1 394 0 0 458 58 52
91 21 1 473 184 61 571 228 116
92 24 1 394 0 52 478 70 87
93 24 1 394 0 87 478 70 122
94 24 1 394 0 122 478 70 157
95 16 1 394 0 157 449 95 217
96 21 1 449 0 157 504 98 201
97 17 1 473 168 116 545 233 170
98 21 1 473 168 170 571 223 214
99 14 1 504 0 0 586 66 94
100 15 1 504 0 94 582 77 158
101 19 1 504 0 158 556 64 216
102 23 1 547 77 94 583 153 151
