Utilizacion 78.775478 VolCajasEmpacado 79.958890 Duracion[s] 60.008000 Iteraciones 928
0 5 0 0 0 0 46 65 53
1 5 0 0 65 0 46 130 53
2 5 0 0 0 53 46 65 106
3 5 0 0 65 53 46 130 106
4 5 0 0 0 106 46 65 159
5 5 0 0 65 106 46 130 159
6 5 0 0 0 159 46 65 212
7 5 0 0 65 159 46 130 212
8 8 0 0 130 0 116 208 37
9 8 0 0 130 37 116 208 74
10 8 0 0 130 74 116 208 111
11 8 0 0 130 111 116 208 148
12 8 0 0 130 148 116 208 185
13 0 0 0 130 185 26 215 218
14 0 0 26 130 185 111 156 218
15 11 0 26 156 185 53 195 218
16 1 0 26 208 0 68 233 47
17 1 0 26 208 47 68 233 94
18 1 0 26 208 94 68 233 141
19 1 0 26 208 141 68 233 188
20 10 0 26 195 188 87 232 220
21 2 0 46 0 0 139 60 76
22 2 0 46 60 0 139 120 76
23 2 0 46 0 76 139 60 152
24 2 0 46 60 76 139 120 152
25 11 0 53 156 185 80 195 218
26 10 0 46 0 152 78 37 213
27 10 0 46 37 152 78 74 213
28 0 0 46 74 152 131 100 185
29 0 0 46 100 152 131 126 185
30 0 0 46 74 185 131 107 211
31 11 0 80 156 185 113 195 212
32 7 0 78 0 152 154 72 191
33 0 0 78 0 191 163 33 217
34 0 0 78 33 191 163 66 217
35 11 0 111 107 185 150 140 212
36 2 0 116 140 0 192 233 60
37 2 0 116 140 60 192 233 120
38 2 0 116 140 120 192 233 180
39 7 0 116 140 180 188 216 219
40 3 0 150 72 0 236 129 65
41 3 0 150 72 65 236 129 130
42 3 0 150 72 130 236 129 195
43 7 0 163 0 0 202 72 76
44 7 0 202 0 0 241 72 76
45 7 0 241 0 0 280 72 76
46 9 0 163 0 76 260 66 108
47 9 0 163 0 108 260 66 140
48 9 0 163 0 140 260 66 172
49 9 0 163 0 172 260 66 204
50 6 0 192 129 0 286 230 42
51 6 0 192 129 42 286 230 84
52 6 0 192 129 84 286 230 126
53 6 0 192 129 126 286 230 168
54 4 0 192 129 168 266 224 219
55 5 0 236 72 0 282 125 65
56 3 0 236 72 65 301 129 151
57 9 0 280 0 0 377 66 32
58 2 0 280 0 32 373 60 108
59 2 0 260 0 108 336 60 201
60 4 0 286 129 0 360 180 95
61 4 0 286 180 0 360 231 95
62 2 0 336 0 108 396 76 201
63 8 0 286 129 95 402 207 132
64 8 0 286 129 132 402 207 169
65 8 0 286 129 169 402 207 206
66 23 1 150 76 195 197 118 220
67 23 1 197 76 195 244 118 220
68 22 1 244 76 151 329 102 184
69 22 1 244 102 151 329 128 184
70 22 1 244 76 184 329 102 217
71 22 1 244 102 184 329 128 217
72 23 1 286 207 95 333 232 137
73 23 1 333 207 95 380 232 137
74 23 1 286 207 137 333 232 179
75 23 1 333 207 137 380 232 179
76 14 1 329 76 0 424 127 74
77 14 1 329 76 74 424 127 148
78 15 1 329 76 148 375 129 213
79 21 1 375 76 148 414 109 175
80 21 1 375 76 175 414 109 202
81 23 1 380 207 0 427 232 42
82 23 1 380 207 42 427 232 84
83 23 1 380 207 84 427 232 126
84 23 1 380 207 126 427 232 168
85 14 1 396 0 0 491 74 51
86 14 1 491 0 0 586 74 51
87 17 1 396 0 51 435 72 127
88 17 1 396 0 127 435 72 203
89 21 1 402 109 148 441 142 175
90 21 1 402 109 175 441 142 202
91 20 1 402 142 0 439 203 32
92 20 1 402 142 32 439 203 64
93 20 1 402 142 64 439 203 96
94 20 1 402 142 96 439 203 128
95 20 1 402 142 128 439 203 160
96 20 1 402 142 160 439 203 192
97 21 1 402 142 192 441 175 219
98 21 1 402 175 192 441 208 219
99 20 1 424 74 0 485 106 37
100 15 1 435 0 51 481 65 104
101 15 1 435 0 104 481 65 157
102 15 1 435 0 157 481 65 210
103 19 1 481 0 51 578 66 83
104 13 1 481 0 83 567 65 140
105 13 1 481 0 140 567 65 197
106 12 1 441 106 0 534 166 76
107 12 1 441 166 0 534 226 76
108 12 1 441 106 76 534 166 152
109 12 1 441 166 76 534 226 152
110 19 1 441 65 152 507 162 184
111 19 1 441 65 184 507 162 216
112 15 1 441 162 152 487 227 205
113 15 1 487 162 152 533 227 205
114 17 1 534 74 0 573 146 76
115 17 1 534 146 0 573 218 76
116 17 1 507 66 76 583 105 148
117 14 1 534 105 76 585 200 150
