Utilizacion 70.213575 VolCajasEmpacado 71.466988 Duracion[s] 60.004000 Iteraciones 7975
0 2 0 0 0 0 72 98 61
1 2 0 0 98 0 72 196 61
2 1 0 0 196 0 44 232 60
3 0 0 0 0 61 59 64 144
4 4 1 0 0 144 61 98 216
5 3 1 0 98 61 65 147 109
6 5 2 0 196 60 52 227 102
7 6 2 0 98 109 75 148 176
8 7 3 0 98 176 40 174 218
9 9 3 0 174 102 96 229 192
10 9 3 72 0 0 168 90 55
11 8 3 72 0 55 121 65 103
12 10 3 61 0 103 125 83 162
13 11 4 61 0 162 170 92 213
14 12 4 75 92 0 136 164 98
15 13 5 75 92 98 171 147 188
16 14 6 96 164 0 171 231 50
17 15 7 40 98 188 133 140 219
18 18 7 96 164 50 172 204 92
19 16 7 96 164 92 155 228 175
20 17 7 170 0 0 279 92 51
21 19 8 170 0 51 288 57 149
22 20 9 96 147 175 172 187 217
23 21 9 170 0 149 245 50 216
24 23 9 171 57 51 243 118 149
25 22 9 172 118 0 290 216 57
26 24 10 172 118 57 236 177 140
27 26 11 172 118 140 231 201 204
28 25 11 279 57 0 397 114 98
29 27 12 96 201 175 148 232 217
30 28 12 171 50 149 220 115 197
31 29 12 236 118 57 297 216 129
32 31 13 220 50 149 262 81 201
33 30 13 220 81 149 251 106 197
34 32 13 236 118 129 328 227 180
35 33 13 262 57 98 380 114 196
36 34 14 245 0 149 293 49 214
37 35 14 293 0 0 411 57 98
38 38 15 231 114 180 307 156 220
39 36 15 293 0 98 389 55 188
40 37 15 328 114 0 387 197 64
41 39 16 231 156 180 324 198 211
42 40 17 293 0 188 335 52 219
43 41 17 328 114 64 392 173 147
44 41 17 328 114 147 411 173 211
45 42 18 328 197 0 380 228 42
46 43 18 328 173 64 368 215 140
47 44 18 387 173 0 496 224 92
48 45 19 231 198 180 279 223 211
49 46 19 335 0 188 428 42 219
50 48 20 368 173 92 477 224 184
51 47 20 324 173 184 417 215 215
52 49 21 380 55 98 411 107 140
53 50 21 411 42 0 442 135 42
54 50 21 411 42 42 442 135 84
55 51 22 380 55 140 422 95 216
56 52 22 442 0 0 551 92 51
57 53 23 442 92 0 560 149 98
58 55 24 411 95 98 476 144 146
59 54 24 411 95 146 455 131 206
60 56 25 442 0 51 560 57 149
61 58 26 428 0 149 478 75 216
62 57 26 478 0 149 514 60 193
63 59 26 476 75 98 585 167 149
64 60 27 417 131 184 459 224 215
65 62 27 455 75 149 530 125 216
66 63 27 459 125 149 535 167 189
67 61 27 496 167 0 568 228 98
68 64 28 477 167 98 573 222 188
69 65 29 514 0 149 562 49 214
70 66 29 530 49 149 580 124 216
71 67 30 459 167 188 507 192 219
72 68 30 459 125 189 511 167 220
