Utilizacion 68.898059 VolCajasEmpacado 69.623791 Duracion[s] 60.006000 Iteraciones 8507
0 0 0 0 0 0 42 43 36
1 0 0 0 43 0 42 86 36
2 1 0 0 86 0 33 177 52
3 2 0 0 0 36 78 77 129
4 4 0 0 177 0 114 229 45
5 3 0 0 0 129 108 37 196
6 7 1 0 177 45 42 220 81
7 5 1 0 37 129 113 82 208
8 6 1 33 86 0 126 163 78
9 5 1 0 82 78 113 127 157
10 9 2 0 127 78 113 172 157
11 8 2 0 82 157 96 142 187
12 10 3 0 142 157 36 184 200
13 11 3 42 172 45 150 209 112
14 12 4 36 172 112 154 229 194
15 12 4 113 0 0 231 82 57
16 13 5 36 82 187 121 144 212
17 14 6 113 0 57 227 45 109
18 15 7 36 144 194 121 206 219
19 16 8 113 0 109 200 63 190
20 17 9 200 0 109 231 81 150
21 18 9 126 82 0 234 119 67
22 19 10 126 81 67 213 144 148
23 19 10 121 81 148 202 168 211
24 20 11 202 0 150 239 108 217
25 23 12 154 168 0 196 211 36
26 22 12 196 168 0 287 220 33
27 21 12 196 168 33 281 230 58
28 25 13 154 168 58 272 225 140
29 24 13 154 168 140 267 213 219
30 26 14 239 0 0 317 93 77
31 27 15 239 0 77 324 62 102
32 31 15 239 0 102 349 66 192
33 28 15 213 119 0 294 150 41
34 29 15 213 119 41 304 152 93
35 30 15 287 152 0 350 233 87
36 33 16 213 108 93 321 145 160
37 32 16 239 0 192 301 85 217
38 36 17 202 108 160 298 168 190
39 35 17 272 168 87 359 231 168
40 34 17 321 66 0 434 145 45
41 37 18 267 168 168 303 210 211
42 38 19 317 66 45 425 103 112
43 39 19 321 103 45 434 148 124
44 40 20 202 108 190 298 168 220
45 41 20 301 66 112 409 103 179
46 42 20 349 0 0 459 66 90
47 42 20 349 0 90 459 66 180
48 43 20 359 103 124 437 180 217
49 44 21 301 66 179 382 97 220
50 45 21 359 180 0 473 225 52
51 46 22 349 0 180 430 41 211
52 47 23 382 41 180 463 82 211
53 48 23 359 180 52 472 225 131
54 49 24 437 82 0 522 144 25
55 50 25 359 180 131 472 225 210
56 51 26 437 82 25 470 173 77
57 52 26 463 0 0 581 57 82
58 53 27 459 0 82 540 41 113
59 54 27 463 0 113 577 52 158
60 55 28 437 82 77 468 163 118
61 56 28 470 57 25 563 134 103
62 57 29 463 0 158 576 79 203
63 58 29 468 79 103 586 136 185
64 59 30 473 144 0 586 189 79
65 60 30 472 136 79 549 229 157
66 61 31 437 82 185 533 142 215
67 62 31 472 142 157 586 194 202
