Utilizacion 75.792499 VolCajasEmpacado 78.556057 Duracion[s] 60.003000 Iteraciones 2863
0 8 0 0 0 0 79 119 79
1 8 0 79 0 0 158 119 79
2 6 0 0 0 79 76 62 144
3 6 0 0 0 144 76 62 209
4 0 0 0 119 0 113 208 27
5 9 0 0 62 79 78 92 101
6 9 0 78 62 79 156 92 101
7 9 0 0 92 79 78 122 101
8 9 0 78 92 79 156 122 101
9 7 0 0 62 101 65 143 220
10 5 0 65 62 101 140 128 148
11 5 0 65 62 148 140 128 195
12 6 0 76 0 79 152 62 144
13 6 0 76 0 144 152 62 209
14 2 0 0 143 27 91 220 63
15 1 0 0 143 63 35 215 112
16 3 0 0 143 112 55 219 155
17 4 0 0 143 155 98 187 214
18 2 0 113 128 0 204 205 36
19 2 0 113 128 36 204 205 72
20 5 0 98 128 72 164 203 119
21 18 1 65 62 195 95 140 217
22 16 1 0 187 155 76 230 210
23 15 1 98 128 119 142 226 178
24 17 1 98 128 178 170 177 213
25 17 1 98 177 178 170 226 213
26 11 1 158 0 0 237 119 79
27 11 1 237 0 0 316 119 79
28 14 1 170 0 79 245 66 126
29 14 1 170 0 126 245 66 173
30 14 1 170 0 173 245 66 220
31 13 1 156 66 79 232 128 144
32 13 1 232 66 79 308 128 144
33 13 1 140 66 144 205 128 220
34 12 1 205 66 144 324 147 209
35 17 1 170 128 72 205 200 121
36 12 1 205 147 0 324 228 65
37 10 1 205 147 65 296 224 101
38 10 1 205 147 101 296 224 137
39 10 1 205 147 137 296 224 173
40 10 1 205 147 173 296 224 209
41 22 2 245 0 79 307 65 155
42 23 2 245 0 155 320 66 202
43 24 2 296 147 65 351 190 141
44 24 2 296 190 65 351 233 141
45 24 2 296 147 141 351 190 217
46 24 2 296 190 141 351 233 217
47 21 2 320 0 0 439 65 81
48 21 2 439 0 0 558 65 81
49 21 2 320 0 81 439 65 162
50 21 2 439 0 81 558 65 162
51 23 2 320 0 162 395 66 209
52 20 2 324 66 0 403 145 119
53 20 2 403 66 0 482 145 119
54 20 2 482 66 0 561 145 119
55 27 2 324 66 119 346 144 149
56 27 2 324 66 149 346 144 179
57 25 2 346 66 119 418 101 168
58 28 2 346 101 119 444 145 178
59 19 2 346 66 178 437 143 214
60 28 2 351 145 0 449 189 59
61 28 2 351 189 0 449 233 59
62 26 2 437 0 162 550 89 189
63 20 2 444 89 119 563 168 198
64 30 3 351 168 59 470 233 140
65 36 3 437 0 189 467 78 211
66 32 3 351 168 140 427 223 183
67 32 3 427 168 140 503 223 183
68 34 3 351 168 183 423 217 218
69 35 3 467 0 189 580 89 216
70 31 3 503 168 0 579 230 65
71 31 3 503 168 65 579 230 130
72 29 3 503 168 130 578 215 196
