Utilizacion 82.130628 VolCajasEmpacado 83.666468 Duracion[s] 60.006000 Iteraciones 4176
0 0 0 0 0 0 65 60 40
1 0 0 65 0 0 130 60 40
2 0 0 130 0 0 195 60 40
3 0 0 195 0 0 260 60 40
4 0 0 260 0 0 325 60 40
5 0 0 325 0 0 390 60 40
6 0 0 390 0 0 455 60 40
7 0 0 455 0 0 520 60 40
8 0 0 520 0 0 585 60 40
9 0 0 0 0 40 65 60 80
10 0 0 65 0 40 130 60 80
11 0 0 130 0 40 195 60 80
12 0 0 195 0 40 260 60 80
13 0 0 260 0 40 325 60 80
14 0 0 325 0 40 390 60 80
15 0 0 390 0 40 455 60 80
16 0 0 455 0 40 520 60 80
17 0 0 520 0 40 585 60 80
18 2 0 0 60 0 59 122 103
19 2 0 0 60 103 59 122 206
20 2 0 0 122 0 59 184 103
21 2 0 0 122 103 59 184 206
22 2 0 0 0 80 103 59 142
23 2 0 103 0 80 206 59 142
24 2 0 206 0 80 309 59 142
25 2 0 309 0 80 412 59 142
26 2 0 412 0 80 515 59 142
27 2 0 0 0 142 103 59 204
28 2 0 103 0 142 206 59 204
29 2 0 206 0 142 309 59 204
30 2 0 309 0 142 412 59 204
31 2 0 412 0 142 515 59 204
32 0 0 0 184 0 60 224 65
33 0 0 0 184 65 60 224 130
34 0 0 0 184 130 60 224 195
35 1 0 59 60 0 154 152 46
36 1 0 59 60 46 151 155 92
37 1 0 59 59 92 151 154 138
38 1 0 59 59 138 151 154 184
39 1 0 154 60 0 246 155 46
40 1 0 154 60 46 246 155 92
41 1 0 154 60 92 246 155 138
42 1 0 154 60 138 246 155 184
43 1 0 246 60 0 338 155 46
44 1 0 246 60 46 338 155 92
45 1 0 246 60 92 338 155 138
46 1 0 246 60 138 338 155 184
47 1 0 338 60 0 430 155 46
48 1 0 338 60 46 430 155 92
49 1 0 338 59 92 430 154 138
50 3 1 60 155 0 120 220 40
51 3 1 120 155 0 180 220 40
52 3 1 180 155 0 240 220 40
53 3 1 240 155 0 300 220 40
54 3 1 300 155 0 360 220 40
55 3 1 360 155 0 420 220 40
56 3 1 420 155 0 480 220 40
57 3 1 480 155 0 540 220 40
58 5 1 60 155 40 163 217 99
59 5 1 163 155 40 266 217 99
60 5 1 266 155 40 369 217 99
61 5 1 369 155 40 472 217 99
62 5 1 472 155 40 575 217 99
63 5 1 60 155 99 163 217 158
64 5 1 163 155 99 266 217 158
65 5 1 266 155 99 369 217 158
66 5 1 369 155 99 472 217 158
67 5 1 472 155 99 575 217 158
68 5 1 60 155 158 163 217 217
69 5 1 163 155 158 266 217 217
70 5 1 266 155 158 369 217 217
71 5 1 369 155 158 472 217 217
72 5 1 472 155 158 575 217 217
73 4 1 338 59 138 430 154 184
74 5 1 430 60 0 489 122 103
75 5 1 430 60 103 489 122 206
76 4 1 489 60 0 581 155 46
77 4 1 489 60 46 581 155 92
78 4 1 489 60 92 581 155 138
79 4 1 489 60 138 581 155 184
80 3 1 515 0 80 580 60 120
81 3 1 515 0 120 580 60 160
82 3 1 515 0 160 580 60 200
