Utilizacion 82.960576 VolCajasEmpacado 84.370019 Duracion[s] 60.009000 Iteraciones 4993
0 2 0 0 0 0 68 64 109
1 2 0 0 64 0 68 128 109
2 2 0 0 128 0 68 192 109
3 2 0 0 0 109 68 64 218
4 2 0 0 64 109 68 128 218
5 2 0 0 128 109 68 192 218
6 0 0 0 192 0 74 229 67
7 0 0 74 192 0 148 229 67
8 0 0 148 192 0 222 229 67
9 3 0 68 0 0 141 70 107
10 3 0 68 0 107 141 70 214
11 3 0 68 70 0 138 177 73
12 1 0 68 177 67 152 232 125
13 1 0 68 177 125 152 232 183
14 3 0 68 70 73 141 177 143
15 4 0 68 70 143 151 166 167
16 4 0 68 70 167 151 166 191
17 4 0 68 70 191 151 166 215
18 1 0 141 0 0 196 58 84
19 6 1 68 166 183 142 233 220
20 7 1 141 0 84 225 55 142
21 9 1 141 0 142 248 70 215
22 9 1 151 70 0 224 140 107
23 9 1 224 70 0 297 140 107
24 9 1 297 70 0 370 140 107
25 9 1 370 70 0 443 140 107
26 9 1 443 70 0 516 140 107
27 9 1 151 70 107 224 140 214
28 9 1 224 70 107 297 140 214
29 9 1 297 70 107 370 140 214
30 9 1 370 70 107 443 140 214
31 9 1 443 70 107 516 140 214
32 6 1 151 140 0 225 177 67
33 6 1 225 140 0 299 177 67
34 7 1 222 177 0 306 232 58
35 7 1 222 177 58 306 232 116
36 8 1 152 140 67 220 204 176
37 5 1 152 140 176 248 223 200
38 7 1 248 140 116 306 224 171
39 10 2 248 140 171 322 207 208
40 11 2 248 0 0 321 70 107
41 11 2 321 0 0 394 70 107
42 11 2 248 0 107 321 70 214
43 11 2 321 0 107 394 70 214
44 12 2 322 140 0 386 208 109
45 12 2 322 140 109 386 208 218
46 10 2 386 140 0 460 207 37
47 10 2 386 140 37 460 207 74
48 10 2 386 140 74 460 207 111
49 10 2 386 140 111 460 207 148
50 13 2 386 140 148 470 195 206
51 14 2 470 140 0 566 223 24
52 14 2 470 140 24 566 223 48
53 14 2 470 140 48 566 223 72
54 14 2 470 140 72 566 223 96
55 17 3 394 0 0 501 70 73
56 17 3 394 0 73 501 70 146
57 15 3 394 0 146 468 67 183
58 15 3 394 0 183 468 67 220
59 16 3 470 140 96 528 224 151
60 16 3 528 140 96 586 224 151
61 16 3 470 140 151 528 224 206
62 16 3 528 140 151 586 224 206
63 16 3 501 0 0 585 55 58
64 16 3 501 0 58 585 55 116
65 19 4 501 0 116 575 67 153
66 20 4 468 0 153 552 55 211
67 22 4 516 67 0 586 140 107
68 22 4 516 67 107 586 140 214
