Utilizacion 75.969414 VolCajasEmpacado 76.357964 Duracion[s] 60.014000 Iteraciones 2361
0 3 0 0 0 0 83 91 48
1 3 0 83 0 0 166 91 48
2 3 0 166 0 0 249 91 48
3 5 0 0 0 48 104 66 88
4 5 0 0 0 88 104 66 128
5 5 0 0 0 128 104 66 168
6 5 0 0 0 168 104 66 208
7 4 0 0 66 48 118 113 114
8 4 0 0 66 114 118 113 180
9 2 0 0 113 0 60 226 78
10 2 0 0 113 78 60 226 156
11 1 0 0 113 156 56 212 181
12 1 0 0 113 181 56 212 206
13 0 0 0 66 180 29 102 216
14 0 0 29 66 180 65 95 216
15 7 0 60 113 0 135 146 60
16 6 0 60 146 0 108 202 40
17 6 0 60 146 40 108 202 80
18 9 1 56 95 180 92 124 216
19 9 1 65 66 180 101 95 216
20 8 1 60 124 80 116 223 105
21 8 1 60 124 105 116 223 130
22 8 1 60 124 130 116 223 155
23 8 1 60 124 155 116 223 180
24 8 1 60 124 180 116 223 205
25 12 1 104 0 48 208 66 88
26 12 1 104 0 88 208 66 128
27 12 1 104 0 128 208 66 168
28 11 1 104 0 168 144 56 216
29 11 1 144 0 168 184 56 216
30 11 1 184 0 168 224 56 216
31 13 1 118 66 48 236 113 114
32 13 1 118 66 114 236 113 180
33 10 1 116 146 0 149 221 60
34 10 1 135 113 0 210 146 60
35 10 1 135 113 60 210 146 120
36 13 1 116 113 120 234 179 167
37 13 1 116 113 167 234 179 214
38 14 1 149 179 0 240 227 83
39 14 1 149 179 83 240 227 166
40 13 1 234 113 0 352 160 66
41 13 1 234 113 66 352 160 132
42 15 1 234 113 132 347 173 210
43 15 1 240 173 0 318 233 113
44 15 1 240 173 113 353 233 191
45 15 1 249 0 0 309 113 78
46 15 1 309 0 0 369 113 78
47 14 1 224 0 78 307 48 169
48 20 2 234 173 191 270 209 220
49 20 2 270 173 191 306 209 220
50 20 2 306 173 191 342 209 220
51 20 2 101 66 180 137 95 216
52 22 2 137 56 180 193 104 220
53 22 2 193 56 180 249 104 220
54 22 2 224 0 169 280 40 217
55 16 2 249 48 78 327 108 191
56 21 2 249 40 191 348 96 216
57 19 2 307 0 78 411 40 144
58 19 2 307 0 144 411 40 210
59 16 2 352 113 0 465 173 78
60 17 2 353 173 0 436 221 91
61 17 2 353 173 91 436 221 182
62 19 2 369 40 0 473 106 40
63 19 2 369 40 40 473 106 80
64 19 2 369 40 80 473 106 120
65 18 2 348 40 120 466 106 167
66 18 2 348 40 167 466 106 214
67 18 2 352 106 78 470 172 125
68 21 2 352 106 125 451 162 150
69 21 2 347 106 150 446 162 175
70 21 2 347 106 175 446 162 200
71 29 3 353 162 182 382 198 218
72 28 3 382 162 182 457 222 215
73 27 3 411 0 0 467 40 48
74 27 3 411 0 48 467 40 96
75 27 3 411 0 96 467 40 144
76 27 3 411 0 144 467 40 192
77 24 3 457 173 0 570 233 78
78 24 3 457 173 78 570 233 156
79 26 3 467 0 0 571 40 66
80 26 3 467 0 66 571 40 132
81 26 3 467 0 132 571 40 198
82 28 3 470 106 0 545 139 60
83 28 3 470 139 0 545 172 60
84 28 3 470 106 60 545 139 120
85 28 3 470 139 60 545 172 120
86 23 3 473 40 0 556 88 91
87 30 3 473 40 91 572 96 116
88 30 3 473 40 116 572 96 141
89 30 3 473 40 141 572 96 166
90 25 3 466 40 166 584 106 213
91 23 3 470 106 120 561 154 203
