Utilizacion 78.921173 VolCajasEmpacado 81.042026 Duracion[s] 60.032000 Iteraciones 739
0 16 0 0 0 0 97 48 30
1 16 0 97 0 0 194 48 30
2 16 0 194 0 0 291 48 30
3 16 0 291 0 0 388 48 30
4 16 0 388 0 0 485 48 30
5 16 0 485 0 0 582 48 30
6 1 0 0 0 30 82 78 119
7 1 0 0 0 119 82 78 208
8 18 0 82 0 30 168 40 59
9 18 0 82 0 59 168 40 88
10 18 0 82 0 88 168 40 117
11 18 0 82 0 117 168 40 146
12 18 0 82 0 146 168 40 175
13 18 0 82 0 175 168 40 204
14 4 0 0 78 0 99 146 67
15 4 0 0 78 67 99 146 134
16 4 0 0 78 134 99 146 201
17 12 0 168 0 30 243 37 87
18 12 0 168 0 87 243 37 144
19 12 0 168 0 144 243 37 201
20 0 0 243 0 30 308 57 75
21 0 0 308 0 30 373 57 75
22 0 0 373 0 30 438 57 75
23 0 0 438 0 30 503 57 75
24 0 0 503 0 30 568 57 75
25 5 0 0 146 0 80 224 66
26 8 0 0 146 66 74 222 116
27 8 0 0 146 116 74 222 166
28 8 0 0 146 166 74 222 216
29 1 0 80 146 0 169 228 78
30 1 0 169 146 0 258 228 78
31 1 0 258 146 0 347 228 78
32 1 0 347 146 0 436 228 78
33 1 0 436 146 0 525 228 78
34 15 0 74 146 78 186 176 137
35 15 0 186 146 78 298 176 137
36 15 0 298 146 78 410 176 137
37 19 0 74 176 78 103 233 112
38 19 0 74 176 112 103 233 146
39 19 0 74 176 146 103 233 180
40 16 0 74 146 137 171 176 185
41 16 0 171 146 137 268 176 185
42 16 0 268 146 137 365 176 185
43 16 0 74 146 185 171 194 215
44 18 0 82 48 0 168 77 40
45 13 0 82 40 40 171 76 105
46 13 0 82 40 105 171 76 170
47 16 0 82 40 170 179 70 218
48 9 0 99 77 0 147 143 55
49 9 0 99 77 55 147 143 110
50 9 0 99 77 110 147 143 165
51 9 0 99 77 165 147 143 220
52 12 0 103 194 78 178 231 135
53 13 0 103 194 135 192 230 200
54 7 0 192 176 78 266 228 136
55 7 0 192 176 136 266 228 194
56 2 0 147 77 0 222 145 79
57 2 0 147 77 79 222 145 158
58 14 0 147 76 158 220 146 189
59 14 0 147 76 189 220 146 220
60 10 0 192 146 194 246 231 220
61 13 0 220 37 75 309 73 140
62 13 0 179 37 140 268 73 205
63 2 0 268 0 140 336 75 219
64 10 0 266 176 78 351 230 104
65 10 0 266 176 104 351 230 130
66 10 0 266 176 130 351 230 156
67 3 0 222 75 0 300 146 68
68 3 0 222 75 68 300 146 136
69 3 0 222 75 136 300 146 204
70 7 0 266 176 156 340 228 214
71 11 0 351 176 78 441 220 161
72 7 0 340 176 161 414 228 219
73 8 0 300 75 0 374 125 76
74 8 0 300 75 76 374 125 152
75 4 0 300 75 152 399 142 220
76 8 0 336 0 75 412 74 125
77 8 0 412 0 75 488 74 125
78 8 0 488 0 75 564 74 125
79 2 0 336 0 125 404 75 204
80 2 0 404 0 125 472 75 204
81 2 0 472 0 125 540 75 204
82 5 0 399 75 0 477 141 80
83 5 0 477 75 0 555 141 80
84 5 0 399 75 80 477 141 160
85 5 0 477 75 80 555 141 160
86 17 0 399 75 160 501 158 189
87 17 0 399 75 189 501 158 218
88 9 0 414 158 161 462 224 216
89 2 0 462 158 78 530 233 157
90 14 0 462 158 157 532 231 188
91 11 0 532 141 0 576 231 83
92 11 0 532 141 83 576 231 166
