Utilizacion 72.885018 VolCajasEmpacado 73.153789 Duracion[s] 60.052000 Iteraciones 1499
0 5 0 0 0 0 108 40 71
1 5 0 0 0 71 108 40 142
2 5 0 0 0 142 108 40 213
3 9 0 0 40 0 68 80 50
4 9 0 0 40 50 68 80 100
5 9 0 0 40 100 68 80 150
6 9 0 0 40 150 68 80 200
7 1 0 0 40 200 93 114 220
8 4 0 0 114 0 76 191 42
9 4 0 0 114 42 76 191 84
10 4 0 0 114 84 76 191 126
11 4 0 0 114 126 76 191 168
12 4 0 0 114 168 76 191 210
13 9 0 0 191 0 50 231 68
14 6 0 0 191 68 63 222 123
15 0 0 0 191 123 79 227 144
16 0 0 0 191 144 79 227 165
17 0 0 0 191 165 79 227 186
18 1 0 76 114 0 169 188 20
19 1 0 169 114 0 262 188 20
20 7 0 76 114 20 144 176 46
21 3 0 76 114 46 139 179 89
22 3 0 76 114 89 139 179 132
23 3 0 76 114 132 139 179 175
24 3 0 76 114 175 139 179 218
25 8 0 79 188 0 199 231 23
26 8 0 79 179 23 199 202 66
27 8 0 79 202 23 199 225 66
28 2 0 93 40 0 165 97 97
29 2 0 93 40 97 190 112 154
30 18 1 0 191 186 79 227 207
31 13 1 79 179 66 156 221 142
32 13 1 79 179 142 156 221 218
33 18 1 93 40 154 172 61 190
34 18 1 93 61 154 172 82 190
35 19 1 93 40 190 186 114 210
36 17 1 108 0 0 228 23 43
37 17 1 108 0 43 228 23 86
38 17 1 108 0 86 228 23 129
39 17 1 108 0 129 228 23 172
40 17 1 108 0 172 228 23 215
41 10 1 144 114 20 194 154 88
42 12 1 139 114 88 182 179 151
43 12 1 139 114 151 182 179 214
44 12 1 156 179 66 219 222 131
45 15 1 156 179 131 219 210 186
46 11 1 190 23 0 247 95 97
47 11 1 190 23 97 287 95 154
48 13 1 194 95 20 270 137 97
49 13 1 194 137 20 270 179 97
50 13 1 194 95 97 270 137 174
51 13 1 194 137 97 270 179 174
52 16 1 182 114 174 250 176 200
53 11 1 186 23 154 283 95 211
54 10 1 219 188 0 287 228 50
55 10 1 219 179 50 259 229 118
56 10 1 219 179 118 287 229 158
57 10 1 219 179 158 287 229 198
58 16 1 270 95 0 332 163 26
59 16 1 332 95 0 394 163 26
60 14 1 270 95 26 378 135 97
61 10 1 270 95 97 310 163 147
62 28 2 182 114 200 256 207 220
63 26 2 228 0 0 348 23 43
64 26 2 228 0 43 348 23 86
65 27 2 228 0 86 307 21 122
66 27 2 228 0 122 307 21 158
67 27 2 228 0 158 307 21 194
68 27 2 256 95 174 277 174 210
69 29 2 277 95 147 327 135 215
70 29 2 277 135 147 327 175 215
71 25 2 287 23 0 349 91 26
72 25 2 287 23 26 349 91 52
73 25 2 287 23 52 349 91 78
74 25 2 287 23 78 349 91 104
75 20 2 287 175 0 359 232 97
76 20 2 359 175 0 431 232 97
77 20 2 431 175 0 503 232 97
78 20 2 503 175 0 575 232 97
79 28 2 287 21 104 380 95 124
80 28 2 287 21 124 380 95 144
81 24 2 287 175 97 350 230 128
82 24 2 287 175 128 350 230 159
83 24 2 287 175 159 350 230 190
84 21 2 287 21 144 350 86 187
85 24 2 283 21 187 346 76 218
86 29 2 327 135 26 395 175 76
87 23 2 327 135 76 435 175 147
88 22 2 350 0 144 392 77 220
89 22 2 350 175 97 427 217 173
90 21 2 427 175 97 492 218 160
91 21 2 392 0 0 455 43 65
92 21 2 392 43 0 455 86 65
93 23 2 392 0 65 432 108 136
94 23 2 392 0 136 432 108 207
95 20 2 327 108 147 424 165 219
96 22 2 432 86 0 508 128 77
97 37 3 287 175 190 366 211 211
98 35 3 366 165 173 429 220 204
99 32 3 432 0 65 474 76 142
100 32 3 432 0 142 474 76 219
101 35 3 432 76 77 495 131 108
102 31 3 432 76 108 504 133 205
103 38 3 429 133 160 503 226 180
104 38 3 429 133 180 503 226 200
105 30 3 474 0 0 539 63 43
106 32 3 474 0 43 516 76 120
107 34 3 474 0 120 514 68 170
108 34 3 474 0 170 514 68 220
109 31 3 503 133 97 575 230 154
110 31 3 503 133 154 575 230 211
111 30 3 516 0 43 559 63 108
112 36 3 516 0 108 584 62 134
113 34 3 514 0 134 554 68 184
114 35 3 508 76 0 571 131 31
115 31 3 508 76 31 580 133 128
116 30 3 504 68 128 547 131 193
117 36 3 504 68 193 572 130 219
118 36 3 514 0 184 582 62 210
