Utilizacion 75.215114 VolCajasEmpacado 75.600124 Duracion[s] 60.021000 Iteraciones 2623
0 2 0 0 0 0 82 77 67
1 2 0 0 0 67 82 77 134
2 2 0 0 0 134 82 77 201
3 7 0 0 77 0 36 141 36
4 7 0 0 141 0 36 205 36
5 3 0 0 77 36 59 185 96
6 3 0 0 77 96 59 185 156
7 3 0 0 77 156 59 185 216
8 7 0 0 185 36 64 221 72
9 7 0 0 185 72 64 221 108
10 5 0 0 185 108 104 229 180
11 6 0 0 185 180 116 226 220
12 0 0 59 77 0 115 166 24
13 0 0 115 77 0 171 166 24
14 8 0 59 77 24 115 157 122
15 8 0 115 77 24 171 157 122
16 8 0 59 77 122 115 157 220
17 8 0 115 77 122 171 157 220
18 4 0 82 0 0 177 57 80
19 1 0 171 57 0 283 144 23
20 1 0 171 144 0 283 231 23
21 1 0 171 57 23 283 144 46
22 1 0 171 144 23 283 231 46
23 14 1 82 0 80 118 46 147
24 14 1 82 0 147 118 46 214
25 13 1 116 157 46 232 198 86
26 13 1 116 157 86 232 198 126
27 12 1 116 157 126 214 213 206
28 9 1 118 0 80 222 72 124
29 11 1 118 0 124 198 57 219
30 12 1 171 72 46 269 152 102
31 12 1 171 72 102 269 152 158
32 12 1 171 72 158 269 152 214
33 15 1 214 152 126 250 188 190
34 11 1 222 0 0 302 57 95
35 10 1 222 0 95 282 59 203
36 16 1 283 57 0 372 113 24
37 16 1 283 113 0 372 169 24
38 16 1 283 169 0 372 225 24
39 17 1 283 57 24 395 144 47
40 17 1 283 144 24 395 231 47
41 17 1 269 59 47 381 146 70
42 27 2 232 188 47 348 229 87
43 27 2 232 188 87 348 229 127
44 27 2 232 188 127 348 229 167
45 27 2 232 188 167 348 229 207
46 24 2 282 0 95 318 36 159
47 23 2 282 0 159 318 67 205
48 26 2 269 67 70 356 179 93
49 18 2 269 67 93 351 144 160
50 22 2 269 144 93 373 188 165
51 19 2 269 67 160 377 127 219
52 25 2 269 127 165 358 183 189
53 25 2 269 127 189 358 183 213
54 25 2 318 0 0 407 56 24
55 25 2 318 0 24 407 56 48
56 25 2 318 0 48 407 56 72
57 25 2 318 0 72 407 56 96
58 19 2 318 0 96 426 60 155
59 19 2 318 0 155 426 60 214
60 21 2 395 60 0 493 116 80
61 21 2 395 116 0 493 172 80
62 21 2 395 172 0 493 228 80
63 26 2 373 127 80 485 214 103
64 26 2 373 127 103 485 214 126
65 26 2 373 127 126 485 214 149
66 20 2 373 127 149 468 207 206
67 20 2 377 60 80 457 117 175
68 20 2 426 0 0 506 57 95
69 35 3 377 60 175 413 124 211
70 35 3 413 60 175 449 124 211
71 30 3 426 0 95 486 59 203
72 34 3 457 59 80 493 126 126
73 35 3 457 59 126 493 123 162
74 35 3 457 59 162 493 123 198
75 31 3 493 57 0 573 114 95
76 33 3 493 114 0 533 230 41
77 33 3 533 114 0 573 230 41
78 33 3 493 114 41 533 230 82
79 33 3 533 114 41 573 230 82
80 28 3 485 126 82 583 206 138
81 28 3 485 126 138 583 206 194
82 36 3 468 123 194 524 212 218
83 36 3 524 123 194 580 212 218
84 29 3 493 0 95 575 77 162
85 36 3 486 0 162 575 56 186
86 37 3 493 0 186 580 112 209
