Utilizacion 64.666240 VolCajasEmpacado 65.676807 Duracion[s] 60.043000 Iteraciones 2363
0 2 0 0 0 0 53 68 63
1 4 0 0 0 63 34 75 119
2 4 0 0 0 119 34 75 175
3 1 0 0 0 175 31 31 217
4 0 0 0 31 175 31 93 209
5 0 0 34 0 63 68 62 94
6 3 0 0 93 0 72 157 31
7 8 1 0 93 31 53 161 94
8 5 1 0 93 94 21 148 124
9 6 1 0 93 124 32 157 152
10 7 1 68 0 0 162 90 44
11 11 2 0 93 152 41 183 186
12 11 2 0 93 186 41 183 220
13 10 2 0 183 0 79 215 55
14 12 2 34 0 94 97 53 162
15 9 2 0 183 55 64 215 83
16 16 3 34 0 162 109 34 218
17 13 3 0 183 83 31 225 114
18 19 3 34 34 162 89 64 183
19 19 3 34 34 183 89 64 204
20 18 3 31 183 83 95 211 115
21 15 3 72 90 0 166 180 44
22 17 3 89 53 44 153 125 75
23 14 3 89 53 75 152 121 128
24 20 4 89 53 128 151 87 159
25 21 4 0 183 115 90 224 149
26 23 5 0 183 149 90 224 183
27 23 5 0 183 183 90 224 217
28 22 5 53 125 44 117 153 76
29 24 5 53 121 76 128 155 132
30 27 6 41 87 132 75 177 173
31 27 6 41 87 173 75 177 214
32 28 6 75 64 159 106 95 201
33 29 6 75 95 132 139 167 163
34 25 6 75 95 163 137 126 197
35 26 6 162 0 0 256 90 44
36 30 7 75 95 197 130 125 218
37 31 7 75 126 163 139 158 191
38 33 7 109 0 44 172 53 112
39 32 7 153 53 44 243 147 88
40 32 7 153 53 88 243 147 132
41 34 8 139 87 132 170 149 166
42 38 9 75 126 191 130 156 212
43 37 9 95 180 0 126 211 42
44 36 9 109 0 112 171 31 146
45 35 9 109 0 146 184 34 202
46 40 10 106 34 159 137 76 190
47 41 10 126 180 0 201 214 56
48 39 10 95 167 56 159 199 84
49 42 11 151 34 132 182 76 163
50 43 11 95 167 84 185 208 118
51 44 12 89 34 190 144 55 220
52 46 12 139 55 166 195 130 200
53 45 12 90 167 118 162 231 149
54 45 12 90 167 149 162 231 180
55 47 12 243 90 0 337 180 44
56 49 13 90 158 180 180 199 214
57 48 13 90 199 180 152 233 211
58 49 13 180 130 132 270 164 173
59 53 14 180 130 173 242 164 204
60 50 14 144 34 163 199 55 193
61 51 14 184 0 44 248 32 72
62 55 14 195 55 132 258 123 185
63 53 14 195 55 185 257 86 219
64 52 14 184 0 72 215 31 114
65 55 14 201 180 0 269 233 63
66 54 14 258 0 0 352 90 44
67 60 15 184 0 114 246 34 145
68 61 15 184 0 145 226 31 176
69 61 15 184 0 176 215 31 218
70 58 15 195 86 185 285 127 219
71 56 15 185 164 63 253 217 126
72 59 15 162 199 126 241 231 181
73 58 15 180 164 126 270 198 167
74 57 15 270 127 44 360 221 88
75 63 16 152 199 181 216 231 209
76 62 16 215 0 176 236 55 206
77 64 16 242 127 173 284 158 204
78 63 16 180 164 167 244 192 199
79 66 16 253 198 88 343 232 129
80 65 16 241 198 129 320 230 184
81 67 16 258 0 44 321 68 97
82 68 17 180 164 199 235 194 220
83 69 17 216 194 184 278 228 215
84 70 17 246 0 97 325 55 129
85 71 17 246 0 129 336 41 163
86 72 18 236 0 163 315 55 195
87 74 18 270 158 88 360 192 129
88 73 18 284 127 129 337 190 197
89 75 18 352 0 0 446 90 44
90 76 19 236 0 195 266 55 216
91 77 19 278 190 184 309 232 215
92 78 19 315 0 163 347 79 218
93 79 19 285 79 44 375 120 78
94 80 20 285 79 78 375 120 112
95 81 20 285 79 112 360 113 168
96 82 20 347 0 44 400 68 107
97 82 20 347 0 107 400 68 170
98 87 21 284 127 197 339 157 218
99 86 21 347 0 170 409 31 204
100 86 21 347 31 170 409 62 204
101 86 21 285 79 168 347 113 199
102 86 21 320 190 129 382 224 160
103 85 21 320 190 160 395 224 216
104 84 21 360 120 0 423 188 53
105 83 21 360 120 53 432 184 84
106 85 21 360 120 84 435 154 140
107 88 22 339 113 140 403 141 172
108 90 23 339 113 172 429 147 213
109 89 23 360 154 84 422 188 115
110 89 23 360 154 115 422 185 149
111 91 24 337 157 149 401 189 177
112 92 24 339 147 177 429 188 211
113 92 24 375 68 44 465 109 78
114 92 24 375 68 78 465 102 119
115 93 24 409 0 44 472 53 112
116 94 25 285 79 199 340 109 220
117 96 25 360 68 119 424 100 147
118 95 25 360 68 147 391 110 178
119 97 26 347 62 178 411 94 206
120 98 26 409 0 112 488 32 167
121 99 26 395 189 0 485 230 34
122 100 26 409 0 167 484 56 201
123 105 27 395 189 34 485 223 75
124 103 27 395 189 75 457 223 106
125 101 27 411 56 147 432 111 177
126 102 27 432 56 119 464 120 147
127 106 27 432 56 147 485 119 215
128 104 27 435 120 0 507 184 31
129 107 28 395 189 106 474 221 161
130 107 28 395 189 161 474 221 216
131 110 28 432 154 31 496 182 63
132 109 28 432 154 63 522 188 104
133 108 28 435 120 104 498 188 157
134 108 28 429 119 157 497 182 210
135 112 29 485 32 0 575 66 41
136 111 29 485 32 41 516 63 83
137 111 29 516 32 41 547 63 83
138 113 30 485 66 0 547 100 31
139 114 30 485 32 83 564 64 138
140 115 30 485 188 0 560 222 56
141 115 30 485 188 56 560 222 112
142 113 30 474 188 112 536 222 143
143 117 31 474 188 143 549 222 199
144 116 31 474 182 199 529 212 220
145 117 31 485 66 31 560 100 87
146 118 31 488 0 138 582 90 182
147 121 32 484 0 182 546 31 216
148 120 32 485 31 182 560 87 216
149 119 32 507 100 0 586 132 55
150 122 33 498 100 55 573 134 111
151 122 33 498 100 111 573 134 167
152 127 34 497 90 167 587 131 201
153 123 34 498 134 104 529 176 135
154 124 34 498 134 135 560 165 169
155 127 34 497 131 169 587 172 203
