Utilizacion 88.792723 VolCajasEmpacado 89.164445 Duracion[s] 60.059000 Iteraciones 1259
0 9 0 0 0 0 93 106 70
1 9 0 93 0 0 186 106 70
2 9 0 186 0 0 279 106 70
3 9 0 279 0 0 372 106 70
4 9 0 372 0 0 465 106 70
5 9 0 465 0 0 558 106 70
6 9 0 0 0 70 93 106 140
7 9 0 93 0 70 186 106 140
8 9 0 186 0 70 279 106 140
9 9 0 279 0 70 372 106 140
10 9 0 372 0 70 465 106 140
11 9 0 465 0 70 558 106 140
12 9 0 0 0 140 93 106 210
13 9 0 93 0 140 186 106 210
14 9 0 186 0 140 279 106 210
15 9 0 279 0 140 372 106 210
16 9 0 372 0 140 465 106 210
17 9 0 465 0 140 558 106 210
18 7 0 0 106 0 50 184 89
19 7 0 50 106 0 100 184 89
20 7 0 100 106 0 150 184 89
21 7 0 150 106 0 200 184 89
22 7 0 200 106 0 250 184 89
23 7 0 250 106 0 300 184 89
24 7 0 300 106 0 350 184 89
25 7 0 350 106 0 400 184 89
26 7 0 400 106 0 450 184 89
27 8 0 0 106 89 71 186 151
28 8 0 71 106 89 142 186 151
29 8 0 142 106 89 213 186 151
30 8 0 213 106 89 284 186 151
31 8 0 284 106 89 355 186 151
32 8 0 355 106 89 426 186 151
33 8 0 0 106 151 71 186 213
34 8 0 71 106 151 142 186 213
35 8 0 142 106 151 213 186 213
36 8 0 213 106 151 284 186 213
37 8 0 284 106 151 355 186 213
38 8 0 355 106 151 426 186 213
39 5 0 0 186 0 66 228 59
40 0 0 426 106 89 449 180 128
41 0 0 426 106 128 449 180 167
42 0 0 426 106 167 449 180 206
43 5 0 0 186 59 66 228 118
44 2 0 0 186 118 72 217 149
45 2 0 0 186 149 72 217 180
46 2 0 0 186 180 72 217 211
47 5 0 72 186 0 131 228 66
48 5 0 72 186 66 138 228 125
49 5 0 72 186 125 131 228 191
50 1 0 72 186 191 132 222 217
51 6 0 138 186 0 203 232 73
52 6 0 203 186 0 268 232 73
53 6 0 268 186 0 333 232 73
54 6 0 333 186 0 398 232 73
55 6 0 398 186 0 463 232 73
56 6 0 463 186 0 528 232 73
57 5 0 138 186 73 197 228 139
58 5 0 138 186 139 197 228 205
59 4 0 197 186 73 291 225 139
60 4 0 291 186 73 385 225 139
61 4 0 197 186 139 291 225 205
62 4 0 291 186 139 385 225 205
63 0 0 385 186 73 459 209 112
64 0 0 385 186 112 459 209 151
65 1 0 385 186 151 445 212 187
66 2 0 385 186 187 457 217 218
67 3 0 450 106 0 513 169 31
68 3 0 450 106 31 513 169 62
69 3 0 450 106 62 513 169 93
70 3 0 450 106 93 513 169 124
71 3 0 450 106 124 513 169 155
72 3 0 450 106 155 513 169 186
73 3 0 450 106 186 513 169 217
74 1 0 459 169 73 495 229 99
75 1 0 495 169 73 531 229 99
76 1 0 459 169 99 495 229 125
77 1 0 495 169 99 531 229 125
78 5 0 459 169 125 525 228 167
79 5 0 459 169 167 525 228 209
80 5 0 513 106 0 555 165 66
81 5 0 513 106 66 555 165 132
82 8 0 513 106 132 584 168 212
83 6 0 531 168 0 577 233 73
84 6 0 531 168 73 577 233 146
85 6 0 525 168 146 571 233 219
86 1 0 558 0 0 584 60 36
