Utilizacion 86.105248 VolCajasEmpacado 87.506185 Duracion[s] 60.018000 Iteraciones 986
0 0 0 0 0 0 92 62 34
1 0 0 0 62 0 92 124 34
2 0 0 0 124 0 92 186 34
3 0 0 0 0 34 92 62 68
4 0 0 0 62 34 92 124 68
5 0 0 0 124 34 92 186 68
6 0 0 0 0 68 92 62 102
7 0 0 0 62 68 92 124 102
8 0 0 0 124 68 92 186 102
9 0 0 0 0 102 92 62 136
10 0 0 0 62 102 92 124 136
11 0 0 0 124 102 92 186 136
12 0 0 0 0 136 92 62 170
13 0 0 0 62 136 92 124 170
14 0 0 0 124 136 92 186 170
15 0 0 0 0 170 92 62 204
16 0 0 0 62 170 92 124 204
17 0 0 0 124 170 92 186 204
18 2 0 0 186 0 114 233 42
19 2 0 0 186 42 114 233 84
20 2 0 0 186 84 114 233 126
21 2 0 0 186 126 114 233 168
22 2 0 0 186 168 114 233 210
23 5 0 92 0 0 147 120 46
24 5 0 147 0 0 202 120 46
25 5 0 202 0 0 257 120 46
26 5 0 257 0 0 312 120 46
27 5 0 312 0 0 367 120 46
28 5 0 367 0 0 422 120 46
29 5 0 422 0 0 477 120 46
30 5 0 477 0 0 532 120 46
31 5 0 532 0 0 587 120 46
32 4 0 92 0 46 164 66 89
33 4 0 164 0 46 236 66 89
34 4 0 92 66 46 164 132 89
35 4 0 164 66 46 236 132 89
36 4 0 92 0 89 164 66 132
37 4 0 164 0 89 236 66 132
38 4 0 92 66 89 164 132 132
39 4 0 164 66 89 236 132 132
40 4 0 92 0 132 164 66 175
41 4 0 164 0 132 236 66 175
42 4 0 92 66 132 164 132 175
43 4 0 164 66 132 236 132 175
44 4 0 92 0 175 164 66 218
45 4 0 164 0 175 236 66 218
46 4 0 92 66 175 164 132 218
47 4 0 164 66 175 236 132 218
48 6 0 92 132 0 176 186 49
49 6 0 92 132 49 176 186 98
50 6 0 92 132 98 176 186 147
51 6 0 92 132 147 176 186 196
52 3 0 114 186 0 203 228 70
53 3 0 114 186 70 203 228 140
54 3 0 114 186 140 203 228 210
55 7 0 176 132 0 239 181 70
56 7 0 176 132 70 239 181 140
57 7 0 176 132 140 239 181 210
58 5 0 203 181 0 323 227 55
59 5 0 203 181 55 323 227 110
60 5 0 203 181 110 323 227 165
61 5 0 203 181 165 323 227 220
62 1 0 236 0 46 275 80 94
63 1 0 275 0 46 314 80 94
64 1 0 314 0 46 353 80 94
65 1 0 353 0 46 392 80 94
66 1 0 392 0 46 431 80 94
67 1 0 431 0 46 470 80 94
68 1 0 470 0 46 509 80 94
69 1 0 509 0 46 548 80 94
70 1 0 548 0 46 587 80 94
71 7 0 236 80 46 306 129 109
72 7 0 306 80 46 376 129 109
73 7 0 376 80 46 446 129 109
74 7 0 446 80 46 516 129 109
75 7 0 516 80 46 586 129 109
76 2 0 236 0 94 350 47 136
77 2 0 350 0 94 464 47 136
78 2 0 464 0 94 578 47 136
79 2 0 236 0 136 350 47 178
80 2 0 350 0 136 464 47 178
81 2 0 464 0 136 578 47 178
82 3 0 236 0 178 325 70 220
83 3 0 325 0 178 414 70 220
84 3 0 414 0 178 503 70 220
85 7 0 236 70 109 306 119 172
86 7 0 306 70 109 376 119 172
87 7 0 376 70 109 446 119 172
88 7 0 446 70 109 516 119 172
89 7 0 516 70 109 586 119 172
90 0 0 236 70 172 328 132 206
91 6 0 239 132 0 323 181 54
92 6 0 239 132 54 323 181 108
93 6 0 239 132 108 323 181 162
94 6 0 239 132 162 323 181 216
95 3 0 323 132 0 393 221 42
96 3 0 393 132 0 463 221 42
97 3 0 463 132 0 533 221 42
98 7 0 323 132 42 393 181 105
99 7 0 323 181 42 393 230 105
100 7 0 323 132 105 393 181 168
101 7 0 323 181 105 393 230 168
102 0 0 323 132 168 415 194 202
103 1 0 323 194 168 403 233 216
104 0 0 328 70 172 420 132 206
105 0 0 420 70 172 512 132 206
106 1 0 403 194 42 483 233 90
107 1 0 483 194 42 563 233 90
108 1 0 403 194 90 483 233 138
109 1 0 483 194 90 563 233 138
110 1 0 403 194 138 483 233 186
111 1 0 483 194 138 563 233 186
112 6 0 415 132 42 464 186 126
113 6 0 464 132 42 513 186 126
114 6 0 415 132 126 464 186 210
115 6 0 464 132 126 513 186 210
116 4 0 512 47 172 584 113 215
117 7 0 533 129 0 582 192 70
118 6 0 513 129 70 567 178 154
119 7 0 513 119 154 583 168 217
