Utilizacion 75.731884 VolCajasEmpacado 76.506195 Duracion[s] 60.008000 Iteraciones 5349
0 5 0 0 0 0 90 66 110
1 5 0 0 0 110 90 66 220
2 3 0 0 66 0 82 184 57
3 6 0 0 66 57 81 107 88
4 6 0 0 66 88 81 107 119
5 4 0 0 66 119 63 147 206
6 0 0 0 147 57 91 180 109
7 0 0 0 147 109 91 180 161
8 0 0 0 147 161 91 180 213
9 1 0 0 184 0 108 221 67
10 2 0 0 180 67 114 232 112
11 10 1 0 180 112 114 232 157
12 12 1 0 180 157 91 232 190
13 13 1 63 66 119 94 147 160
14 13 1 63 66 160 94 147 201
15 8 1 90 0 0 171 63 87
16 8 1 90 0 87 171 63 174
17 12 1 90 0 174 181 52 207
18 12 1 91 147 0 182 180 52
19 7 1 94 63 0 212 145 57
20 11 1 94 63 57 161 171 94
21 11 1 94 63 94 161 171 131
22 9 1 94 63 131 173 176 176
23 7 1 173 52 57 230 170 139
24 14 2 91 147 176 172 178 217
25 14 2 94 52 176 125 133 217
26 15 2 114 180 0 205 232 33
27 17 2 173 52 139 218 165 218
28 16 2 114 180 33 222 217 100
29 19 2 173 170 100 260 233 181
30 18 2 230 0 0 348 82 57
31 18 2 230 82 0 348 164 57
32 19 2 230 0 57 311 63 144
33 21 3 172 165 181 263 217 214
34 20 3 218 0 144 259 81 175
35 20 3 218 0 175 259 81 206
36 22 3 230 81 57 348 163 114
37 22 3 230 81 114 348 163 171
38 26 4 218 81 171 332 133 216
39 24 4 259 0 144 346 81 207
40 23 4 263 164 0 373 230 90
41 25 4 263 163 90 371 230 127
42 25 4 263 163 127 371 230 164
43 23 4 348 0 0 438 66 110
44 27 5 263 163 164 354 196 216
45 30 5 346 0 110 409 81 197
46 31 5 348 81 0 438 147 110
47 31 5 348 81 110 438 147 220
48 30 5 373 147 0 460 228 63
49 29 5 373 147 63 491 204 145
50 28 5 371 147 145 479 214 182
51 37 6 354 147 182 435 188 213
52 37 6 354 188 182 435 229 213
53 37 6 409 0 110 440 81 151
54 32 6 438 81 0 528 147 110
55 32 6 438 81 110 528 147 220
56 36 6 440 0 0 548 37 67
57 33 6 440 0 67 521 63 154
58 38 6 409 0 154 522 79 199
59 34 6 528 37 0 585 155 82
60 34 6 528 0 82 585 118 164
61 35 6 528 0 164 573 114 216
62 41 7 491 155 0 581 221 110
63 40 7 491 147 110 578 210 191
