Utilizacion 83.864848 VolCajasEmpacado 85.202375 Duracion[s] 60.014000 Iteraciones 4051
0 1 0 0 0 0 78 69 37
1 1 0 0 69 0 78 138 37
2 1 0 0 138 0 78 207 37
3 1 0 0 0 37 78 69 74
4 1 0 0 69 37 78 138 74
5 1 0 0 138 37 78 207 74
6 2 0 0 0 74 47 119 145
7 2 0 47 0 74 94 119 145
8 2 0 0 0 145 47 119 216
9 2 0 47 0 145 94 119 216
10 3 0 0 119 74 100 176 156
11 3 0 0 176 74 100 233 156
12 3 0 0 119 156 100 201 213
13 4 0 94 0 0 152 115 90
14 4 0 152 0 0 210 115 90
15 4 0 210 0 0 268 115 90
16 4 0 268 0 0 326 115 90
17 4 0 94 0 90 152 115 180
18 4 0 152 0 90 210 115 180
19 4 0 210 0 90 268 115 180
20 4 0 268 0 90 326 115 180
21 0 0 94 0 180 162 53 200
22 0 0 94 53 180 162 106 200
23 0 0 94 0 200 162 53 220
24 0 0 94 53 200 162 106 220
25 0 0 162 0 180 230 53 200
26 0 0 230 0 180 298 53 200
27 0 0 162 0 200 230 53 220
28 0 0 230 0 200 298 53 220
29 2 0 100 115 0 219 186 47
30 2 0 100 115 47 219 186 94
31 2 0 100 115 94 219 186 141
32 2 0 100 115 141 219 186 188
33 2 0 100 186 0 219 233 71
34 2 0 100 186 71 219 233 142
35 2 0 100 186 142 219 233 213
36 0 0 100 106 188 153 174 208
37 1 0 219 115 0 297 184 37
38 1 0 219 53 180 297 122 217
39 3 0 219 122 37 319 179 119
40 3 0 219 122 119 319 179 201
41 2 0 219 184 0 338 231 71
42 2 0 219 179 71 338 226 142
43 2 0 219 179 142 338 226 213
44 3 0 319 115 0 401 172 100
45 3 0 319 115 100 401 172 200
46 3 0 326 0 0 383 100 82
47 5 1 298 0 180 351 68 200
48 5 1 298 0 200 351 68 220
49 6 1 326 68 82 404 105 151
50 6 1 326 68 151 404 105 220
51 5 1 319 105 200 372 173 220
52 8 1 338 173 0 420 230 100
53 8 1 420 173 0 502 230 100
54 8 1 502 173 0 584 230 100
55 8 1 338 173 100 420 230 200
56 8 1 420 173 100 502 230 200
57 8 1 502 173 100 584 230 200
58 5 1 338 173 200 406 226 220
59 5 1 372 105 200 425 173 220
60 5 1 351 0 82 404 68 102
61 5 1 351 0 102 404 68 122
62 8 1 351 0 122 451 57 204
63 7 1 404 57 0 523 104 71
64 7 1 404 57 71 523 104 142
65 7 1 404 57 142 523 104 213
66 8 1 425 104 0 525 161 82
67 8 1 425 104 82 525 161 164
68 6 1 425 104 164 503 173 201
69 7 1 451 0 0 570 47 71
70 7 1 451 0 71 570 47 142
71 7 1 451 0 142 570 47 213
72 9 1 525 47 0 583 137 115
73 9 1 525 47 115 583 162 205
