Utilizacion 77.241859 VolCajasEmpacado 79.176560 Duracion[s] 60.011000 Iteraciones 1439
0 5 0 0 0 0 95 87 66
1 5 0 0 87 0 95 174 66
2 6 0 0 0 66 67 50 135
3 6 0 0 0 135 67 50 204
4 5 0 0 50 66 87 145 132
5 5 0 0 50 132 87 145 198
6 7 0 0 145 66 89 201 113
7 7 0 0 145 113 89 201 160
8 7 0 0 145 160 89 201 207
9 11 0 67 0 66 118 39 128
10 11 0 67 0 128 118 39 190
11 16 0 0 201 0 84 231 54
12 16 0 0 201 54 84 231 108
13 0 0 67 0 190 133 37 217
14 0 0 0 201 108 66 228 145
15 0 0 0 201 145 66 228 182
16 16 0 84 201 0 168 231 54
17 2 0 95 39 0 177 119 71
18 2 0 95 119 0 177 199 71
19 4 0 87 39 71 154 125 164
20 1 0 87 39 164 178 145 188
21 1 0 87 39 188 178 145 212
22 10 0 89 145 71 131 232 123
23 9 0 89 145 123 168 230 169
24 17 0 89 145 169 182 219 215
25 12 0 133 0 0 249 36 53
26 13 0 133 0 53 207 35 101
27 9 0 207 0 53 286 46 138
28 5 0 178 46 0 265 141 66
29 3 0 178 46 66 268 144 133
30 3 0 178 46 133 268 144 200
31 15 0 182 144 0 258 233 30
32 8 0 182 144 30 294 228 76
33 8 0 182 144 76 294 228 122
34 8 0 182 144 122 294 228 168
35 8 0 182 144 168 294 228 214
36 14 0 268 46 0 344 123 31
37 14 0 268 46 31 345 122 62
38 3 0 268 46 62 366 136 129
39 19 1 178 0 138 271 46 212
40 35 1 271 0 138 298 66 175
41 35 1 271 0 175 298 66 212
42 31 1 268 66 129 303 108 182
43 31 1 303 66 129 338 108 182
44 31 1 338 66 129 373 108 182
45 29 1 268 66 182 384 119 218
46 34 1 294 119 129 378 149 183
47 31 1 294 149 0 347 184 42
48 31 1 294 184 0 347 219 42
49 26 1 294 149 42 374 231 113
50 26 1 294 149 113 374 231 184
51 33 1 294 119 184 383 195 214
52 19 1 298 0 0 391 46 74
53 19 1 298 0 74 391 46 148
54 22 1 298 0 148 367 50 215
55 27 1 367 0 148 406 51 210
56 28 1 374 195 0 474 233 56
57 28 1 474 195 0 574 233 56
58 30 1 374 195 56 448 230 104
59 29 1 374 195 104 490 231 157
60 34 1 374 195 157 458 225 211
61 32 1 383 119 0 460 195 31
62 24 1 383 119 31 469 186 124
63 24 1 383 119 124 469 186 217
64 23 1 384 51 0 479 117 87
65 23 1 479 51 0 574 117 87
66 23 1 384 51 87 479 117 174
67 23 1 479 51 87 574 117 174
68 18 1 384 51 174 471 103 216
69 22 1 406 0 0 473 50 69
70 22 1 406 0 69 473 50 138
71 22 1 406 0 138 473 50 207
72 22 1 469 117 0 519 186 67
73 22 1 519 117 0 569 186 67
74 19 1 469 117 67 562 191 113
75 20 1 471 50 174 583 134 220
76 21 1 469 134 113 516 190 202
77 21 1 516 134 113 563 190 202
78 21 1 473 0 0 529 47 89
79 20 1 473 0 89 585 46 173
80 34 1 490 191 56 574 221 110
