Utilizacion 70.505217 VolCajasEmpacado 71.236766 Duracion[s] 60.021000 Iteraciones 2157
0 1 0 0 0 0 74 90 35
1 1 0 0 90 0 74 180 35
2 1 0 0 0 35 74 90 70
3 1 0 0 90 35 74 180 70
4 3 0 0 180 0 40 230 41
5 5 0 0 0 70 59 80 122
6 3 0 0 180 41 40 230 82
7 4 0 0 0 122 105 68 164
8 4 0 0 0 164 105 68 206
9 2 0 0 80 70 53 175 108
10 6 0 0 68 122 75 92 159
11 0 0 0 92 108 79 165 134
12 0 0 0 92 134 79 165 160
13 12 1 0 68 160 59 148 212
14 10 1 0 175 82 41 225 122
15 10 1 0 175 122 41 225 162
16 7 1 0 148 160 75 172 197
17 7 1 0 172 162 75 209 186
18 7 1 0 172 186 75 209 210
19 11 1 75 165 0 180 207 68
20 9 1 79 68 0 153 158 35
21 9 1 79 68 35 153 158 70
22 8 1 79 68 70 152 147 96
23 8 1 79 68 96 152 147 122
24 8 1 79 68 122 152 147 148
25 8 1 79 68 148 152 147 174
26 15 2 59 68 174 164 136 216
27 17 2 0 209 162 75 233 199
28 18 2 75 165 68 115 206 118
29 18 2 75 165 118 115 206 168
30 18 2 75 165 168 115 206 218
31 17 2 75 207 0 150 231 37
32 17 2 75 207 37 150 231 74
33 13 2 105 0 0 165 60 87
34 14 2 105 0 87 185 59 139
35 16 2 164 60 0 237 139 26
36 16 2 164 60 26 237 139 52
37 19 3 75 206 74 150 230 111
38 19 3 75 206 111 150 230 148
39 19 3 75 206 148 150 230 185
40 22 3 105 0 139 146 50 179
41 19 3 105 0 179 180 24 216
42 19 3 105 24 179 180 61 203
43 22 3 115 158 68 165 198 109
44 24 3 115 147 109 174 199 189
45 20 3 115 136 189 188 215 215
46 20 3 164 61 52 243 134 78
47 21 3 164 61 78 254 135 113
48 24 3 164 61 113 244 120 165
49 24 3 164 61 165 244 120 217
50 23 3 185 0 0 290 42 68
51 25 3 185 0 68 245 60 155
52 25 3 245 0 68 305 60 155
53 25 3 180 0 155 267 60 215
54 29 4 188 139 0 229 179 50
55 29 4 188 139 50 229 179 100
56 29 4 188 139 100 229 179 150
57 29 4 188 139 150 229 179 200
58 27 4 188 179 0 247 231 80
59 26 4 267 0 155 342 37 179
60 26 4 267 37 155 342 74 179
61 26 4 267 0 179 342 37 203
62 26 4 267 37 179 342 74 203
63 27 4 188 179 80 247 231 160
64 30 4 188 179 160 283 232 198
65 28 4 237 135 0 342 177 68
66 28 4 237 135 68 342 177 136
67 28 4 237 135 136 342 177 204
68 27 4 254 74 0 334 133 52
69 31 4 342 0 0 416 90 35
70 32 4 342 0 35 421 73 61
71 34 5 254 74 52 314 134 139
72 39 5 244 74 139 285 124 179
73 39 5 285 74 139 326 124 179
74 39 5 244 74 179 284 124 220
75 36 5 342 0 61 447 42 129
76 36 5 342 42 61 447 84 129
77 36 5 342 0 129 447 42 197
78 36 5 342 42 129 447 84 197
79 35 5 283 177 0 363 229 59
80 37 5 283 177 59 378 230 97
81 37 5 283 177 97 378 230 135
82 34 5 342 90 0 402 177 60
83 38 5 342 84 60 416 174 95
84 33 5 342 84 95 421 157 121
85 33 5 342 84 121 415 163 147
86 33 5 342 84 147 415 163 173
87 44 6 284 84 179 324 134 220
88 44 6 326 84 173 366 134 214
89 43 6 283 177 135 378 215 188
90 40 6 283 177 188 358 214 212
91 42 6 366 84 173 440 174 208
92 46 6 378 177 0 437 229 80
93 46 6 378 177 80 437 229 160
94 43 6 378 174 160 473 212 213
95 46 6 440 84 0 492 164 59
96 47 6 440 84 59 500 171 119
97 47 6 440 84 119 500 171 179
98 41 6 440 84 179 519 157 205
99 41 6 447 0 0 526 73 26
100 43 6 447 0 26 542 38 79
101 43 6 447 38 26 542 76 79
102 45 6 447 0 79 552 42 147
103 45 6 447 0 147 552 42 215
104 45 6 447 42 79 552 84 147
105 43 6 447 42 147 542 80 200
106 47 6 473 171 0 560 231 60
107 51 7 473 171 60 568 209 113
108 51 7 473 171 113 568 209 166
109 51 7 473 171 166 568 209 219
110 53 7 473 209 60 548 233 97
111 53 7 473 209 97 548 233 134
112 49 7 519 84 0 579 171 60
113 49 7 519 84 60 579 171 120
114 49 7 519 84 120 579 171 180
