Utilizacion 74.373216 VolCajasEmpacado 75.612451 Duracion[s] 60.006000 Iteraciones 3562
0 1 0 0 0 0 77 74 37
1 1 0 77 0 0 154 74 37
2 1 0 0 74 0 77 148 37
3 1 0 77 74 0 154 148 37
4 1 0 0 148 0 77 222 37
5 1 0 77 148 0 154 222 37
6 3 0 0 0 37 86 79 106
7 3 0 0 79 37 86 158 106
8 4 0 0 0 106 46 31 159
9 4 0 0 0 159 46 31 212
10 2 0 0 31 106 55 150 160
11 0 0 0 158 37 96 209 74
12 1 0 0 31 160 74 108 197
13 8 1 0 158 74 86 227 153
14 5 1 0 108 160 46 139 213
15 6 1 0 150 153 74 227 190
16 5 1 46 0 106 99 31 152
17 5 1 46 0 152 99 31 198
18 8 1 86 31 37 155 110 123
19 8 1 86 31 123 155 110 209
20 7 1 96 110 37 150 229 92
21 7 1 96 110 92 150 229 147
22 6 1 86 110 147 160 187 184
23 13 2 74 110 184 120 163 215
24 9 2 86 187 147 182 224 198
25 10 2 155 0 0 241 79 69
26 10 2 155 0 69 241 79 138
27 10 2 155 0 138 241 79 207
28 11 2 160 79 0 279 133 55
29 11 2 160 133 0 279 187 55
30 12 2 160 79 55 237 153 92
31 12 2 160 79 92 237 153 129
32 12 2 160 79 129 237 153 166
33 11 2 160 79 166 279 134 220
34 14 3 120 134 184 166 187 215
35 14 3 166 134 166 212 165 219
36 14 3 182 165 55 235 196 101
37 14 3 182 165 101 235 196 147
38 14 3 182 165 147 235 196 193
39 15 3 182 196 0 278 233 51
40 15 3 182 196 51 278 233 102
41 15 3 182 196 102 278 233 153
42 15 3 182 196 153 278 233 204
43 14 3 212 134 166 258 165 219
44 18 3 241 0 0 327 79 69
45 18 3 241 0 69 327 79 138
46 18 3 241 0 138 327 79 207
47 17 3 279 79 0 333 198 55
48 16 3 279 79 55 356 153 92
49 21 4 235 165 55 281 196 108
50 21 4 235 165 108 281 196 161
51 19 4 279 79 92 398 133 147
52 19 4 279 79 147 398 133 202
53 22 4 281 133 92 377 170 143
54 22 4 281 133 143 377 170 194
55 22 4 281 170 55 377 221 92
56 22 4 281 170 92 377 221 129
57 22 4 281 170 129 377 221 166
58 22 4 281 170 166 377 221 203
59 20 4 327 0 0 404 74 37
60 20 4 327 0 37 404 74 74
61 20 4 327 0 74 404 74 111
62 20 4 327 0 111 404 74 148
63 20 4 327 0 148 404 74 185
64 20 4 377 133 0 451 210 37
65 20 4 377 133 37 451 210 74
66 23 5 327 0 185 373 53 216
67 27 5 377 133 74 456 202 160
68 24 5 377 133 160 428 229 197
69 24 5 428 133 160 479 229 197
70 26 5 398 74 0 517 129 54
71 26 5 398 74 54 517 129 108
72 26 5 398 74 108 517 129 162
73 26 5 398 74 162 517 129 216
74 26 5 404 0 0 523 55 54
75 24 5 404 0 54 500 51 91
76 25 5 404 0 91 481 74 128
77 25 5 404 0 128 481 74 165
78 28 6 404 0 165 500 37 216
79 28 6 404 37 165 500 74 216
80 31 6 479 129 0 558 215 69
81 29 6 479 129 69 553 206 106
82 29 6 479 129 106 553 206 143
83 29 6 479 129 143 553 206 180
84 29 6 479 129 180 553 206 217
85 30 6 523 0 0 578 119 54
86 30 6 523 0 54 578 119 108
87 29 6 500 0 108 577 74 145
88 29 6 500 0 145 577 74 182
89 35 7 500 0 182 577 74 219
90 36 7 517 74 108 548 127 154
91 36 7 517 74 154 548 127 200
92 36 7 548 74 108 579 127 154
93 36 7 548 74 154 579 127 200
