Utilizacion 78.772779 VolCajasEmpacado 80.928821 Duracion[s] 60.006000 Iteraciones 1891
0 0 0 0 0 0 55 31 46
1 0 0 0 31 0 55 62 46
2 0 0 0 62 0 55 93 46
3 0 0 0 93 0 55 124 46
4 0 0 0 124 0 55 155 46
5 0 0 0 155 0 55 186 46
6 0 0 0 186 0 55 217 46
7 2 0 0 0 46 57 75 104
8 2 0 0 0 104 57 75 162
9 2 0 0 0 162 57 75 220
10 3 0 0 75 46 104 174 120
11 3 0 0 75 120 104 174 194
12 4 0 0 174 46 37 204 103
13 4 0 0 174 103 37 204 160
14 4 0 0 174 160 37 204 217
15 4 0 37 174 46 67 211 103
16 4 0 37 174 103 67 211 160
17 3 0 57 0 0 161 74 99
18 2 0 57 0 99 114 75 157
19 1 0 57 0 157 136 74 192
20 1 0 104 75 0 178 154 35
21 1 0 104 154 0 178 233 35
22 1 0 104 75 35 178 154 70
23 1 0 104 154 35 178 233 70
24 1 0 104 75 70 178 154 105
25 1 0 104 154 70 178 233 105
26 6 1 37 174 160 68 220 215
27 8 1 68 174 105 143 231 163
28 6 1 68 174 163 114 205 218
29 6 1 104 75 105 159 121 136
30 6 1 104 121 105 159 167 136
31 6 1 104 75 136 159 121 167
32 6 1 104 121 136 159 167 167
33 5 1 104 74 167 161 104 204
34 5 1 104 104 167 161 134 204
35 5 1 104 134 167 161 164 204
36 5 1 114 167 163 151 197 220
37 5 1 114 197 163 151 227 220
38 5 1 151 167 105 181 224 142
39 9 1 161 0 0 265 74 99
40 9 1 161 0 99 265 74 198
41 7 1 178 74 0 252 153 35
42 7 1 178 74 35 257 148 70
43 7 1 178 74 70 257 148 105
44 7 1 178 74 105 257 148 140
45 7 1 178 74 140 257 148 175
46 7 1 178 74 175 257 148 210
47 7 1 181 153 0 255 232 35
48 12 2 151 167 142 209 224 217
49 14 2 209 148 35 246 205 65
50 12 2 209 148 65 266 206 140
51 12 2 209 148 140 266 206 215
52 11 2 257 74 0 356 148 104
53 11 2 257 74 104 356 148 208
54 14 2 265 0 0 322 37 30
55 14 2 265 37 0 322 74 30
56 14 2 265 0 30 322 37 60
57 14 2 265 37 30 322 74 60
58 13 2 265 0 60 311 55 91
59 13 2 265 0 91 311 55 122
60 13 2 265 0 122 311 55 153
61 13 2 265 0 153 311 55 184
62 13 2 265 0 184 311 55 215
63 10 2 266 148 0 340 227 35
64 10 2 266 148 35 340 227 70
65 10 2 266 148 70 340 227 105
66 10 2 266 148 105 340 227 140
67 10 2 266 148 140 340 227 175
68 11 2 322 0 0 426 74 99
69 15 3 266 148 175 303 205 205
70 15 3 303 148 175 340 205 205
71 18 3 311 0 99 386 58 156
72 18 3 311 0 156 386 58 213
73 16 3 340 148 0 386 203 31
74 16 3 340 148 31 386 203 62
75 16 3 340 148 62 386 203 93
76 16 3 340 148 93 386 203 124
77 16 3 340 148 124 386 203 155
78 16 3 340 148 155 386 203 186
79 16 3 340 148 186 386 203 217
80 15 3 340 203 0 397 233 37
81 15 3 340 203 37 397 233 74
82 15 3 340 203 74 397 233 111
83 15 3 340 203 111 397 233 148
84 19 3 356 74 0 460 148 99
85 19 3 356 74 99 460 148 198
86 17 3 386 0 99 465 74 134
87 17 3 386 0 134 465 74 169
88 17 3 386 0 169 465 74 204
89 18 3 397 148 0 454 223 58
90 18 3 454 148 0 511 223 58
91 18 3 511 148 0 568 223 58
92 18 3 397 148 58 454 223 116
93 18 3 454 148 58 511 223 116
94 18 3 511 148 58 568 223 116
95 19 3 397 148 116 496 222 220
96 19 3 460 74 0 559 148 104
97 19 3 460 74 104 559 148 208
98 17 3 496 148 116 570 227 151
99 23 4 496 148 151 571 206 208
100 24 4 465 0 0 569 74 99
101 24 4 465 0 99 569 74 198
