Utilizacion 65.916555 VolCajasEmpacado 66.855310 Duracion[s] 60.006000 Iteraciones 3661
0 2 0 0 0 0 62 64 99
1 3 0 0 0 99 66 51 174
2 0 0 0 0 174 111 45 207
3 5 0 0 64 0 53 178 35
4 1 0 0 178 0 105 205 22
5 4 0 0 64 35 51 119 69
6 6 1 0 178 22 59 223 79
7 11 2 0 64 69 62 163 133
8 9 2 0 51 133 53 165 168
9 9 2 0 51 168 53 165 203
10 7 2 0 165 79 102 211 111
11 10 2 0 165 111 48 226 183
12 8 2 62 51 0 95 162 45
13 13 3 0 165 183 51 220 217
14 16 3 51 165 111 113 229 210
15 15 3 62 51 45 105 161 82
16 14 3 62 51 82 115 165 117
17 12 3 62 51 117 95 162 162
18 20 4 53 51 162 98 162 195
19 18 4 111 0 0 221 43 37
20 19 4 111 0 37 225 35 90
21 17 4 115 0 90 177 64 189
22 17 4 177 0 90 239 64 189
23 21 5 98 64 117 132 119 168
24 22 6 98 64 168 159 136 216
25 24 6 113 165 0 203 223 74
26 23 6 113 165 74 209 215 147
27 28 7 113 136 147 212 198 211
28 26 7 159 64 0 220 112 72
29 25 7 159 64 72 216 123 117
30 25 7 159 64 117 216 123 162
31 27 7 212 123 0 262 219 73
32 29 8 113 198 147 215 230 193
33 30 8 159 64 162 220 136 210
34 32 9 220 64 0 334 117 35
35 31 9 220 64 35 322 96 81
36 33 9 220 64 81 330 101 124
37 31 9 220 64 124 322 96 170
38 36 10 220 64 170 322 96 216
39 34 10 212 136 73 260 197 145
40 34 10 212 136 145 260 197 217
41 38 10 215 197 73 270 231 124
42 38 10 215 197 124 270 231 175
43 36 10 262 101 35 364 133 81
44 37 10 220 101 81 331 134 126
45 35 10 260 96 126 359 160 188
46 39 11 239 0 0 341 46 32
47 41 12 239 0 32 349 43 69
48 42 12 239 0 69 298 57 114
49 40 12 239 0 114 350 45 147
50 43 13 111 0 189 216 22 216
51 45 13 239 0 147 349 43 184
52 44 13 239 0 184 294 51 218
53 47 13 270 160 0 345 211 66
54 46 13 270 160 66 327 219 111
55 48 14 113 198 193 218 225 215
56 49 15 270 160 111 315 219 168
57 50 16 270 160 168 345 226 219
58 51 17 345 160 0 444 224 62
59 54 18 334 46 0 430 96 73
60 55 18 330 45 73 396 96 148
61 52 18 322 43 148 436 96 183
62 53 18 322 43 183 432 86 220
63 56 19 220 96 188 325 123 210
64 58 19 345 160 62 455 197 105
65 59 19 345 160 105 393 232 166
66 57 19 345 160 166 400 194 217
67 58 19 350 0 0 460 43 37
68 60 20 345 194 166 400 228 217
69 61 20 364 96 0 463 160 62
70 62 21 364 96 62 438 154 152
71 63 22 350 0 37 460 37 80
72 65 23 359 96 152 434 147 218
73 64 23 400 154 105 450 227 201
74 66 24 294 0 184 399 22 211
75 67 24 399 0 80 509 43 117
76 69 25 399 0 117 450 34 172
77 68 25 399 0 172 501 32 218
78 70 25 436 43 0 495 88 57
79 74 26 436 43 57 511 94 123
80 73 26 436 34 123 509 84 219
81 72 26 438 94 62 472 149 113
82 71 26 450 94 113 482 196 159
83 75 27 450 84 159 477 189 181
84 76 27 482 94 0 540 168 90
85 78 28 434 96 181 485 151 215
86 77 28 450 197 0 561 230 45
87 79 29 450 197 45 564 232 98
88 80 29 455 196 98 565 233 141
89 81 29 485 94 90 557 142 151
90 81 29 485 94 151 557 142 212
91 82 30 450 196 141 560 233 184
92 83 30 511 0 0 573 64 99
93 86 31 482 151 90 537 185 141
94 84 31 482 151 141 584 183 187
95 85 31 450 183 184 561 228 217
96 89 31 511 0 99 573 64 198
