Utilizacion 79.128158 VolCajasEmpacado 80.490307 Duracion[s] 60.029000 Iteraciones 631
0 8 0 0 0 0 50 52 37
1 8 0 0 0 37 50 52 74
2 8 0 0 0 74 50 52 111
3 8 0 0 0 111 50 52 148
4 8 0 0 0 148 50 52 185
5 4 0 0 52 0 52 102 54
6 4 0 0 52 54 52 102 108
7 4 0 0 52 108 52 102 162
8 4 0 0 52 162 52 102 216
9 11 0 0 0 185 38 26 216
10 11 0 0 26 185 38 52 216
11 9 0 0 102 0 86 162 36
12 9 0 0 102 36 86 162 72
13 9 0 0 102 72 86 162 108
14 9 0 0 102 108 86 162 144
15 9 0 0 102 144 86 162 180
16 6 0 0 102 180 66 162 220
17 2 0 0 162 0 102 231 65
18 2 0 0 162 65 102 231 130
19 2 0 0 162 130 102 231 195
20 1 0 0 162 195 103 231 217
21 11 0 50 0 0 76 38 31
22 11 0 76 0 0 102 38 31
23 11 0 102 0 0 128 38 31
24 11 0 128 0 0 154 38 31
25 11 0 154 0 0 180 38 31
26 11 0 180 0 0 206 38 31
27 11 0 206 0 0 232 38 31
28 11 0 232 0 0 258 38 31
29 11 0 258 0 0 284 38 31
30 11 0 284 0 0 310 38 31
31 11 0 310 0 0 336 38 31
32 8 0 50 0 31 87 50 83
33 8 0 50 0 83 100 52 120
34 8 0 50 0 120 100 52 157
35 8 0 50 0 157 100 52 194
36 8 0 52 52 0 89 102 52
37 8 0 52 52 52 89 102 104
38 8 0 52 52 104 89 102 156
39 8 0 52 52 156 89 102 208
40 3 0 86 102 0 148 161 52
41 3 0 86 102 52 148 161 104
42 3 0 86 102 104 148 161 156
43 3 0 86 102 156 148 161 208
44 6 0 89 52 0 149 92 66
45 6 0 149 52 0 209 92 66
46 6 0 209 52 0 269 92 66
47 6 0 269 52 0 329 92 66
48 6 0 89 52 66 149 92 132
49 6 0 149 52 66 209 92 132
50 6 0 209 52 66 269 92 132
51 6 0 269 52 66 329 92 132
52 6 0 89 52 132 149 92 198
53 6 0 149 52 132 209 92 198
54 6 0 209 52 132 269 92 198
55 6 0 269 52 132 329 92 198
56 3 0 100 0 31 162 52 90
57 10 0 100 0 90 192 47 124
58 10 0 100 0 124 192 47 158
59 10 0 100 0 158 192 47 192
60 3 0 103 161 0 165 220 52
61 3 0 103 161 52 165 220 104
62 3 0 103 161 104 165 220 156
63 3 0 103 161 156 165 220 208
64 1 0 148 92 0 251 161 22
65 1 0 251 92 0 354 161 22
66 1 0 354 92 0 457 161 22
67 1 0 457 92 0 560 161 22
68 1 0 148 92 22 251 161 44
69 1 0 148 92 44 251 161 66
70 1 0 148 92 66 251 161 88
71 1 0 148 92 88 251 161 110
72 1 0 148 92 110 251 161 132
73 1 0 148 92 132 251 161 154
74 1 0 148 92 154 251 161 176
75 7 0 148 92 176 238 130 214
76 7 0 165 130 176 255 168 214
77 10 0 165 168 0 257 215 34
78 10 0 165 168 34 257 215 68
79 10 0 165 168 68 257 215 102
80 7 0 165 168 102 255 206 140
81 7 0 165 168 140 255 206 178
82 7 0 165 168 178 255 206 216
83 5 0 192 0 31 289 46 107
84 5 0 192 0 107 289 46 183
85 7 0 251 92 22 341 130 60
86 0 0 336 0 0 429 85 23
87 0 0 336 0 23 429 85 46
88 0 0 336 0 46 429 85 69
89 0 0 336 0 69 429 85 92
90 0 0 336 0 92 429 85 115
91 0 0 336 0 115 429 85 138
92 21 1 38 0 194 69 38 220
93 21 1 69 0 194 100 38 220
94 21 1 100 0 192 138 31 218
95 21 1 138 0 192 176 31 218
96 20 1 192 0 183 284 47 217
97 23 1 238 47 198 341 116 220
98 17 1 255 130 22 345 168 60
99 15 1 289 0 138 386 46 214
100 12 1 341 46 138 443 115 203
101 16 1 257 168 0 297 228 66
102 16 1 257 168 66 297 228 132
103 16 1 257 168 132 297 228 198
104 16 1 297 116 60 363 156 120
105 16 1 297 116 120 363 156 180
106 18 1 255 116 60 292 166 112
107 18 1 255 116 112 292 166 164
108 18 1 255 116 164 292 166 216
109 18 1 292 116 180 342 168 217
110 16 1 386 0 138 452 40 198
111 14 1 297 168 0 347 222 52
112 14 1 347 168 0 397 222 52
113 14 1 397 168 0 447 222 52
114 14 1 447 168 0 497 222 52
115 14 1 497 168 0 547 222 52
116 12 1 297 168 52 399 233 121
117 12 1 297 168 121 399 233 190
118 14 1 363 115 22 413 167 76
119 14 1 363 115 76 417 167 126
120 14 1 363 115 126 417 167 176
121 18 1 363 115 176 415 165 213
122 16 1 399 167 52 465 227 92
123 16 1 399 167 92 465 227 132
124 13 1 399 167 132 458 229 184
125 20 1 399 165 184 491 212 218
126 15 1 417 115 22 514 161 98
127 15 1 417 115 98 514 161 174
128 20 1 417 115 174 509 162 208
129 13 1 443 40 0 505 92 59
130 13 1 505 40 0 567 92 59
131 23 1 443 40 59 546 109 81
132 23 1 443 40 81 546 109 103
133 23 1 443 40 103 546 109 125
134 23 1 443 40 125 546 109 147
135 23 1 443 40 147 546 109 169
136 23 1 443 40 169 546 109 191
137 23 1 443 40 191 546 109 213
138 20 1 546 0 59 580 92 106
139 17 1 452 0 0 542 38 38
140 17 1 452 0 38 542 38 76
141 17 1 452 0 76 542 38 114
142 17 1 452 0 114 542 38 152
143 17 1 452 0 152 542 38 190
144 19 1 491 162 52 577 222 88
145 19 1 491 162 88 577 222 124
146 19 1 491 162 124 577 222 160
147 19 1 491 162 160 577 222 196
148 13 1 514 109 22 573 161 84
149 13 1 514 109 84 573 161 146
150 13 1 514 109 146 573 161 208
151 19 1 546 0 106 582 86 166
152 20 1 546 0 166 580 92 213
