Utilizacion 68.151705 VolCajasEmpacado 69.225033 Duracion[s] 60.005000 Iteraciones 5551
0 1 0 0 0 0 100 29 48
1 0 0 0 29 0 54 129 67
2 2 1 0 129 0 88 175 34
3 3 2 0 0 67 59 91 104
4 4 2 0 0 104 112 57 160
5 4 2 0 0 160 112 57 216
6 5 2 0 57 104 78 111 163
7 4 2 0 57 163 112 113 220
8 8 3 0 175 0 88 221 34
9 6 3 0 129 34 90 169 55
10 9 3 0 169 34 108 222 112
11 7 3 108 113 0 196 202 21
12 10 4 0 129 55 91 166 114
13 11 5 0 113 114 89 201 135
14 12 5 0 113 135 37 204 194
15 13 6 37 113 135 90 221 213
16 13 6 91 113 21 199 166 99
17 14 7 91 113 99 191 142 147
18 15 8 90 113 147 202 169 204
19 16 8 108 169 21 175 223 121
20 17 8 112 0 0 201 88 21
21 18 9 90 169 121 178 203 167
22 18 9 90 169 167 178 203 213
23 19 10 90 203 121 190 232 169
24 20 10 112 0 21 149 91 80
25 21 10 112 0 80 165 108 158
26 23 11 112 0 158 169 112 214
27 22 11 169 0 21 228 91 58
28 24 12 90 203 169 180 224 209
29 26 12 169 0 58 223 100 125
30 25 12 169 0 125 228 91 162
31 27 13 169 0 162 228 91 199
32 27 13 196 169 0 287 228 37
33 27 13 196 169 37 287 228 74
34 29 14 190 169 74 249 223 152
35 28 14 190 169 152 281 228 189
36 30 15 180 169 189 280 217 218
37 33 15 202 100 0 261 154 78
38 31 15 202 100 78 290 146 112
39 32 15 202 100 112 293 159 149
40 34 16 202 91 149 310 169 202
41 35 16 228 0 0 340 57 56
42 36 17 169 0 199 209 90 220
43 38 18 228 0 56 265 91 115
44 37 18 265 0 56 353 89 77
45 39 18 265 0 77 373 78 130
46 40 18 228 0 130 340 57 186
47 42 19 228 0 186 316 46 220
48 43 19 228 57 130 318 78 170
49 42 19 316 0 186 362 88 220
50 41 19 310 89 0 399 177 21
51 47 20 287 177 0 346 231 78
52 44 20 281 169 78 401 221 98
53 46 20 281 169 98 372 228 135
54 44 20 281 169 135 401 221 155
55 45 20 373 0 0 461 89 21
56 48 21 310 89 21 410 143 88
57 49 22 281 169 155 401 221 175
58 50 22 399 143 0 489 164 40
59 51 22 281 169 175 369 215 209
60 51 22 310 88 88 398 122 134
61 51 22 310 88 134 398 122 180
62 52 22 373 0 21 473 54 88
63 54 23 373 0 88 473 54 155
64 53 23 362 0 155 474 57 211
65 55 23 474 0 0 562 89 21
66 56 24 310 88 180 400 128 201
67 57 24 401 164 0 513 220 57
68 58 25 401 143 57 501 197 124
69 59 26 369 128 175 409 218 196
70 59 26 369 128 196 409 218 217
71 60 26 409 197 57 509 226 105
72 61 26 409 197 105 497 231 151
73 62 27 410 89 0 530 141 20
74 63 27 410 89 20 518 142 98
75 64 27 474 0 21 586 56 78
76 65 28 409 57 98 468 135 152
77 65 28 400 57 152 478 116 206
78 68 29 409 135 124 509 164 172
79 69 29 409 116 172 529 168 192
80 69 29 409 116 192 529 168 212
81 66 29 474 0 78 541 54 178
82 67 29 530 89 0 586 201 57
83 67 29 529 56 57 585 168 114
84 70 30 409 168 124 499 189 164
85 70 30 409 189 151 499 210 191
86 71 30 474 0 178 562 46 212
87 72 31 409 168 191 529 220 211
88 73 31 529 168 57 583 227 135
89 74 31 529 54 114 585 166 171
90 75 32 529 54 171 581 174 191
91 76 33 529 46 191 581 166 211
