Utilizacion 75.017893 VolCajasEmpacado 75.922579 Duracion[s] 60.008000 Iteraciones 1838
0 7 0 0 0 0 57 54 29
1 7 0 0 0 29 57 54 58
2 2 0 0 0 58 71 62 135
3 2 0 0 0 135 71 62 212
4 9 0 0 62 0 75 131 32
5 9 0 0 62 32 75 131 64
6 3 0 0 131 0 118 197 40
7 3 0 0 131 40 118 197 80
8 4 0 0 62 64 97 131 97
9 8 0 0 197 0 85 226 30
10 6 0 0 197 30 91 229 80
11 6 0 0 197 80 91 229 130
12 6 0 0 197 130 91 229 180
13 6 0 0 131 80 91 181 112
14 1 0 0 62 97 97 93 124
15 4 0 0 93 112 69 190 145
16 4 0 0 93 145 69 190 178
17 4 0 0 93 178 69 190 211
18 0 0 97 0 0 213 84 27
19 0 0 97 0 27 213 84 54
20 5 0 97 0 54 170 81 86
21 5 0 97 0 86 170 81 118
22 5 0 97 0 118 170 81 150
23 5 0 97 0 150 170 81 182
24 4 0 71 0 182 168 69 215
25 18 1 0 190 180 97 217 211
26 16 1 69 93 97 123 122 154
27 16 1 69 93 154 123 122 211
28 16 1 69 122 112 98 176 169
29 18 1 98 122 80 129 219 107
30 18 1 98 122 107 129 219 134
31 18 1 98 122 134 129 219 161
32 18 1 98 122 161 129 219 188
33 18 1 98 122 188 129 219 215
34 15 1 123 84 0 214 116 50
35 15 1 123 84 50 214 116 100
36 17 1 123 81 100 208 110 130
37 17 1 123 81 130 208 110 160
38 17 1 123 81 160 208 110 190
39 17 1 123 81 190 208 110 220
40 11 1 129 116 0 191 193 71
41 11 1 191 116 0 253 193 71
42 11 1 253 116 0 315 193 71
43 11 1 315 116 0 377 193 71
44 11 1 377 116 0 439 193 71
45 10 1 129 116 71 204 185 103
46 10 1 204 116 71 279 185 103
47 10 1 279 116 71 354 185 103
48 12 1 129 193 0 247 233 66
49 14 1 129 110 103 202 191 135
50 14 1 129 110 135 202 191 167
51 14 1 129 110 167 202 191 199
52 14 1 170 0 54 243 81 86
53 14 1 170 0 86 243 81 118
54 13 1 170 0 118 267 69 151
55 13 1 170 0 151 267 69 184
56 20 2 129 193 66 247 233 132
57 20 2 129 193 132 247 233 198
58 22 2 168 0 184 241 81 216
59 19 2 202 110 103 264 187 174
60 19 2 264 110 103 326 187 174
61 22 2 202 110 174 275 191 206
62 24 2 214 81 0 299 110 30
63 24 2 214 81 30 299 110 60
64 26 2 241 0 184 272 97 211
65 20 2 247 193 0 365 233 66
66 20 2 247 193 66 365 233 132
67 20 2 247 193 132 365 233 198
68 22 2 272 0 0 345 81 32
69 22 2 345 0 0 418 81 32
70 22 2 418 0 0 491 81 32
71 22 2 491 0 0 564 81 32
72 19 2 272 0 32 343 77 94
73 19 2 272 0 94 343 77 156
74 23 2 272 0 156 322 91 188
75 23 2 272 0 188 322 91 220
76 23 2 275 91 174 325 182 206
77 23 2 322 0 156 354 91 206
78 26 2 326 91 103 353 188 134
79 25 2 354 0 32 438 116 59
80 25 2 354 0 59 438 116 86
81 25 2 354 0 86 438 116 113
82 25 2 354 0 113 438 116 140
83 25 2 354 0 140 438 116 167
84 25 2 354 0 167 438 116 194
85 27 2 354 116 71 423 191 103
86 27 2 354 116 103 423 191 135
87 27 2 354 116 135 423 191 167
88 22 2 326 116 167 407 189 199
89 25 2 438 0 32 554 84 59
90 25 2 438 0 59 522 116 86
91 25 2 438 0 86 522 116 113
92 21 2 438 0 113 507 97 146
93 30 3 365 193 0 483 233 66
94 30 3 365 193 66 483 233 132
95 30 3 365 193 132 483 233 198
96 29 3 438 0 146 500 77 217
97 37 3 438 77 146 535 104 177
98 37 3 438 77 177 535 104 208
99 34 3 423 116 71 452 170 128
100 34 3 423 116 128 477 173 157
101 34 3 423 116 157 477 173 186
102 28 3 407 116 186 504 185 219
103 33 3 483 185 0 574 217 50
104 29 3 522 0 59 584 71 136
105 37 3 483 185 50 580 212 81
106 37 3 483 185 81 580 212 112
107 37 3 483 185 112 580 212 143
108 35 3 483 185 143 568 214 173
109 35 3 483 185 173 568 214 203
110 29 3 504 116 0 581 178 71
111 29 3 504 116 71 581 178 142
112 31 3 504 104 142 577 185 174
113 31 3 504 104 174 577 185 206
114 32 3 507 0 136 576 75 168
115 32 3 500 0 168 569 75 200
