Utilizacion 70.149483 VolCajasEmpacado 71.203534 Duracion[s] 60.005000 Iteraciones 1528
0 5 0 0 0 0 53 66 51
1 5 0 0 0 51 53 66 102
2 5 0 0 0 102 53 66 153
3 11 0 0 0 153 56 53 188
4 9 0 0 66 0 40 182 41
5 9 0 40 66 0 80 182 41
6 12 0 0 182 0 35 215 48
7 12 0 0 182 48 35 215 96
8 12 0 0 182 96 35 215 144
9 12 0 0 182 144 35 215 192
10 13 0 0 0 188 89 56 212
11 2 0 0 66 41 67 143 123
12 2 0 0 66 123 67 143 205
13 1 0 0 143 41 106 165 80
14 10 0 0 143 80 46 179 147
15 10 0 0 143 147 46 179 214
16 6 0 35 182 0 88 230 59
17 6 0 35 182 59 88 230 118
18 6 0 35 182 118 88 230 177
19 11 0 35 179 177 91 232 212
20 1 0 46 143 80 152 165 119
21 4 0 80 56 0 160 112 98
22 0 0 67 56 98 179 143 121
23 0 0 67 56 121 179 143 144
24 7 0 67 56 144 139 160 188
25 13 0 67 56 188 156 112 212
26 13 0 67 112 188 156 168 212
27 7 0 89 0 0 193 44 72
28 7 0 89 0 72 193 44 144
29 8 0 89 0 144 152 41 206
30 3 0 91 168 0 199 227 60
31 20 1 91 168 60 132 230 123
32 14 1 91 168 123 158 214 159
33 14 1 91 168 159 158 214 195
34 26 1 91 168 195 197 207 217
35 22 1 152 0 144 221 37 209
36 27 1 156 37 144 176 153 180
37 27 1 156 37 180 176 153 216
38 21 1 179 44 0 220 160 40
39 21 1 220 44 0 261 160 40
40 16 1 179 44 40 239 152 99
41 16 1 179 44 99 239 152 158
42 17 1 176 37 158 271 117 215
43 18 1 176 117 158 235 165 211
44 22 1 199 165 0 236 230 69
45 15 1 197 165 69 274 232 151
46 23 1 197 165 151 297 202 209
47 23 1 221 0 0 321 37 58
48 19 1 261 117 0 365 161 72
49 19 1 261 117 72 365 161 144
50 25 1 321 0 0 408 112 23
51 25 1 321 0 23 408 112 46
52 24 1 321 0 46 407 101 77
53 43 2 158 207 151 274 227 187
54 28 2 239 117 144 302 158 206
55 42 2 271 0 77 377 39 99
56 42 2 271 39 77 377 78 99
57 42 2 271 78 77 377 117 99
58 43 2 221 0 99 337 20 135
59 38 2 221 0 135 285 36 171
60 40 2 221 0 171 256 33 219
61 37 2 285 0 135 331 36 202
62 35 2 271 36 99 387 76 140
63 35 2 271 76 99 387 116 140
64 34 2 271 36 140 375 80 212
65 36 2 271 80 140 371 117 198
66 44 2 297 161 0 362 230 37
67 29 2 297 161 37 374 228 119
68 30 2 297 161 119 405 220 179
69 35 2 297 158 179 413 198 220
70 28 2 302 117 144 365 158 206
71 39 2 337 0 99 393 35 152
72 37 2 331 0 152 377 36 219
73 36 2 365 117 0 465 154 58
74 38 2 387 35 77 423 71 141
75 33 2 375 36 141 426 89 207
76 32 2 387 101 58 467 157 156
77 30 2 371 89 156 479 148 216
78 34 2 413 157 0 517 229 44
79 34 2 413 157 44 517 229 88
80 34 2 413 157 88 517 229 132
81 31 2 413 157 132 508 214 212
82 41 2 426 0 0 538 87 23
83 41 2 426 0 23 538 87 46
84 31 2 426 0 46 521 57 126
85 61 3 393 0 126 509 20 162
86 56 3 377 0 162 425 33 197
87 56 3 425 0 162 458 35 210
88 54 3 458 0 162 558 37 220
89 60 3 426 37 126 532 76 148
90 49 3 426 37 148 479 88 214
91 54 3 479 87 0 579 145 37
92 54 3 479 87 37 579 145 74
93 46 3 479 37 148 583 81 220
94 62 3 479 81 74 544 118 143
95 62 3 479 118 74 544 155 143
96 62 3 479 81 143 544 150 180
97 62 3 479 81 180 544 150 217
98 49 3 517 155 0 570 206 66
99 47 3 544 81 74 585 144 136
100 47 3 544 81 136 585 144 198
101 53 3 517 155 66 584 232 148
102 53 3 508 150 148 585 232 215
