Utilizacion 76.356730 VolCajasEmpacado 77.089549 Duracion[s] 60.024000 Iteraciones 1304
0 11 0 0 0 0 116 36 53
1 11 0 0 0 53 116 36 106
2 11 0 0 0 106 116 36 159
3 11 0 0 0 159 116 36 212
4 3 0 0 36 0 67 134 90
5 3 0 0 134 0 67 232 90
6 3 0 0 36 90 67 134 180
7 3 0 0 134 90 67 232 180
8 11 0 0 36 180 53 152 216
9 0 0 0 152 180 37 218 207
10 0 0 37 152 180 74 218 207
11 0 0 53 36 180 80 102 217
12 7 0 67 102 0 152 148 79
13 10 0 67 102 79 167 140 135
14 12 0 67 102 135 120 144 170
15 0 0 67 102 170 133 139 197
16 2 0 74 148 0 145 230 80
17 2 0 74 148 80 145 230 160
18 8 0 74 144 160 116 231 212
19 8 0 116 144 160 158 231 212
20 9 0 80 36 0 119 98 51
21 9 0 80 36 51 119 98 102
22 9 0 80 36 102 119 98 153
23 9 0 80 36 153 119 98 204
24 11 0 116 0 0 232 36 53
25 5 0 119 0 53 208 56 100
26 5 0 119 0 100 208 56 147
27 5 0 119 0 147 208 56 194
28 7 0 119 56 0 198 102 85
29 1 0 119 0 194 225 91 218
30 1 0 158 140 0 264 231 24
31 1 0 158 140 24 264 231 48
32 1 0 158 140 48 264 231 72
33 1 0 158 140 72 264 231 96
34 6 0 158 140 96 270 186 180
35 6 0 158 186 96 270 232 180
36 5 0 198 91 0 287 138 56
37 8 0 198 91 56 285 133 108
38 4 0 232 0 0 299 86 93
39 2 0 225 0 93 296 82 173
40 14 0 225 0 173 301 89 203
41 14 0 270 138 0 346 227 30
42 14 0 270 138 30 346 227 60
43 13 0 270 133 60 346 210 91
44 25 1 133 91 135 186 126 177
45 25 1 133 91 177 186 126 219
46 28 1 158 126 180 185 192 217
47 28 1 158 192 180 224 219 217
48 22 1 185 126 180 247 177 219
49 25 1 186 91 108 239 126 150
50 25 1 186 91 150 239 126 192
51 22 1 224 177 180 286 228 219
52 22 1 247 89 108 309 140 147
53 22 1 247 89 147 309 140 186
54 26 1 247 89 186 323 166 217
55 18 1 286 166 91 375 213 147
56 18 1 286 166 147 375 213 203
57 24 1 301 0 0 417 53 36
58 24 1 301 0 36 417 53 72
59 24 1 301 0 72 417 53 108
60 24 1 301 0 108 417 53 144
61 24 1 301 0 144 417 53 180
62 24 1 301 0 180 417 53 216
63 15 1 323 53 0 405 133 71
64 15 1 405 53 0 487 133 71
65 15 1 487 53 0 569 133 71
66 15 1 323 53 71 405 133 142
67 15 1 405 53 71 487 133 142
68 15 1 487 53 71 569 133 142
69 27 1 323 53 142 399 142 172
70 27 1 323 53 172 399 142 202
71 18 1 399 53 142 446 142 198
72 18 1 446 53 142 493 142 198
73 18 1 493 53 142 540 142 198
74 18 1 540 53 142 587 142 198
75 21 1 375 142 0 417 229 52
76 21 1 375 142 52 417 229 104
77 21 1 375 142 104 417 229 156
78 27 1 375 142 156 451 231 186
79 27 1 375 142 186 451 231 216
80 20 1 417 0 0 496 46 85
81 19 1 417 0 85 529 46 169
82 16 1 451 142 0 518 232 98
83 16 1 518 142 0 585 232 98
84 16 1 451 142 98 518 232 196
85 16 1 518 142 98 585 232 196
86 29 1 451 142 196 557 233 220
