Utilizacion 85.193774 VolCajasEmpacado 86.071749 Duracion[s] 60.064000 Iteraciones 796
0 13 0 0 0 0 70 74 109
1 13 0 70 0 0 140 74 109
2 13 0 0 0 109 70 74 218
3 13 0 70 0 109 140 74 218
4 14 0 0 74 0 74 153 84
5 14 0 74 74 0 148 153 84
6 14 0 148 74 0 222 153 84
7 14 0 222 74 0 296 153 84
8 14 0 296 74 0 370 153 84
9 14 0 0 153 0 74 232 84
10 14 0 74 153 0 148 232 84
11 14 0 148 153 0 222 232 84
12 14 0 222 153 0 296 232 84
13 14 0 296 153 0 370 232 84
14 5 0 0 74 84 80 112 146
15 5 0 0 112 84 80 150 146
16 5 0 0 150 84 80 188 146
17 5 0 0 188 84 80 226 146
18 5 0 0 74 146 80 112 208
19 5 0 0 112 146 80 150 208
20 5 0 0 150 146 80 188 208
21 5 0 0 188 146 80 226 208
22 6 0 80 74 84 119 181 128
23 6 0 119 74 84 158 181 128
24 6 0 158 74 84 197 181 128
25 6 0 80 74 128 119 181 172
26 6 0 119 74 128 158 181 172
27 6 0 158 74 128 197 181 172
28 6 0 80 74 172 119 181 216
29 6 0 119 74 172 158 181 216
30 6 0 158 74 172 197 181 216
31 8 0 80 181 84 179 232 131
32 8 0 179 181 84 278 232 131
33 8 0 278 181 84 377 232 131
34 8 0 80 181 131 179 232 178
35 2 0 80 181 178 152 214 219
36 4 0 140 0 0 177 74 67
37 4 0 177 0 0 214 74 67
38 4 0 140 0 67 177 74 134
39 4 0 177 0 67 214 74 134
40 4 0 140 0 134 177 74 201
41 4 0 177 0 134 214 74 201
42 0 0 152 181 178 192 201 215
43 0 0 152 201 178 192 221 215
44 8 0 192 181 131 291 232 178
45 0 0 192 181 178 232 218 198
46 0 0 192 181 198 232 218 218
47 8 0 197 74 84 248 173 131
48 8 0 248 74 84 299 173 131
49 8 0 299 74 84 350 173 131
50 10 0 197 74 131 252 132 215
51 10 0 252 74 131 307 132 215
52 10 0 307 74 131 362 132 215
53 3 0 197 132 131 252 180 164
54 3 0 197 132 164 252 180 197
55 0 0 197 132 197 234 172 217
56 11 0 214 0 0 323 68 64
57 11 0 323 0 0 432 68 64
58 11 0 432 0 0 541 68 64
59 12 0 214 0 64 321 73 134
60 12 0 321 0 64 428 73 134
61 12 0 428 0 64 535 73 134
62 12 0 214 0 134 321 73 204
63 12 0 321 0 134 428 73 204
64 12 0 428 0 134 535 73 204
65 2 0 232 180 178 304 213 219
66 3 0 252 132 131 300 165 186
67 3 0 252 132 186 307 180 219
68 2 0 304 180 131 376 213 172
69 2 0 304 180 172 376 213 213
70 3 0 307 132 131 362 180 164
71 3 0 307 132 164 362 180 197
72 10 0 370 73 0 454 128 58
73 10 0 370 73 58 454 128 116
74 10 0 370 73 116 454 128 174
75 7 0 362 73 174 436 146 216
76 3 0 370 146 0 418 179 55
77 3 0 370 146 55 418 179 110
78 3 0 370 146 110 418 179 165
79 3 0 370 146 165 418 179 220
80 9 0 377 179 0 457 233 73
81 9 0 457 179 0 537 233 73
82 9 0 377 179 73 457 233 146
83 9 0 457 179 73 537 233 146
84 9 0 377 179 146 457 233 219
85 9 0 457 179 146 537 233 219
86 3 0 418 146 0 466 179 55
87 9 0 454 73 0 508 146 80
88 8 0 454 73 80 505 172 127
89 7 0 436 128 127 509 170 201
90 9 0 454 73 127 534 127 200
91 7 0 509 127 0 583 169 73
92 7 0 509 127 73 583 169 146
93 7 0 509 127 146 583 169 219
94 7 0 541 0 0 583 74 73
95 5 0 535 0 73 573 80 135
96 5 0 535 0 135 573 80 197
