Utilizacion 77.206086 VolCajasEmpacado 78.133164 Duracion[s] 60.020000 Iteraciones 1196
0 2 0 0 0 0 70 69 104
1 2 0 0 69 0 70 138 104
2 2 0 0 0 104 70 69 208
3 2 0 0 69 104 70 138 208
4 10 0 0 138 0 68 181 51
5 10 0 0 138 51 68 181 102
6 17 0 0 138 102 69 174 159
7 17 0 0 138 159 69 174 216
8 18 0 0 181 0 96 232 37
9 18 0 96 181 0 192 232 37
10 18 0 192 181 0 288 232 37
11 16 0 0 181 37 48 218 73
12 16 0 48 181 37 96 218 73
13 16 0 96 181 37 144 218 73
14 16 0 144 181 37 192 218 73
15 13 0 0 181 73 31 227 126
16 7 0 0 174 126 54 231 204
17 5 0 68 174 73 177 233 141
18 5 0 54 174 141 163 233 209
19 3 0 70 0 0 131 88 71
20 3 0 70 0 71 131 88 142
21 3 0 70 0 142 131 88 213
22 5 0 70 88 0 129 156 109
23 5 0 70 88 109 129 156 218
24 1 0 129 88 0 208 174 69
25 1 0 129 88 69 208 174 138
26 15 0 129 88 138 211 172 172
27 0 0 129 88 172 225 161 196
28 12 0 129 88 196 196 160 218
29 5 0 192 174 37 260 233 146
30 5 0 131 0 0 190 68 109
31 5 0 131 0 109 190 68 218
32 4 0 163 172 146 235 233 215
33 7 0 190 0 0 244 78 57
34 19 0 190 0 57 264 77 94
35 9 0 190 0 94 308 53 165
36 8 0 190 0 165 309 55 219
37 11 0 225 78 0 345 171 46
38 14 0 225 78 46 299 150 79
39 14 0 225 78 79 299 150 112
40 14 0 225 78 112 299 150 145
41 6 0 225 55 145 300 122 199
42 5 0 299 122 46 358 190 155
43 9 0 309 0 0 427 71 53
44 8 0 309 0 53 363 119 108
45 33 1 235 190 146 283 226 183
46 33 1 235 190 183 283 226 220
47 23 1 283 122 155 352 194 216
48 33 1 288 194 0 324 231 48
49 32 1 283 194 48 340 230 117
50 32 1 283 194 117 340 230 186
51 38 1 300 55 108 372 122 130
52 38 1 300 55 130 372 122 152
53 38 1 300 55 152 372 122 174
54 29 1 300 55 174 368 106 217
55 24 1 309 0 108 384 54 175
56 36 1 309 0 175 355 53 206
57 31 1 340 194 0 436 231 51
58 31 1 340 194 51 436 231 102
59 36 1 340 194 102 393 225 148
60 27 1 384 0 53 455 118 106
61 27 1 384 0 106 455 118 159
62 27 1 384 0 159 455 118 212
63 22 1 358 122 0 419 193 88
64 22 1 419 122 0 480 193 88
65 22 1 358 122 88 419 193 176
66 22 1 419 122 88 480 193 176
67 35 1 352 118 176 426 190 209
68 34 1 426 118 176 508 202 210
69 25 1 455 0 0 512 78 54
70 25 1 455 0 54 512 78 108
71 25 1 455 0 108 512 78 162
72 25 1 455 0 162 512 78 216
73 20 1 508 78 0 587 164 69
74 30 1 508 78 69 585 152 106
75 20 1 508 164 0 587 233 86
76 20 1 508 164 86 587 233 172
77 25 1 508 78 106 586 132 163
78 25 1 508 78 163 586 132 220
79 37 1 508 132 172 581 228 196
80 37 1 508 132 196 581 228 220
81 24 1 512 0 0 587 67 54
82 24 1 512 0 54 587 67 108
83 24 1 512 0 108 587 67 162
84 24 1 512 0 162 587 67 216
