Utilizacion 92.629658 VolCajasEmpacado 94.473935 Duracion[s] 60.035000 Iteraciones 803
0 4 0 0 0 0 59 68 109
1 4 0 59 0 0 118 68 109
2 4 0 118 0 0 177 68 109
3 4 0 177 0 0 236 68 109
4 4 0 236 0 0 295 68 109
5 4 0 295 0 0 354 68 109
6 4 0 354 0 0 413 68 109
7 4 0 413 0 0 472 68 109
8 4 0 472 0 0 531 68 109
9 4 0 0 68 0 59 136 109
10 4 0 59 68 0 118 136 109
11 4 0 118 68 0 177 136 109
12 4 0 177 68 0 236 136 109
13 4 0 236 68 0 295 136 109
14 4 0 295 68 0 354 136 109
15 4 0 354 68 0 413 136 109
16 4 0 413 68 0 472 136 109
17 4 0 472 68 0 531 136 109
18 4 0 0 0 109 59 68 218
19 4 0 59 0 109 118 68 218
20 4 0 118 0 109 177 68 218
21 4 0 177 0 109 236 68 218
22 4 0 236 0 109 295 68 218
23 4 0 295 0 109 354 68 218
24 4 0 354 0 109 413 68 218
25 4 0 413 0 109 472 68 218
26 4 0 472 0 109 531 68 218
27 4 0 0 68 109 59 136 218
28 4 0 59 68 109 118 136 218
29 4 0 118 68 109 177 136 218
30 4 0 177 68 109 236 136 218
31 4 0 236 68 109 295 136 218
32 4 0 295 68 109 354 136 218
33 4 0 354 68 109 413 136 218
34 4 0 413 68 109 472 136 218
35 4 0 472 68 109 531 136 218
36 1 0 0 136 0 32 166 49
37 1 0 0 166 0 32 196 49
38 1 0 0 196 0 32 226 49
39 1 0 0 136 49 32 166 98
40 1 0 0 166 49 32 196 98
41 1 0 0 196 49 32 226 98
42 1 0 0 136 98 32 166 147
43 1 0 0 166 98 32 196 147
44 1 0 0 196 98 32 226 147
45 1 0 0 136 147 32 166 196
46 1 0 0 166 147 32 196 196
47 1 0 0 196 147 32 226 196
48 1 0 32 136 0 81 168 30
49 1 0 81 136 0 130 168 30
50 1 0 32 136 30 81 168 60
51 1 0 81 136 30 130 168 60
52 1 0 32 136 60 81 168 90
53 1 0 81 136 60 130 168 90
54 1 0 32 136 90 81 168 120
55 1 0 81 136 90 130 168 120
56 1 0 32 136 120 81 168 150
57 1 0 81 136 120 130 168 150
58 1 0 32 136 150 81 168 180
59 1 0 81 136 150 130 168 180
60 1 0 32 136 180 81 168 210
61 1 0 81 136 180 130 168 210
62 1 0 32 168 0 64 217 30
63 1 0 32 168 30 64 217 60
64 1 0 32 168 60 64 217 90
65 1 0 32 168 90 64 217 120
66 1 0 32 168 120 64 217 150
67 0 0 32 168 150 60 219 192
68 0 0 32 168 192 83 210 220
69 4 0 83 168 0 151 227 109
70 4 0 83 168 109 151 227 218
71 3 0 130 136 0 194 168 53
72 3 0 194 136 0 258 168 53
73 3 0 258 136 0 322 168 53
74 3 0 322 136 0 386 168 53
75 3 0 386 136 0 450 168 53
76 3 0 450 136 0 514 168 53
77 3 0 514 136 0 578 168 53
78 3 0 130 136 53 194 168 106
79 3 0 194 136 53 258 168 106
80 3 0 258 136 53 322 168 106
81 3 0 322 136 53 386 168 106
82 3 0 386 136 53 450 168 106
83 3 0 450 136 53 514 168 106
84 3 0 514 136 53 578 168 106
85 3 0 130 136 106 194 168 159
86 3 0 194 136 106 258 168 159
87 3 0 258 136 106 322 168 159
88 3 0 322 136 106 386 168 159
89 3 0 386 136 106 450 168 159
90 3 0 450 136 106 514 168 159
91 3 0 514 136 106 578 168 159
92 3 0 130 136 159 194 168 212
93 3 0 194 136 159 258 168 212
94 3 0 258 136 159 322 168 212
95 3 0 322 136 159 386 168 212
96 3 0 386 136 159 450 168 212
97 3 0 450 136 159 514 168 212
98 3 0 514 136 159 578 168 212
99 4 0 151 168 0 219 227 109
100 4 0 151 168 109 219 227 218
101 2 0 219 168 0 285 200 43
102 2 0 285 168 0 351 200 43
103 2 0 351 168 0 417 200 43
104 2 0 417 168 0 483 200 43
105 2 0 483 168 0 549 200 43
106 2 0 219 200 0 285 232 43
107 2 0 285 200 0 351 232 43
108 2 0 351 200 0 417 232 43
109 2 0 417 200 0 483 232 43
110 2 0 483 200 0 549 232 43
111 2 0 219 168 43 285 200 86
112 2 0 285 168 43 351 200 86
113 2 0 351 168 43 417 200 86
114 2 0 417 168 43 483 200 86
115 2 0 483 168 43 549 200 86
116 2 0 219 200 43 285 232 86
117 2 0 285 200 43 351 232 86
118 2 0 351 200 43 417 232 86
119 2 0 417 200 43 483 232 86
120 2 0 483 200 43 549 232 86
121 2 0 219 168 86 285 200 129
122 2 0 285 168 86 351 200 129
123 2 0 351 168 86 417 200 129
124 2 0 417 168 86 483 200 129
125 2 0 483 168 86 549 200 129
126 2 0 219 200 86 285 232 129
127 2 0 285 200 86 351 232 129
128 2 0 351 200 86 417 232 129
129 2 0 417 200 86 483 232 129
130 2 0 483 200 86 549 232 129
131 0 0 219 168 129 261 196 180
132 0 0 219 196 129 261 224 180
133 3 0 219 168 180 272 232 212
134 2 0 272 168 129 338 200 172
135 2 0 272 168 172 338 200 215
136 2 0 272 200 129 338 232 172
137 2 0 338 200 129 404 232 172
138 2 0 404 200 129 470 232 172
139 2 0 470 200 129 536 232 172
140 2 0 272 200 172 338 232 215
141 3 0 338 168 172 391 232 204
142 3 0 391 168 172 444 232 204
143 3 0 444 168 172 497 232 204
144 3 0 497 168 172 550 232 204
145 0 0 531 0 0 559 42 51
146 0 0 559 0 0 587 42 51
147 0 0 531 42 0 559 84 51
148 0 0 559 42 0 587 84 51
149 0 0 531 84 0 559 126 51
150 0 0 559 84 0 587 126 51
151 0 0 531 0 51 559 51 93
152 0 0 531 51 51 559 102 93
153 0 0 531 0 93 559 51 135
154 0 0 531 51 93 559 102 135
155 0 0 531 0 135 559 51 177
156 0 0 531 51 135 559 102 177
157 0 0 531 0 177 559 51 219
158 0 0 531 51 177 559 102 219
159 0 0 531 102 51 582 130 93
160 0 0 531 102 93 573 130 144
161 0 0 531 102 144 582 130 186
162 0 0 550 168 0 578 219 42
163 0 0 550 168 42 578 219 84
164 0 0 550 168 84 578 219 126
165 0 0 550 168 126 578 219 168
166 0 0 550 168 168 578 219 210
167 0 0 559 0 51 587 42 102
168 0 0 559 0 102 587 42 153
169 0 0 559 0 153 587 42 204
170 0 0 559 42 51 587 93 93
171 0 0 559 42 93 587 93 135
172 0 0 559 42 135 587 93 177
173 0 0 559 42 177 587 93 219
