Utilizacion 80.004038 VolCajasEmpacado 81.459537 Duracion[s] 60.001000 Iteraciones 3685
0 0 0 0 0 0 75 83 45
1 0 0 0 83 0 75 166 45
2 0 0 0 0 45 75 83 90
3 0 0 0 83 45 75 166 90
4 1 0 0 0 90 77 85 152
5 1 0 0 85 90 77 170 152
6 1 0 0 0 152 77 85 214
7 1 0 0 85 152 77 170 214
8 2 0 0 170 0 94 233 32
9 2 0 0 170 32 94 233 64
10 2 0 0 170 64 94 233 96
11 0 0 0 170 96 75 215 179
12 3 1 0 170 179 94 233 211
13 4 1 77 0 0 152 83 45
14 4 1 152 0 0 227 83 45
15 4 1 227 0 0 302 83 45
16 4 1 77 83 0 152 166 45
17 4 1 152 83 0 227 166 45
18 4 1 227 83 0 302 166 45
19 5 1 77 0 45 139 85 122
20 5 1 77 85 45 139 170 122
21 4 1 77 0 122 160 75 167
22 3 1 77 0 167 140 94 199
23 3 1 77 94 122 171 126 185
24 3 1 77 126 122 171 158 185
25 5 1 94 170 0 179 232 77
26 6 2 77 94 185 171 157 217
27 6 2 94 170 77 188 233 109
28 6 2 94 170 109 188 233 141
29 7 2 94 158 141 179 220 218
30 7 2 160 0 45 222 77 130
31 7 2 222 0 45 284 77 130
32 7 2 160 0 130 237 62 215
33 7 2 237 0 130 299 77 215
34 10 3 171 77 45 233 154 130
35 10 3 171 77 130 233 154 215
36 8 3 188 166 0 282 229 32
37 8 3 188 166 32 282 229 64
38 10 3 188 154 64 273 231 126
39 9 3 188 154 126 233 229 209
40 9 3 233 77 45 278 152 128
41 9 3 233 77 128 278 152 211
42 9 3 233 152 126 308 197 209
43 9 3 278 77 45 323 152 128
44 12 4 278 77 128 323 152 211
45 11 4 282 197 0 376 229 63
46 11 4 282 197 63 376 229 126
47 13 4 302 0 0 387 77 62
48 13 4 302 0 62 387 77 124
49 13 4 302 0 124 387 77 186
50 11 4 299 0 186 393 63 218
51 12 4 308 152 0 383 197 83
52 11 4 308 152 83 402 184 146
53 11 4 308 152 146 402 184 209
54 11 4 308 184 126 402 216 189
55 16 5 323 77 0 368 152 83
56 16 5 368 77 0 413 152 83
57 16 5 323 77 83 368 152 166
58 16 5 368 77 83 413 152 166
59 14 5 323 77 166 417 140 198
60 14 5 393 0 0 487 63 32
61 14 5 393 0 32 487 63 64
62 14 5 393 0 64 487 63 96
63 14 5 393 0 96 487 63 128
64 15 5 393 0 128 478 62 205
65 15 5 402 152 0 487 214 77
66 15 5 402 152 77 487 214 154
67 17 6 402 152 154 496 215 186
68 17 6 402 140 186 496 203 218
69 18 6 417 63 0 500 138 45
70 19 6 417 63 45 502 140 107
71 18 6 417 63 107 500 138 152
72 17 6 417 62 152 511 94 215
73 17 6 417 94 152 511 126 215
74 18 6 487 0 0 570 45 75
75 22 7 487 0 75 572 62 152
76 20 7 478 0 152 572 32 215
77 21 7 496 140 0 571 185 83
78 21 7 496 185 0 571 230 83
79 21 7 496 140 83 571 185 166
80 21 7 496 185 83 571 230 166
81 21 7 496 126 166 579 201 211
82 21 7 511 62 0 586 107 83
83 21 7 511 62 83 586 107 166
84 20 7 511 32 166 574 126 198
