Utilizacion 82.626002 VolCajasEmpacado 84.626526 Duracion[s] 60.011000 Iteraciones 2942
0 4 0 0 0 0 80 82 71
1 4 0 0 0 71 80 82 142
2 4 0 0 0 142 80 82 213
3 0 0 0 82 0 66 119 27
4 0 0 0 119 0 66 156 27
5 0 0 0 156 0 66 193 27
6 0 0 0 193 0 66 230 27
7 4 0 0 82 27 80 153 109
8 4 0 0 153 27 80 224 109
9 4 0 0 82 109 80 153 191
10 4 0 0 153 109 80 224 191
11 0 0 0 82 191 37 148 218
12 0 0 0 148 191 37 214 218
13 1 0 80 0 0 157 76 31
14 1 0 80 0 31 157 76 62
15 1 0 80 0 62 157 76 93
16 1 0 80 0 93 157 76 124
17 1 0 80 0 124 157 76 155
18 1 0 80 0 155 157 76 186
19 1 0 80 0 186 157 76 217
20 2 0 80 76 0 180 114 56
21 2 0 80 114 0 180 152 56
22 2 0 80 152 0 180 190 56
23 2 0 80 190 0 180 228 56
24 2 0 80 76 56 180 114 112
25 2 0 80 114 56 180 152 112
26 2 0 80 152 56 180 190 112
27 2 0 80 190 56 180 228 112
28 3 0 80 76 112 166 143 205
29 3 0 80 143 112 166 210 205
30 3 0 157 0 0 243 67 93
31 3 0 243 0 0 329 67 93
32 3 0 329 0 0 415 67 93
33 3 0 415 0 0 501 67 93
34 3 0 501 0 0 587 67 93
35 2 0 157 0 93 257 38 149
36 2 0 157 38 93 257 76 149
37 2 0 157 0 149 257 38 205
38 3 0 180 76 0 273 162 67
39 3 0 180 76 67 273 162 134
40 3 0 180 76 134 273 162 201
41 7 1 157 38 149 257 76 205
42 5 1 166 162 112 193 228 149
43 5 1 166 162 149 193 228 186
44 5 1 166 162 186 203 228 213
45 9 1 203 162 0 283 233 82
46 5 1 203 162 82 269 189 119
47 5 1 203 189 82 269 216 119
48 5 1 203 162 119 269 189 156
49 5 1 203 189 119 269 216 156
50 5 1 203 162 156 269 189 193
51 5 1 203 189 156 269 216 193
52 5 1 203 162 193 240 228 220
53 6 1 257 0 93 334 76 124
54 6 1 257 0 124 334 76 155
55 6 1 257 0 155 334 76 186
56 6 1 257 0 186 334 76 217
57 9 1 273 76 0 344 158 80
58 9 1 344 76 0 415 158 80
59 9 1 415 76 0 486 158 80
60 9 1 486 76 0 557 158 80
61 9 1 273 76 80 344 158 160
62 9 1 344 76 80 415 158 160
63 9 1 415 76 80 486 158 160
64 9 1 486 76 80 557 158 160
65 7 1 273 76 160 373 114 216
66 7 1 373 76 160 473 114 216
67 7 1 473 76 160 573 114 216
68 7 1 273 114 160 373 152 216
69 7 1 373 114 160 473 152 216
70 7 1 473 114 160 573 152 216
71 8 1 283 158 0 376 225 86
72 7 1 334 0 93 434 56 131
73 7 1 334 0 131 434 56 169
74 7 1 334 0 169 434 56 207
75 7 1 434 0 93 534 38 149
76 7 1 434 38 93 534 76 149
77 7 1 434 0 149 534 38 205
78 7 1 434 38 149 534 76 205
79 7 1 269 162 86 369 218 124
80 7 1 269 162 124 369 218 162
81 7 1 269 162 162 369 218 200
82 8 1 376 158 0 469 225 86
83 8 1 469 158 0 562 225 86
84 8 1 376 158 86 469 225 172
85 8 1 469 158 86 562 225 172
86 6 1 369 152 172 445 229 203
87 6 1 445 152 172 521 229 203
