Utilizacion 73.111638 VolCajasEmpacado 73.381798 Duracion[s] 60.042000 Iteraciones 1573
0 13 0 0 0 0 78 83 37
1 6 0 0 0 37 68 79 81
2 6 0 0 0 81 68 79 125
3 6 0 0 0 125 68 79 169
4 6 0 0 0 169 68 79 213
5 5 0 0 83 0 116 130 49
6 2 0 0 130 0 56 228 96
7 11 0 0 79 49 33 120 80
8 7 0 0 79 96 39 198 155
9 7 0 0 79 155 39 198 214
10 10 0 0 198 96 68 232 129
11 9 0 0 198 129 92 231 193
12 0 0 39 79 49 68 112 106
13 0 0 39 79 106 68 112 163
14 0 0 39 79 163 68 112 220
15 1 0 39 112 96 67 164 133
16 4 0 39 112 133 91 166 182
17 12 0 39 112 182 138 142 219
18 3 0 78 0 0 181 49 69
19 3 0 78 0 69 181 49 138
20 2 0 68 0 138 164 98 194
21 8 0 138 98 0 251 190 33
22 26 1 39 166 96 72 197 137
23 26 1 39 166 137 72 197 178
24 26 1 39 166 178 72 197 219
25 30 1 68 0 194 112 83 217
26 26 1 72 142 182 103 183 215
27 24 1 92 190 0 160 223 34
28 24 1 160 190 0 228 223 34
29 24 1 228 190 0 296 223 34
30 18 1 92 183 34 190 230 122
31 18 1 190 183 34 288 230 122
32 18 1 92 183 122 190 230 210
33 18 1 190 183 122 288 230 210
34 20 1 103 142 33 222 181 92
35 29 1 103 142 92 155 179 120
36 29 1 103 142 120 155 179 148
37 28 1 103 142 148 136 171 205
38 27 1 138 98 33 237 135 63
39 22 1 138 98 63 213 133 108
40 23 1 164 0 138 197 92 202
41 25 1 138 98 108 235 130 161
42 17 1 138 98 161 192 147 213
43 25 1 155 147 92 252 179 145
44 25 1 155 147 145 252 179 198
45 17 1 192 92 161 244 141 215
46 21 1 197 0 0 280 78 37
47 14 1 197 0 37 310 92 70
48 18 1 197 0 70 295 88 117
49 16 1 197 0 117 300 69 166
50 16 1 197 0 166 300 69 215
51 17 1 251 92 0 303 146 49
52 17 1 303 92 0 355 146 49
53 19 1 244 92 49 360 141 96
54 15 1 244 88 96 340 144 194
55 15 1 296 146 0 392 202 98
56 42 2 244 69 194 327 113 217
57 42 2 252 113 194 335 157 217
58 31 2 288 157 98 366 229 155
59 39 2 288 157 155 321 225 189
60 39 2 321 157 155 354 225 189
61 41 2 288 157 189 329 190 220
62 41 2 288 190 189 329 223 220
63 38 2 310 0 0 402 64 33
64 38 2 402 0 0 494 64 33
65 38 2 494 0 0 586 64 33
66 38 2 310 0 33 402 64 66
67 38 2 402 0 33 494 64 66
68 38 2 494 0 33 586 64 66
69 34 2 310 0 66 364 49 118
70 35 2 300 0 118 398 47 206
71 40 2 340 49 96 372 146 149
72 43 2 327 47 149 386 82 183
73 34 2 340 82 149 389 134 203
74 36 2 366 146 98 410 225 166
75 34 2 354 134 166 408 183 218
76 34 2 354 183 166 408 232 218
77 32 2 389 64 0 485 120 98
78 32 2 389 64 98 485 120 196
79 31 2 398 0 66 476 57 138
80 31 2 398 0 138 476 57 210
81 31 2 476 0 66 548 57 144
82 33 2 476 0 144 579 49 213
83 37 2 410 120 0 502 233 33
84 37 2 410 120 33 502 233 66
85 37 2 410 120 66 502 233 99
86 35 2 410 120 99 457 218 187
87 33 2 457 120 99 506 223 168
88 57 3 389 57 196 472 101 219
89 51 3 408 120 187 500 233 220
90 50 3 485 64 0 560 99 45
91 45 3 485 64 45 583 120 141
92 58 3 485 57 141 520 116 175
93 58 3 485 57 175 520 116 209
94 44 3 506 120 0 558 174 49
95 44 3 506 174 0 558 228 49
96 44 3 506 120 49 558 174 98
97 44 3 506 174 49 558 228 98
98 49 3 506 120 98 584 203 135
99 55 3 506 203 98 563 232 131
100 55 3 506 203 131 563 232 164
101 55 3 506 203 164 563 232 197
102 53 3 506 120 135 547 153 166
103 53 3 506 116 166 547 147 199
104 50 3 506 153 135 581 198 170
105 56 3 500 147 170 537 199 198
106 58 3 520 57 141 554 92 200
107 52 3 554 49 141 586 146 194
