Utilizacion 77.755239 VolCajasEmpacado 78.795266 Duracion[s] 60.003000 Iteraciones 2261
0 1 0 0 0 0 35 90 36
1 1 0 0 0 36 35 90 72
2 1 0 0 0 72 35 90 108
3 1 0 0 0 108 35 90 144
4 1 0 0 0 144 35 90 180
5 1 0 0 0 180 35 90 216
6 3 0 0 90 0 72 137 79
7 3 0 0 137 0 72 184 79
8 3 0 0 184 0 72 231 79
9 3 0 0 90 79 72 137 158
10 3 0 0 137 79 72 184 158
11 3 0 0 184 79 72 231 158
12 3 0 0 90 158 79 162 205
13 2 0 0 162 158 68 202 209
14 3 0 35 0 0 82 79 72
15 3 0 35 0 72 82 79 144
16 3 0 35 0 144 82 79 216
17 2 0 72 162 0 140 213 40
18 2 0 72 162 40 140 202 91
19 2 0 72 162 91 123 230 131
20 2 0 72 162 131 123 230 171
21 2 0 72 162 171 123 230 211
22 4 0 79 79 0 180 160 24
23 4 0 79 79 24 180 160 48
24 4 0 79 79 48 180 160 72
25 4 0 79 79 72 180 160 96
26 4 0 79 79 96 180 160 120
27 4 0 79 79 120 180 160 144
28 4 0 79 79 144 180 160 168
29 4 0 79 79 168 180 160 192
30 3 0 82 0 0 154 79 47
31 3 0 82 0 47 154 79 94
32 0 0 82 0 94 176 72 123
33 0 0 82 0 123 176 72 152
34 0 0 82 0 152 176 72 181
35 0 0 82 0 181 176 72 210
36 0 0 140 160 0 234 232 29
37 2 0 140 160 29 191 228 69
38 0 0 140 160 69 234 232 98
39 0 0 140 160 98 234 232 127
40 0 0 140 160 127 234 232 156
41 0 0 140 160 156 234 232 185
42 0 0 140 160 185 234 232 214
43 5 1 79 79 192 180 160 216
44 8 1 176 0 0 227 40 68
45 8 1 227 0 0 278 40 68
46 8 1 278 0 0 329 40 68
47 8 1 329 0 0 380 40 68
48 8 1 380 0 0 431 40 68
49 8 1 431 0 0 482 40 68
50 8 1 482 0 0 533 40 68
51 8 1 533 0 0 584 40 68
52 7 1 176 0 68 266 36 103
53 7 1 176 0 103 266 36 138
54 7 1 176 0 138 266 36 173
55 7 1 176 0 173 266 36 208
56 5 1 180 40 0 261 141 24
57 9 1 180 40 24 259 87 96
58 9 1 180 87 24 259 134 96
59 6 1 180 36 96 252 130 125
60 6 1 180 36 125 252 130 154
61 6 1 180 36 154 252 130 183
62 6 1 180 36 183 252 130 212
63 6 1 234 141 0 328 213 29
64 6 1 234 141 29 328 213 58
65 6 1 234 141 58 328 213 87
66 6 1 234 141 87 328 213 116
67 5 1 234 130 116 315 231 140
68 5 1 234 130 140 315 231 164
69 5 1 234 130 164 315 231 188
70 5 1 234 130 188 315 231 212
71 10 2 261 40 0 297 130 35
72 10 2 259 40 35 294 130 71
73 10 2 259 36 71 294 126 107
74 10 2 259 36 107 294 126 143
75 10 2 259 36 143 294 126 179
76 10 2 259 36 179 294 126 215
77 10 2 266 0 68 356 35 104
78 10 2 266 0 104 356 35 140
79 10 2 266 0 140 356 35 176
80 12 2 294 0 176 362 51 216
81 11 2 297 51 0 369 130 47
82 11 2 297 51 47 369 130 94
83 11 2 297 51 94 369 130 141
84 11 2 297 51 141 369 130 188
85 13 2 294 51 188 388 123 217
86 13 2 328 130 0 400 224 29
87 13 2 328 130 29 400 224 58
88 13 2 328 130 58 400 224 87
89 14 2 328 130 87 409 231 111
90 14 2 328 130 111 409 231 135
91 14 2 328 130 135 409 231 159
92 14 2 328 130 159 409 231 183
93 12 2 362 0 68 402 51 136
94 16 3 315 130 183 409 202 212
95 18 3 362 0 136 430 51 176
96 18 3 362 0 176 430 51 216
97 18 3 430 0 68 481 40 136
98 18 3 430 0 136 481 40 204
99 19 3 388 51 0 460 98 79
100 19 3 460 51 0 532 98 79
101 19 3 388 51 79 460 98 158
102 19 3 460 51 79 532 98 158
103 16 3 388 51 158 482 123 187
104 16 3 482 51 158 576 123 187
105 16 3 388 51 187 482 123 216
106 16 3 482 51 187 576 123 216
107 17 3 409 123 0 499 158 36
108 17 3 409 158 0 499 193 36
109 17 3 409 193 0 499 228 36
110 17 3 481 0 68 571 36 103
111 17 3 481 0 103 571 36 138
112 17 3 481 0 138 571 36 173
113 17 3 481 0 173 571 36 208
114 15 3 409 123 36 490 224 60
115 19 3 409 123 60 481 202 107
116 15 3 409 123 107 490 224 131
117 15 3 409 123 131 490 224 155
118 15 3 409 123 155 490 224 179
119 15 3 409 123 179 490 224 203
120 15 3 499 123 0 580 224 24
121 15 3 499 123 24 580 224 48
122 15 3 499 123 48 580 224 72
123 15 3 499 123 72 580 224 96
124 15 3 499 123 96 580 224 120
125 15 3 499 123 120 580 224 144
126 15 3 499 123 144 580 224 168
127 15 3 499 123 168 580 224 192
