Utilizacion 83.618105 VolCajasEmpacado 84.167004 Duracion[s] 60.018000 Iteraciones 1411
0 5 0 0 0 0 41 100 36
1 5 0 0 0 36 41 100 72
2 5 0 0 0 72 41 100 108
3 5 0 0 0 108 41 100 144
4 5 0 0 0 144 41 100 180
5 5 0 0 0 180 41 100 216
6 1 0 0 100 0 30 132 38
7 1 0 0 132 0 30 164 38
8 1 0 0 164 0 30 196 38
9 1 0 0 196 0 30 228 38
10 1 0 0 100 38 38 132 68
11 1 0 0 100 68 38 132 98
12 1 0 0 100 98 38 132 128
13 1 0 0 100 128 38 132 158
14 1 0 0 100 158 38 132 188
15 1 0 0 100 188 38 132 218
16 5 0 0 132 38 36 232 79
17 5 0 0 132 79 36 232 120
18 5 0 0 132 120 36 232 161
19 5 0 0 132 161 36 232 202
20 3 0 36 132 0 105 165 61
21 3 0 36 165 0 105 198 61
22 3 0 36 198 0 105 231 61
23 3 0 36 132 61 105 165 122
24 3 0 36 165 61 105 198 122
25 3 0 36 198 61 105 231 122
26 3 0 36 132 122 105 165 183
27 3 0 36 165 122 105 198 183
28 3 0 36 198 122 105 231 183
29 5 0 36 132 183 77 232 219
30 7 0 41 0 0 149 66 54
31 7 0 41 66 0 149 132 54
32 7 0 41 0 54 149 66 108
33 7 0 41 66 54 149 132 108
34 7 0 41 0 108 149 66 162
35 7 0 41 66 108 149 132 162
36 7 0 41 0 162 149 66 216
37 7 0 41 66 162 149 132 216
38 5 0 77 132 183 118 232 219
39 5 0 118 132 0 154 232 41
40 5 0 154 132 0 190 232 41
41 5 0 190 132 0 226 232 41
42 5 0 226 132 0 262 232 41
43 4 0 118 132 41 192 165 103
44 4 0 192 132 41 266 165 103
45 4 0 118 165 41 192 198 103
46 4 0 192 165 41 266 198 103
47 4 0 118 198 41 192 231 103
48 4 0 192 198 41 266 231 103
49 4 0 118 132 103 192 165 165
50 4 0 192 132 103 266 165 165
51 4 0 118 165 103 192 198 165
52 4 0 192 165 103 266 198 165
53 4 0 118 198 103 192 231 165
54 4 0 192 198 103 266 231 165
55 2 0 118 132 165 189 196 196
56 6 0 118 196 165 226 233 212
57 2 0 149 0 0 220 64 31
58 2 0 149 64 0 220 128 31
59 6 0 149 0 31 257 37 78
60 6 0 149 0 78 257 37 125
61 6 0 149 0 125 257 37 172
62 6 0 149 0 172 257 37 219
63 6 0 149 37 31 257 84 68
64 6 0 149 84 31 257 131 68
65 6 0 149 37 68 257 84 105
66 6 0 149 84 68 257 131 105
67 6 0 149 37 105 257 84 142
68 6 0 149 84 105 257 131 142
69 6 0 149 37 142 257 84 179
70 6 0 149 84 142 257 131 179
71 3 0 149 37 179 218 98 212
72 3 0 218 37 179 287 98 212
73 2 0 189 131 165 260 195 196
74 6 0 257 0 0 365 37 47
75 3 0 257 98 0 326 131 61
76 0 0 266 131 0 335 232 20
77 0 0 266 131 20 335 232 40
78 0 0 266 131 40 335 232 60
79 0 0 266 131 60 335 232 80
80 0 0 266 131 80 335 232 100
81 0 0 266 131 100 335 232 120
82 0 0 266 131 120 335 232 140
83 0 0 266 131 140 335 232 160
84 0 0 266 131 160 335 232 180
85 2 0 260 98 180 324 169 211
86 2 0 260 169 180 331 233 211
87 2 0 287 0 47 358 64 78
88 2 0 287 0 78 358 64 109
89 2 0 287 0 109 358 64 140
90 2 0 287 0 140 358 64 171
91 2 0 287 0 171 358 64 202
92 7 0 326 64 0 434 118 66
93 7 0 326 64 66 434 118 132
94 7 0 326 64 132 434 118 198
95 7 0 335 118 0 443 184 54
96 7 0 335 118 54 443 184 108
97 8 1 324 64 198 425 133 218
98 9 1 335 184 0 367 222 30
99 9 1 335 184 30 367 222 60
100 9 1 335 184 60 367 222 90
101 9 1 335 184 90 367 222 120
102 9 1 335 184 120 367 222 150
103 9 1 335 184 150 367 222 180
104 9 1 335 184 180 367 222 210
105 14 1 335 133 108 443 180 145
106 14 1 335 133 145 443 180 182
107 14 1 335 133 182 443 180 219
108 11 1 365 0 0 434 61 33
109 11 1 365 0 33 434 61 66
110 11 1 365 0 66 434 61 99
111 11 1 365 0 99 434 61 132
112 11 1 365 0 132 434 61 165
113 11 1 365 0 165 434 61 198
114 14 1 367 184 0 475 231 37
115 14 1 475 184 0 583 231 37
116 14 1 367 184 37 475 231 74
117 14 1 475 184 37 583 231 74
118 13 1 367 184 74 467 225 110
119 13 1 367 184 110 467 225 146
120 13 1 367 184 146 467 225 182
121 13 1 367 184 182 467 225 218
122 15 1 434 0 0 542 66 54
123 15 1 434 0 54 542 66 108
124 15 1 434 0 108 542 66 162
125 15 1 434 0 162 542 66 216
126 13 1 434 66 0 534 107 36
127 13 1 434 66 36 534 107 72
128 13 1 434 66 72 534 107 108
129 13 1 434 66 108 534 107 144
130 13 1 434 66 144 534 107 180
131 13 1 434 66 180 534 107 216
132 10 1 443 107 0 507 178 31
133 10 1 443 107 31 507 178 62
134 10 1 443 107 62 507 178 93
135 10 1 443 107 93 507 178 124
136 10 1 443 107 124 507 178 155
137 10 1 443 107 155 507 178 186
138 10 1 443 107 186 507 178 217
139 12 1 467 178 74 541 211 136
140 15 1 467 178 136 575 232 202
141 10 1 507 107 0 571 178 31
142 10 1 507 107 31 571 178 62
143 10 1 507 107 62 571 178 93
144 11 1 507 107 93 576 140 154
145 11 1 507 140 93 576 173 154
146 11 1 507 140 154 576 173 215
147 11 1 507 107 154 576 140 215
148 12 1 542 0 0 575 74 62
149 12 1 542 0 62 575 74 124
150 12 1 542 0 124 575 74 186
