Utilizacion 74.429361 VolCajasEmpacado 75.808956 Duracion[s] 60.029000 Iteraciones 2811
0 5 0 0 0 0 98 80 56
1 5 0 0 80 0 98 160 56
2 2 0 0 160 0 82 227 77
3 2 0 0 160 77 82 227 154
4 3 0 0 0 56 59 108 116
5 3 0 0 0 116 59 108 176
6 7 0 0 0 176 40 116 217
7 6 0 0 116 56 104 160 128
8 6 0 0 116 128 104 160 200
9 3 0 0 160 154 108 219 214
10 4 0 59 0 56 116 95 136
11 4 0 59 0 136 116 95 216
12 0 0 104 95 0 171 141 36
13 7 0 104 95 36 220 135 77
14 7 0 104 95 77 220 135 118
15 1 0 108 141 0 220 228 23
16 1 0 220 141 0 332 228 23
17 1 0 332 141 0 444 228 23
18 1 0 444 141 0 556 228 23
19 14 1 104 95 118 212 155 177
20 10 1 104 95 177 220 135 218
21 13 1 108 155 23 188 212 118
22 10 1 108 135 177 224 175 218
23 9 1 108 175 118 154 211 185
24 9 1 154 175 118 200 211 185
25 13 1 116 0 0 211 80 57
26 13 1 211 0 0 306 80 57
27 12 1 116 0 57 214 56 137
28 12 1 116 0 137 214 56 217
29 9 1 116 56 57 183 92 103
30 9 1 116 56 103 183 92 149
31 12 1 214 0 57 312 80 113
32 8 1 214 0 113 326 87 136
33 8 1 214 0 136 326 87 159
34 10 1 200 175 23 316 215 64
35 11 1 200 175 64 304 219 136
36 11 1 200 175 136 304 219 208
37 17 2 214 0 159 294 95 216
38 19 2 294 0 159 335 116 199
39 20 2 220 95 0 287 131 46
40 20 2 220 95 46 287 131 92
41 20 2 220 95 92 287 131 138
42 18 2 224 131 23 328 175 95
43 18 2 224 131 95 328 175 167
44 19 2 224 116 167 340 156 208
45 17 2 316 175 23 396 232 118
46 17 2 316 175 118 396 232 213
47 18 2 335 0 0 407 104 44
48 18 2 335 0 44 407 104 88
49 16 2 335 0 88 395 108 147
50 16 2 335 0 147 395 108 206
51 15 2 340 108 23 422 175 100
52 15 2 340 108 100 422 175 177
53 19 2 340 108 177 456 149 217
54 17 2 396 175 23 491 232 103
55 22 2 396 175 103 476 231 201
56 22 2 407 0 0 487 98 56
57 22 2 407 0 56 463 98 136
58 22 2 407 0 136 463 98 216
59 21 2 487 0 0 574 112 23
60 21 2 487 0 23 574 112 46
61 21 2 487 0 46 574 112 69
62 21 2 487 0 69 574 112 92
63 24 3 456 112 23 564 172 82
64 28 3 456 112 82 502 148 149
65 28 3 456 112 149 502 148 216
66 23 3 463 0 92 543 95 149
67 23 3 463 0 149 543 95 206
68 27 3 543 0 92 584 116 132
69 27 3 543 0 132 584 116 172
70 27 3 543 0 172 584 116 212
71 24 3 491 172 23 550 232 131
72 26 3 476 148 131 580 220 175
73 26 3 476 148 175 580 220 219
