Utilizacion 79.777877 VolCajasEmpacado 80.283990 Duracion[s] 60.015000 Iteraciones 726
0 1 0 0 0 0 42 56 25
1 1 0 0 56 0 42 112 25
2 1 0 0 112 0 42 168 25
3 1 0 0 168 0 42 224 25
4 6 0 0 0 25 46 49 97
5 6 0 0 49 25 46 98 97
6 6 0 0 98 25 46 147 97
7 6 0 0 147 25 46 196 97
8 6 0 0 0 97 46 49 169
9 6 0 0 49 97 46 98 169
10 6 0 0 98 97 46 147 169
11 6 0 0 147 97 46 196 169
12 1 0 0 196 25 56 221 67
13 1 0 0 196 67 56 221 109
14 1 0 0 196 109 56 221 151
15 1 0 0 196 151 56 221 193
16 4 0 0 0 169 34 54 217
17 2 0 0 54 169 64 80 211
18 2 0 0 80 169 64 106 211
19 2 0 0 106 169 64 132 211
20 2 0 0 132 169 64 158 211
21 2 0 0 158 169 64 184 211
22 2 0 0 184 193 64 226 219
23 5 0 46 0 0 141 45 62
24 5 0 46 0 62 141 45 124
25 5 0 46 0 124 141 45 186
26 3 0 34 0 186 124 49 219
27 1 0 64 49 0 89 105 42
28 1 0 64 49 42 89 105 84
29 1 0 64 49 84 89 105 126
30 1 0 64 49 126 89 105 168
31 1 0 64 49 168 89 105 210
32 5 0 64 105 0 159 167 45
33 5 0 64 167 0 159 229 45
34 5 0 64 105 45 159 167 90
35 5 0 64 167 45 159 229 90
36 5 0 64 105 90 159 167 135
37 5 0 64 167 90 159 229 135
38 5 0 64 105 135 159 167 180
39 5 0 64 167 135 159 229 180
40 2 0 64 105 180 106 169 206
41 2 0 64 169 180 106 233 206
42 2 0 106 169 180 148 233 206
43 2 0 89 49 0 153 75 42
44 2 0 89 49 42 153 75 84
45 2 0 89 49 84 153 75 126
46 2 0 89 49 126 153 75 168
47 2 0 89 49 168 153 75 210
48 1 0 89 75 0 145 100 42
49 1 0 89 75 42 145 100 84
50 1 0 89 75 84 145 100 126
51 1 0 89 75 126 145 100 168
52 3 0 106 75 180 155 165 213
53 4 0 141 0 0 189 34 54
54 4 0 189 0 0 237 34 54
55 4 0 237 0 0 285 34 54
56 4 0 141 0 54 189 34 108
57 4 0 189 0 54 237 34 108
58 4 0 237 0 54 285 34 108
59 4 0 141 0 108 189 34 162
60 4 0 189 0 108 237 34 162
61 4 0 237 0 108 285 34 162
62 4 0 141 0 162 189 34 216
63 4 0 189 0 162 237 34 216
64 4 0 237 0 162 285 34 216
65 3 0 153 34 0 243 67 49
66 3 0 153 34 49 243 67 98
67 3 0 153 34 98 243 67 147
68 3 0 153 34 147 243 67 196
69 3 0 155 67 0 245 100 49
70 3 0 155 67 49 245 100 98
71 3 0 155 67 98 245 100 147
72 3 0 155 67 147 245 100 196
73 0 0 159 100 0 244 192 21
74 0 0 159 100 21 244 192 42
75 0 0 159 100 42 244 192 63
76 0 0 159 100 63 244 192 84
77 0 0 159 100 84 244 192 105
78 0 0 159 100 105 244 192 126
79 0 0 159 100 126 244 192 147
80 7 0 159 100 147 211 192 205
81 7 0 211 100 147 263 192 205
82 3 0 159 192 0 249 225 49
83 3 0 249 192 0 339 225 49
84 7 0 245 34 0 337 86 58
85 7 0 337 34 0 429 86 58
86 7 0 429 34 0 521 86 58
87 7 0 245 34 58 337 86 116
88 7 0 337 34 58 429 86 116
89 7 0 429 34 58 521 86 116
90 7 0 245 34 116 303 86 208
91 5 0 263 86 0 308 181 62
92 7 0 263 86 62 321 178 114
93 10 1 159 192 49 223 218 91
94 10 1 223 192 49 287 218 91
95 10 1 287 192 49 351 218 91
96 10 1 159 192 91 223 218 133
97 10 1 223 192 91 287 218 133
98 10 1 287 192 91 351 218 133
99 10 1 159 192 133 223 218 175
100 10 1 223 192 133 287 218 175
101 10 1 287 192 133 351 218 175
102 10 1 159 192 175 223 218 217
103 10 1 223 192 175 287 218 217
104 10 1 287 192 175 351 218 217
105 9 1 263 86 114 305 142 139
106 12 1 263 86 139 311 140 173
107 9 1 263 86 173 319 111 215
108 9 1 263 111 173 319 136 215
109 13 1 263 142 114 358 187 176
110 12 1 263 136 176 317 184 210
111 12 1 285 0 0 333 34 54
112 12 1 333 0 0 381 34 54
113 12 1 381 0 0 429 34 54
114 12 1 429 0 0 477 34 54
115 12 1 477 0 0 525 34 54
116 12 1 525 0 0 573 34 54
117 11 1 285 0 54 375 33 103
118 11 1 375 0 54 465 33 103
119 11 1 465 0 54 555 33 103
120 11 1 285 0 103 375 33 152
121 11 1 375 0 103 465 33 152
122 11 1 465 0 103 555 33 152
123 11 1 285 0 152 375 33 201
124 11 1 375 0 152 465 33 201
125 11 1 465 0 152 555 33 201
126 14 1 303 33 116 375 79 165
127 14 1 375 33 116 447 79 165
128 14 1 447 33 116 519 79 165
129 14 1 303 33 165 375 79 214
130 14 1 375 33 165 447 79 214
131 14 1 447 33 165 519 79 214
132 9 1 317 136 176 373 178 201
133 10 1 555 0 54 581 64 96
134 10 1 555 0 96 581 64 138
135 9 1 555 0 138 580 56 180
136 13 1 321 86 0 416 131 62
137 13 1 321 86 62 416 131 124
138 13 1 321 86 124 416 131 186
139 9 1 319 79 186 375 121 211
140 14 1 351 187 0 423 233 49
141 14 1 351 187 49 423 233 98
142 14 1 351 187 98 423 233 147
143 14 1 351 187 147 423 233 196
144 9 1 373 131 0 415 187 25
145 9 1 373 131 25 415 187 50
146 9 1 373 131 50 415 187 75
147 9 1 373 131 75 415 187 100
148 9 1 373 131 100 415 187 125
149 9 1 373 131 125 415 187 150
150 12 1 375 79 186 429 127 220
151 14 1 373 131 150 445 180 196
152 14 1 423 180 0 495 229 46
153 15 1 423 180 46 515 232 104
154 15 1 423 180 104 481 232 196
155 13 1 429 86 0 524 131 62
156 13 1 429 86 62 524 131 124
157 13 1 429 86 124 524 131 186
158 13 1 445 131 0 540 176 62
159 13 1 445 131 62 540 176 124
160 13 1 445 131 124 540 176 186
161 8 1 445 79 186 530 171 207
162 15 1 481 176 104 539 228 196
163 15 1 530 64 0 582 122 92
164 15 1 530 64 92 582 122 184
165 13 1 540 122 0 585 217 62
166 13 1 540 122 62 585 217 124
167 13 1 540 122 124 585 217 186
