Utilizacion 70.917682 VolCajasEmpacado 71.813116 Duracion[s] 60.031000 Iteraciones 1564
0 4 0 0 0 0 63 63 53
1 4 0 0 63 0 63 126 53
2 2 0 0 0 53 60 67 135
3 2 0 0 0 135 60 67 217
4 14 0 0 126 0 64 197 31
5 14 0 0 126 31 64 197 62
6 15 0 0 67 62 69 187 91
7 15 0 0 67 91 69 187 120
8 2 0 0 67 120 82 127 187
9 2 0 0 127 120 82 187 187
10 10 0 0 197 0 99 233 49
11 10 0 0 197 49 99 233 98
12 10 0 0 197 98 99 233 147
13 13 0 0 187 147 69 220 208
14 12 0 0 67 187 62 141 220
15 16 0 69 187 147 123 226 205
16 0 0 63 0 0 146 56 22
17 0 0 146 0 0 229 56 22
18 0 0 229 0 0 312 56 22
19 1 0 63 0 22 146 55 44
20 11 0 63 0 44 163 41 80
21 3 0 60 0 80 168 66 134
22 13 0 60 0 134 129 33 195
23 12 0 60 33 134 134 66 196
24 11 0 82 66 0 118 166 41
25 6 0 134 0 134 180 52 216
26 3 0 82 66 41 136 174 107
27 3 0 82 66 107 136 174 173
28 9 0 82 66 173 119 174 220
29 16 0 123 174 0 177 232 39
30 7 0 123 174 39 189 218 91
31 5 0 123 174 91 224 224 181
32 8 0 136 66 0 235 145 39
33 29 1 119 66 173 149 104 205
34 29 1 119 104 173 149 142 205
35 29 1 119 142 173 151 172 211
36 24 1 123 172 181 177 230 220
37 22 1 149 66 39 193 132 91
38 19 1 149 66 91 237 124 155
39 19 1 149 66 155 237 124 219
40 32 1 177 124 181 246 225 201
41 20 1 180 0 22 288 66 76
42 18 1 180 0 76 262 60 143
43 18 1 180 0 143 262 60 210
44 31 1 237 66 0 320 121 22
45 28 1 237 66 22 306 99 83
46 28 1 237 66 83 306 99 144
47 28 1 237 66 144 306 99 205
48 27 1 246 99 22 320 132 84
49 27 1 246 99 84 320 132 146
50 27 1 246 99 146 320 132 208
51 21 1 246 132 0 296 233 90
52 17 1 246 132 90 282 231 139
53 17 1 246 132 139 282 231 188
54 30 1 246 132 188 302 215 210
55 26 1 302 132 0 402 173 36
56 25 1 302 173 0 410 220 37
57 32 1 302 132 37 371 233 57
58 23 1 302 132 57 381 231 96
59 23 1 302 132 96 401 211 135
60 38 2 262 0 76 306 66 128
61 38 2 262 0 128 306 66 180
62 42 2 262 0 180 331 61 213
63 33 2 302 132 135 384 192 202
64 39 2 302 192 135 410 229 182
65 40 2 302 192 182 402 233 218
66 45 2 320 61 0 403 116 22
67 45 2 320 61 22 403 116 44
68 45 2 320 61 44 403 116 66
69 39 2 306 61 66 414 98 113
70 39 2 306 61 113 414 98 160
71 39 2 306 61 160 414 98 207
72 41 2 320 98 66 394 131 128
73 35 2 331 0 0 439 54 66
74 34 2 331 0 66 419 58 130
75 34 2 331 0 130 419 58 194
76 44 2 331 0 194 414 56 216
77 37 2 402 116 0 448 168 82
78 33 2 401 98 82 468 158 164
79 36 2 384 98 164 485 188 214
80 46 2 439 0 0 538 79 39
81 43 2 439 0 39 559 69 68
82 55 3 410 188 0 484 221 62
83 55 3 484 188 0 558 221 62
84 47 3 419 0 68 520 90 118
85 47 3 419 0 118 520 90 168
86 47 3 419 0 168 520 90 218
87 56 3 410 188 62 479 221 123
88 56 3 410 188 123 479 221 184
89 62 3 402 188 184 502 229 220
90 61 3 485 90 0 586 159 20
91 61 3 485 90 20 586 159 40
92 53 3 485 90 40 539 148 79
93 60 3 485 90 79 568 145 101
94 52 3 485 90 101 584 169 140
95 50 3 485 90 140 548 153 193
96 59 3 485 90 193 568 146 215
97 51 3 502 169 62 584 221 108
98 50 3 502 169 108 565 232 161
99 50 3 502 169 161 565 232 214
100 48 3 520 0 68 587 82 128
101 50 3 520 0 128 583 53 191
