Utilizacion 73.152163 VolCajasEmpacado 74.876594 Duracion[s] 60.021000 Iteraciones 1102
0 4 0 0 0 0 52 46 76
1 4 0 0 46 0 52 92 76
2 4 0 0 0 76 52 46 152
3 4 0 0 46 76 52 92 152
4 8 0 0 0 152 35 59 215
5 10 0 0 59 152 48 106 194
6 2 0 0 106 0 85 215 62
7 2 0 0 106 62 109 168 147
8 2 0 0 168 62 109 230 147
9 8 0 0 106 147 35 169 206
10 7 0 0 169 147 44 218 183
11 1 0 0 169 183 69 217 210
12 7 0 35 106 147 84 150 183
13 7 0 84 106 147 133 150 183
14 6 0 35 106 183 130 152 219
15 8 0 69 152 147 132 211 182
16 8 0 69 152 182 132 211 217
17 1 0 52 0 0 79 69 48
18 1 0 52 0 48 79 69 96
19 1 0 52 0 96 79 69 144
20 10 0 52 0 144 94 48 191
21 9 0 52 69 0 152 106 32
22 9 0 52 69 32 152 106 64
23 9 0 52 69 64 152 106 96
24 6 0 52 69 96 147 105 142
25 6 0 52 69 142 147 105 188
26 5 0 94 0 0 138 62 55
27 5 0 94 0 55 138 62 110
28 5 0 94 0 110 138 62 165
29 5 0 94 0 165 138 62 220
30 5 0 132 150 0 176 212 55
31 5 0 132 150 55 176 212 110
32 5 0 132 150 110 176 212 165
33 5 0 132 150 165 176 212 220
34 0 0 133 106 0 199 137 59
35 0 0 133 106 59 199 137 118
36 0 0 133 106 118 199 137 177
37 3 0 138 0 0 247 66 49
38 3 0 247 0 0 356 66 49
39 20 1 48 62 188 148 99 220
40 18 1 133 105 177 182 149 213
41 12 1 138 0 49 247 62 134
42 12 1 247 0 49 356 62 134
43 12 1 138 0 134 247 62 219
44 12 1 247 0 134 356 62 219
45 19 1 152 66 0 211 101 63
46 16 1 152 62 63 199 104 111
47 22 1 148 62 111 217 89 159
48 21 1 148 62 159 214 93 218
49 14 1 176 149 0 252 195 52
50 14 1 176 149 52 252 195 104
51 14 1 176 149 104 252 195 156
52 14 1 176 149 156 252 195 208
53 21 1 176 195 0 242 226 59
54 21 1 176 195 59 242 226 118
55 21 1 176 195 118 242 226 177
56 17 1 199 101 0 294 147 36
57 15 1 199 101 36 261 145 91
58 15 1 261 101 36 323 145 91
59 15 1 199 101 91 261 145 146
60 15 1 261 101 91 323 145 146
61 13 1 199 93 146 308 142 212
62 22 1 217 66 0 286 93 48
63 18 1 242 195 0 291 231 44
64 11 1 242 195 44 333 232 98
65 16 1 252 147 0 294 194 48
66 13 1 294 145 0 403 194 66
67 31 2 176 195 177 276 227 214
68 34 2 252 145 66 347 191 102
69 34 2 252 145 102 347 191 138
70 33 2 217 66 48 286 93 96
71 33 2 217 66 96 286 93 144
72 32 2 217 62 144 283 93 203
73 25 2 252 145 138 304 191 214
74 27 2 276 191 98 323 233 146
75 27 2 276 191 146 323 233 194
76 29 2 304 145 138 340 189 187
77 30 2 308 66 0 367 101 63
78 32 2 286 62 63 352 93 122
79 29 2 308 62 122 357 98 166
80 25 2 308 62 166 384 114 212
81 28 2 333 194 0 424 231 54
82 28 2 333 194 54 424 231 108
83 28 2 333 194 108 424 231 162
84 26 2 323 189 162 385 233 217
85 23 2 347 114 66 456 176 151
86 24 2 340 114 151 449 163 217
87 27 2 356 0 0 398 48 47
88 27 2 398 0 0 440 48 47
89 26 2 356 0 47 400 62 102
90 26 2 356 0 102 400 62 157
91 25 2 356 0 157 432 46 209
92 44 3 384 62 0 453 89 48
93 44 3 384 62 48 453 89 96
94 41 3 384 62 96 420 111 140
95 38 3 385 163 162 429 225 217
96 41 3 384 62 140 428 98 189
97 43 3 384 46 189 450 105 220
98 39 3 429 176 0 476 224 42
99 39 3 429 176 42 476 224 84
100 39 3 429 176 84 476 224 126
101 35 3 429 176 126 475 228 202
102 45 3 440 0 0 531 37 54
103 45 3 440 0 54 531 37 108
104 45 3 440 0 108 531 37 162
105 45 3 440 0 162 531 37 216
106 36 3 453 37 0 538 99 109
107 36 3 453 37 109 538 99 218
108 42 3 456 99 0 556 131 37
109 38 3 456 131 0 518 175 55
110 37 3 456 99 55 565 165 104
111 43 3 456 99 104 522 130 163
112 40 3 449 105 163 544 151 199
113 37 3 476 175 0 585 224 66
114 37 3 476 165 66 585 231 115
115 37 3 476 151 115 585 217 164
116 37 3 476 151 164 585 217 213
