Utilizacion 72.618421 VolCajasEmpacado 73.372633 Duracion[s] 60.010000 Iteraciones 3480
0 2 0 0 0 0 48 46 64
1 0 0 0 0 64 85 89 97
2 1 0 0 89 0 25 168 22
3 5 1 0 0 97 85 89 130
4 5 1 0 0 130 85 89 163
5 4 1 0 0 163 48 64 209
6 3 1 0 168 0 79 193 22
7 6 2 0 64 163 79 89 185
8 6 2 0 64 185 79 86 210
9 7 2 48 0 163 94 64 211
10 9 3 0 89 22 48 153 68
11 8 3 0 89 68 89 174 101
12 8 3 0 89 101 89 174 134
13 10 4 0 89 134 89 174 167
14 11 4 0 89 167 46 153 215
15 11 4 46 89 167 110 137 213
16 11 4 46 137 167 110 185 213
17 10 4 94 0 0 183 85 33
18 12 5 0 193 0 79 215 25
19 12 5 0 193 25 79 215 50
20 12 5 0 193 50 79 215 75
21 14 5 0 185 75 64 233 121
22 14 5 0 185 121 64 233 167
23 14 5 0 185 167 64 233 213
24 13 5 94 0 33 183 85 66
25 16 6 79 185 0 143 231 48
26 16 6 79 185 48 143 231 96
27 15 6 94 0 66 183 85 99
28 15 6 94 0 99 179 89 132
29 15 6 94 0 132 179 89 165
30 18 7 64 185 96 110 233 160
31 19 7 64 185 160 143 210 182
32 17 7 94 0 165 179 89 198
33 20 8 79 64 198 158 89 220
34 22 8 110 89 0 156 153 48
35 21 8 110 89 48 195 178 81
36 23 9 94 0 198 173 25 220
37 25 9 110 89 81 174 137 127
38 25 9 110 137 81 174 185 127
39 25 9 110 89 127 174 137 173
40 25 9 110 137 127 174 185 173
41 25 9 110 89 173 158 153 219
42 24 9 183 0 0 268 89 33
43 24 9 183 0 33 268 89 66
44 24 9 183 0 66 268 89 99
45 24 9 183 0 99 268 89 132
46 24 9 183 0 132 268 89 165
47 27 10 143 153 173 191 217 219
48 26 10 179 0 165 264 89 198
49 26 10 195 89 0 280 178 33
50 29 11 191 178 0 237 226 64
51 28 11 195 89 33 284 174 66
52 28 11 195 89 66 284 174 99
53 28 11 195 89 99 284 174 132
54 28 11 195 89 132 284 174 165
55 30 12 191 89 165 280 174 198
56 30 12 268 0 0 353 89 33
57 31 13 268 0 33 353 89 66
58 31 13 268 0 66 357 85 99
59 32 14 94 25 198 173 50 220
60 34 14 191 178 64 255 226 110
61 34 14 191 174 110 255 220 158
62 34 14 191 174 158 255 220 206
63 33 14 268 0 99 357 85 132
64 33 14 268 0 132 357 85 165
65 36 15 255 178 0 301 226 64
66 36 15 255 174 64 301 222 128
67 36 15 255 174 128 301 222 192
68 35 15 280 0 165 365 89 198
69 37 16 158 50 198 237 75 220
70 38 16 284 89 0 332 153 46
71 38 16 284 89 46 332 153 92
72 39 17 158 75 198 237 100 220
73 39 17 237 75 198 316 100 220
74 41 17 284 100 92 330 164 140
75 40 17 332 89 0 421 174 33
76 40 17 332 89 33 417 178 66
77 42 18 158 100 198 237 125 220
78 42 18 237 100 198 316 125 220
79 43 18 332 89 66 417 178 99
80 43 18 330 89 99 419 174 132
81 45 19 284 125 140 332 171 204
82 45 19 301 178 0 347 226 64
83 44 19 332 89 132 417 178 165
84 44 19 332 89 165 417 178 198
85 46 20 173 0 198 252 25 220
86 46 20 173 25 198 252 50 220
87 46 20 237 50 198 316 75 220
88 48 20 301 178 64 347 226 128
89 48 20 301 178 128 347 226 192
90 47 20 365 0 0 454 85 33
91 47 20 454 0 0 543 85 33
92 50 21 347 178 0 411 226 46
93 49 21 365 0 33 450 89 66
94 51 22 252 0 198 331 25 220
95 51 22 252 25 198 331 50 220
96 53 22 347 178 46 393 226 110
97 53 22 347 178 110 393 226 174
98 52 22 365 0 66 450 89 99
99 52 22 365 0 99 450 89 132
100 54 23 255 178 192 334 200 217
101 54 23 316 50 198 395 75 220
102 55 23 395 0 132 480 89 165
103 55 23 395 0 165 480 89 198
104 58 24 255 200 192 334 222 217
105 58 24 316 75 198 395 100 220
106 58 24 316 100 198 395 125 220
107 58 24 332 125 198 411 150 220
108 58 24 332 150 198 411 175 220
109 56 24 347 178 174 411 226 220
110 56 24 411 178 0 475 224 48
111 57 24 421 89 0 506 178 33
112 59 25 395 0 198 474 25 220
113 59 25 331 25 198 410 50 220
114 60 25 411 178 48 457 226 112
115 61 25 480 0 33 565 89 66
116 62 26 395 50 198 474 75 220
117 62 26 395 75 198 474 100 220
118 62 26 410 25 198 489 50 220
119 64 26 411 178 112 475 226 158
120 63 26 489 0 66 574 89 99
121 66 27 411 178 158 475 224 206
122 65 27 480 0 99 559 25 121
123 66 27 419 100 33 467 146 97
124 67 28 480 0 121 559 25 143
125 67 28 480 0 143 559 25 165
126 69 28 419 100 97 467 164 143
127 69 28 419 100 143 467 164 189
128 69 28 489 0 165 553 46 213
129 68 28 489 46 99 578 131 132
130 70 29 417 100 189 496 125 211
131 70 29 417 125 189 496 150 211
132 70 29 417 150 189 496 175 211
133 72 29 475 178 0 539 224 48
134 70 29 475 175 48 554 197 73
135 71 29 496 46 132 585 131 165
136 71 29 496 46 165 585 131 198
137 75 30 489 46 198 568 71 220
138 73 30 496 131 73 581 220 106
139 74 30 475 175 106 539 223 152
140 76 31 475 175 152 539 221 200
141 77 32 474 71 198 553 96 220
142 77 32 496 131 106 575 153 131
143 77 32 496 131 131 575 153 156
144 79 32 539 153 106 587 217 152
145 79 32 539 153 152 585 217 200
