Utilizacion 80.797524 VolCajasEmpacado 81.459417 Duracion[s] 60.013000 Iteraciones 2668
0 0 0 0 0 0 60 43 69
1 0 0 0 43 0 60 86 69
2 0 0 0 86 0 60 129 69
3 0 0 0 129 0 60 172 69
4 0 0 0 172 0 60 215 69
5 2 0 0 0 69 64 66 105
6 2 0 0 0 105 64 66 141
7 2 0 0 0 141 64 66 177
8 2 0 0 0 177 64 66 213
9 1 0 0 66 69 73 163 118
10 1 0 0 66 118 73 115 215
11 1 0 0 115 118 73 164 215
12 1 0 0 164 69 73 213 166
13 1 0 64 0 0 137 49 97
14 4 1 0 164 166 60 233 209
15 5 1 64 0 97 137 49 194
16 5 1 73 49 0 170 98 73
17 5 1 73 49 73 170 98 146
18 5 1 73 49 146 170 98 219
19 3 1 73 98 0 137 164 36
20 3 1 73 164 0 137 230 36
21 3 1 73 98 36 137 164 72
22 3 1 73 164 36 137 230 72
23 4 1 73 98 72 142 141 132
24 4 1 73 141 72 142 184 132
25 4 1 73 184 72 142 227 132
26 3 1 73 98 132 109 164 196
27 7 2 73 164 132 116 233 192
28 6 2 109 98 132 145 164 196
29 6 2 116 164 132 152 230 196
30 8 2 137 0 0 210 49 97
31 8 2 137 0 97 210 49 194
32 6 2 145 98 0 211 134 64
33 6 2 145 98 64 211 134 128
34 6 2 145 98 128 211 134 192
35 8 2 152 134 0 225 231 49
36 8 2 152 134 49 225 231 98
37 6 2 152 134 98 218 198 134
38 10 3 152 134 134 221 194 177
39 10 3 152 134 177 212 203 220
40 11 3 170 49 0 243 98 97
41 11 3 170 49 97 243 98 194
42 11 3 210 0 0 307 49 73
43 11 3 210 0 73 307 49 146
44 11 3 210 0 146 307 49 219
45 9 3 211 98 0 277 134 64
46 9 3 211 98 64 277 134 128
47 9 3 211 98 128 275 134 194
48 11 3 225 134 0 274 231 73
49 11 3 225 134 73 274 231 146
50 9 3 212 194 146 278 230 210
51 10 3 221 134 146 264 194 215
52 9 3 243 49 0 307 85 66
53 10 3 243 49 66 303 92 135
54 13 4 243 49 135 340 98 208
55 12 4 274 134 0 340 170 64
56 12 4 274 134 64 340 170 128
57 12 4 274 134 128 340 170 192
58 12 4 277 98 0 341 134 66
59 12 4 277 98 66 341 134 132
60 12 4 277 98 132 341 134 198
61 13 4 278 170 0 351 219 97
62 13 4 278 170 97 351 219 194
63 13 4 307 0 0 404 49 73
64 15 5 307 0 73 404 49 146
65 15 5 307 0 146 404 49 219
66 14 5 340 49 0 404 85 66
67 14 5 404 49 0 468 85 66
68 14 5 468 49 0 532 85 66
69 14 5 340 49 66 404 85 132
70 14 5 340 49 132 404 85 198
71 14 5 340 134 0 406 170 64
72 14 5 406 134 0 472 170 64
73 15 5 341 85 0 438 134 73
74 15 5 341 85 73 438 134 146
75 15 5 341 85 146 438 134 219
76 16 5 351 170 0 420 230 43
77 16 5 351 170 43 420 230 86
78 16 5 351 170 86 420 230 129
79 16 5 351 170 129 420 230 172
80 16 5 351 170 172 420 230 215
81 17 6 340 134 64 406 170 128
82 17 6 340 134 128 406 170 192
83 17 6 406 134 64 472 170 128
84 18 6 404 0 0 473 43 60
85 18 6 473 0 0 542 43 60
86 18 6 404 0 60 473 43 120
87 18 6 473 0 60 542 43 120
88 19 6 420 134 128 517 183 201
89 19 6 404 0 120 453 73 217
90 19 6 420 183 0 517 232 73
91 19 6 420 183 73 517 232 146
92 21 7 420 183 146 480 226 215
93 22 7 438 85 0 535 134 73
94 22 7 438 85 73 535 134 146
95 22 7 438 85 146 535 134 219
96 22 7 453 0 120 502 73 217
97 20 7 480 183 146 546 219 210
98 22 7 502 0 120 575 49 217
99 21 7 517 134 0 586 177 60
100 21 7 517 134 60 586 177 120
101 21 7 517 134 120 586 177 180
102 22 7 535 49 0 584 122 97
103 22 7 535 49 97 584 122 194
