Utilizacion 80.732665 VolCajasEmpacado 81.267160 Duracion[s] 60.005000 Iteraciones 1419
0 1 0 0 0 0 30 77 42
1 1 0 0 0 42 30 77 84
2 1 0 0 0 84 30 77 126
3 1 0 0 0 126 30 77 168
4 1 0 0 0 168 30 77 210
5 2 0 0 77 0 58 138 32
6 2 0 58 77 0 116 138 32
7 2 0 116 77 0 174 138 32
8 2 0 174 77 0 232 138 32
9 2 0 232 77 0 290 138 32
10 2 0 290 77 0 348 138 32
11 2 0 348 77 0 406 138 32
12 2 0 406 77 0 464 138 32
13 2 0 464 77 0 522 138 32
14 2 0 522 77 0 580 138 32
15 2 0 0 138 0 58 199 32
16 2 0 58 138 0 116 199 32
17 2 0 116 138 0 174 199 32
18 2 0 174 138 0 232 199 32
19 2 0 232 138 0 290 199 32
20 2 0 290 138 0 348 199 32
21 2 0 348 138 0 406 199 32
22 2 0 406 138 0 464 199 32
23 2 0 464 138 0 522 199 32
24 2 0 522 138 0 580 199 32
25 1 0 0 199 0 77 229 42
26 1 0 0 199 42 77 229 84
27 1 0 0 199 84 77 229 126
28 1 0 0 199 126 77 229 168
29 1 0 0 199 168 77 229 210
30 0 0 0 77 32 98 122 60
31 0 0 0 122 32 98 167 60
32 0 0 0 77 60 98 122 88
33 0 0 0 122 60 98 167 88
34 0 0 0 77 88 98 122 116
35 0 0 0 122 88 98 167 116
36 0 0 0 77 116 98 122 144
37 0 0 0 122 116 98 167 144
38 0 0 0 77 144 98 122 172
39 0 0 0 122 144 98 167 172
40 0 0 0 77 172 98 122 200
41 0 0 0 122 172 98 167 200
42 0 0 0 167 32 98 195 77
43 0 0 0 167 77 98 195 122
44 0 0 0 167 122 98 195 167
45 0 0 0 167 167 98 195 212
46 0 0 30 0 0 128 28 45
47 0 0 30 28 0 128 56 45
48 0 0 30 0 45 128 45 73
49 0 0 30 0 73 128 28 118
50 0 0 30 28 73 128 56 118
51 5 1 30 0 118 91 32 176
52 5 1 30 32 118 91 64 176
53 4 1 30 0 176 72 77 206
54 4 1 72 0 176 102 77 218
55 5 1 77 199 0 135 231 61
56 5 1 77 199 61 135 231 122
57 5 1 77 199 122 135 231 183
58 4 1 98 77 32 128 154 74
59 4 1 98 77 74 128 154 116
60 4 1 98 77 116 128 154 158
61 4 1 98 77 158 128 154 200
62 4 1 102 0 118 132 77 160
63 4 1 102 0 160 132 77 202
64 3 1 98 154 32 196 199 60
65 3 1 98 154 60 196 199 88
66 3 1 98 154 88 196 199 116
67 3 1 98 154 116 196 199 144
68 3 1 98 154 144 196 199 172
69 3 1 98 154 172 196 199 200
70 4 1 128 77 32 158 154 74
71 4 1 128 77 74 158 154 116
72 4 1 128 77 116 158 154 158
73 4 1 128 77 158 158 154 200
74 5 1 132 0 0 164 58 61
75 5 1 132 0 61 164 58 122
76 5 1 132 0 122 164 58 183
77 4 1 132 0 183 174 77 213
78 3 1 158 77 32 256 105 77
79 3 1 158 77 77 256 105 122
80 3 1 158 77 122 256 105 167
81 3 1 158 77 167 256 105 212
82 4 1 135 199 0 212 229 42
83 4 1 135 199 42 212 229 84
84 4 1 135 199 84 212 229 126
85 4 1 135 199 126 212 229 168
86 4 1 135 199 168 212 229 210
87 3 1 158 105 32 256 150 60
88 3 1 158 105 60 256 150 88
89 5 1 158 105 88 216 137 149
90 5 1 216 105 88 274 137 149
91 5 1 158 105 149 216 137 210
92 5 1 216 105 149 274 137 210
93 4 1 174 0 0 204 77 42
94 4 1 204 0 0 234 77 42
95 4 1 174 0 42 204 77 84
96 4 1 204 0 42 234 77 84
97 4 1 174 0 84 204 77 126
98 4 1 204 0 84 234 77 126
99 4 1 174 0 126 204 77 168
100 4 1 204 0 126 234 77 168
101 4 1 174 0 168 204 77 210
102 4 1 204 0 168 234 77 210
103 4 1 196 150 32 273 192 62
104 4 1 196 150 62 273 192 92
105 5 1 196 137 92 257 169 150
106 5 1 196 137 150 254 198 182
107 5 1 196 137 182 254 198 214
108 5 1 257 137 92 289 195 153
109 5 1 257 137 153 289 195 214
110 5 1 212 199 0 273 231 58
111 5 1 212 199 58 273 231 116
112 5 1 212 199 116 273 231 174
113 3 1 212 198 174 310 226 219
114 7 2 234 0 0 276 77 30
115 8 2 234 0 30 266 58 91
116 8 2 234 0 91 266 58 152
117 8 2 234 0 152 266 58 213
118 6 2 256 58 32 354 103 60
119 6 2 354 58 32 452 103 60
120 6 2 452 58 32 550 103 60
121 6 2 256 58 60 354 103 88
122 6 2 354 58 60 452 103 88
123 6 2 452 58 60 550 103 88
124 6 2 256 58 88 354 103 116
125 6 2 354 58 88 452 103 116
126 6 2 452 58 88 550 103 116
127 6 2 256 58 116 354 103 144
128 6 2 354 58 116 452 103 144
129 6 2 452 58 116 550 103 144
130 6 2 256 58 144 354 103 172
131 6 2 354 58 144 452 103 172
132 6 2 452 58 144 550 103 172
133 6 2 256 58 172 354 103 200
134 6 2 354 58 172 452 103 200
135 6 2 452 58 172 550 103 200
136 8 2 274 103 32 332 135 93
137 8 2 274 103 93 332 135 154
138 8 2 274 103 154 332 135 215
139 8 2 289 135 32 321 196 90
140 8 2 289 135 90 321 196 148
141 8 2 289 135 148 321 196 206
142 7 2 321 135 32 363 212 62
143 7 2 321 135 62 363 212 92
144 7 2 321 135 92 363 212 122
145 7 2 321 135 122 363 212 152
146 7 2 321 135 152 363 212 182
147 7 2 321 135 182 363 212 212
148 7 2 276 0 0 353 30 42
149 7 2 276 0 42 353 30 84
150 7 2 276 0 84 353 30 126
151 7 2 276 0 126 353 30 168
152 7 2 276 0 168 353 30 210
153 6 2 276 30 0 374 58 45
154 6 2 276 30 45 374 58 90
155 6 2 276 30 90 374 58 135
156 8 2 332 103 32 393 135 90
157 8 2 393 103 32 454 135 90
158 8 2 332 103 90 393 135 148
159 8 2 393 103 90 454 135 148
160 8 2 332 103 148 393 135 206
161 8 2 393 103 148 454 135 206
162 8 2 363 199 0 424 231 58
163 9 3 266 30 135 364 58 180
164 11 3 363 135 32 421 196 64
165 11 3 421 135 32 479 196 64
166 11 3 479 135 32 537 196 64
167 10 3 353 0 0 430 30 42
168 10 3 430 0 0 507 30 42
169 10 3 507 0 0 584 30 42
170 10 3 353 0 42 430 30 84
171 10 3 430 0 42 507 30 84
172 10 3 507 0 42 584 30 84
173 10 3 353 0 84 430 30 126
174 10 3 430 0 84 507 30 126
175 10 3 507 0 84 584 30 126
176 10 3 353 0 126 430 30 168
177 10 3 430 0 126 507 30 168
178 10 3 507 0 126 584 30 168
179 10 3 353 0 168 430 30 210
180 10 3 430 0 168 507 30 210
181 10 3 507 0 168 584 30 210
182 9 3 363 135 64 408 233 92
183 9 3 408 135 64 453 233 92
184 9 3 453 135 64 498 233 92
185 9 3 498 135 64 543 233 92
186 9 3 363 135 92 391 233 137
187 9 3 363 135 137 408 233 165
188 9 3 363 135 165 408 233 193
189 11 3 408 135 92 466 167 153
190 11 3 408 167 92 466 199 153
191 11 3 408 199 92 466 231 153
192 11 3 408 135 153 466 167 214
193 11 3 408 167 153 466 199 214
194 11 3 408 199 153 466 231 214
195 10 3 466 103 92 508 180 122
196 10 3 466 103 122 508 180 152
197 10 3 466 103 152 508 180 182
198 10 3 466 103 182 508 180 212
199 9 3 374 30 0 472 58 45
200 9 3 472 30 0 570 58 45
201 9 3 374 30 45 472 58 90
202 9 3 472 30 45 570 58 90
203 9 3 374 30 90 472 58 135
204 9 3 472 30 90 570 58 135
205 9 3 374 30 135 472 58 180
206 9 3 472 30 135 570 58 180
207 10 3 466 180 92 543 222 122
208 10 3 466 180 122 543 222 152
209 10 3 466 180 152 543 222 182
210 10 3 466 180 182 543 222 212
211 10 3 508 103 32 585 133 74
212 11 3 508 103 74 566 135 135
213 11 3 508 103 135 566 135 196
214 11 3 508 135 92 566 167 153
215 11 3 508 135 153 566 167 214
216 11 3 543 167 32 575 228 90
217 11 3 543 167 90 575 228 148
218 11 3 543 167 148 575 228 206
