Utilizacion 80.704741 VolCajasEmpacado 81.542378 Duracion[s] 60.017000 Iteraciones 806
0 2 0 0 0 0 91 33 29
1 2 0 0 33 0 91 66 29
2 2 0 0 66 0 91 99 29
3 2 0 0 99 0 91 132 29
4 2 0 0 132 0 91 165 29
5 2 0 0 165 0 91 198 29
6 2 0 0 198 0 91 231 29
7 9 0 0 0 29 87 36 82
8 9 0 0 36 29 87 72 82
9 9 0 0 72 29 87 108 82
10 9 0 0 0 82 87 36 135
11 9 0 0 36 82 87 72 135
12 9 0 0 72 82 87 108 135
13 9 0 0 0 135 87 36 188
14 9 0 0 36 135 87 72 188
15 9 0 0 72 135 87 108 188
16 3 0 0 0 188 53 34 219
17 3 0 53 0 188 106 34 219
18 3 0 0 34 188 53 68 219
19 3 0 53 34 188 106 68 219
20 3 0 0 68 188 53 102 219
21 3 0 53 68 188 106 102 219
22 3 0 0 108 29 53 142 60
23 3 0 53 108 29 106 142 60
24 3 0 0 108 60 53 142 91
25 3 0 53 108 60 106 142 91
26 3 0 0 108 91 53 142 122
27 3 0 53 108 91 106 142 122
28 2 0 0 142 29 33 233 58
29 6 0 0 142 58 35 232 102
30 6 0 0 142 102 35 232 146
31 6 0 0 142 146 35 232 190
32 0 0 0 102 190 60 192 215
33 8 0 35 192 29 82 228 100
34 6 0 35 192 100 125 227 144
35 10 0 35 192 144 154 233 182
36 10 0 35 192 182 154 233 220
37 8 0 60 108 122 96 155 193
38 8 0 60 155 29 107 191 100
39 8 0 60 155 100 107 191 171
40 0 0 60 102 193 120 192 218
41 6 0 106 0 0 196 35 44
42 6 0 106 0 44 196 35 88
43 6 0 106 0 88 196 35 132
44 6 0 106 0 132 196 35 176
45 6 0 106 0 176 196 35 220
46 11 0 106 35 0 193 75 68
47 1 0 106 35 68 161 102 95
48 7 0 106 35 95 203 70 151
49 7 0 106 35 151 203 70 207
50 2 0 106 70 95 197 99 128
51 2 0 106 70 128 197 99 161
52 2 0 106 70 161 197 99 194
53 12 0 120 102 0 171 192 55
54 12 0 120 102 55 171 192 110
55 12 0 120 102 110 171 192 165
56 12 0 120 102 165 171 192 220
57 11 0 154 192 0 241 232 68
58 11 0 241 192 0 328 232 68
59 11 0 328 192 0 415 232 68
60 11 0 154 192 68 241 232 136
61 11 0 241 192 68 328 232 136
62 11 0 328 192 68 415 232 136
63 11 0 154 192 136 241 232 204
64 11 0 241 192 136 328 232 204
65 11 0 328 192 136 415 232 204
66 2 0 171 99 0 204 190 29
67 2 0 171 99 29 204 190 58
68 12 0 171 99 58 222 189 113
69 12 0 171 99 113 226 189 164
70 12 0 171 99 164 226 189 215
71 7 0 196 0 0 293 35 56
72 7 0 196 0 56 293 35 112
73 7 0 196 0 112 293 35 168
74 5 0 196 0 168 309 34 215
75 13 0 203 35 0 314 99 51
76 13 0 314 35 0 425 99 51
77 13 0 425 35 0 536 99 51
78 13 0 203 35 51 314 99 102
79 13 0 314 35 51 425 99 102
80 13 0 425 35 51 536 99 102
81 13 0 203 35 102 314 99 153
82 13 0 314 35 102 425 99 153
83 13 0 425 35 102 536 99 153
84 13 0 203 35 153 314 99 204
85 13 0 314 35 153 425 99 204
86 13 0 425 35 153 536 99 204
87 0 0 226 99 0 286 189 25
88 0 0 286 99 0 346 189 25
89 0 0 346 99 0 406 189 25
90 0 0 406 99 0 466 189 25
91 0 0 466 99 0 526 189 25
92 0 0 526 99 0 586 189 25
93 14 0 226 99 25 296 174 113
94 14 0 296 99 25 366 174 113
95 14 0 366 99 25 436 174 113
96 14 0 436 99 25 506 174 113
97 14 0 506 99 25 576 174 113
98 14 0 226 99 113 296 174 201
99 14 0 296 99 113 366 174 201
100 14 0 366 99 113 436 174 201
101 14 0 436 99 113 506 174 201
102 14 0 506 99 113 576 174 201
103 5 0 309 0 0 422 34 47
104 5 0 309 0 47 422 34 94
105 5 0 309 0 94 422 34 141
106 5 0 309 0 141 422 34 188
107 10 0 415 189 0 534 230 38
108 10 0 415 189 38 534 230 76
109 10 0 415 189 76 534 230 114
110 10 0 415 189 114 534 230 152
111 10 0 415 189 152 534 230 190
112 1 0 415 174 190 482 229 217
113 7 0 422 0 0 519 35 56
114 7 0 422 0 56 519 35 112
115 7 0 422 0 112 519 35 168
116 5 0 422 0 168 535 34 215
117 1 0 482 174 190 549 229 217
118 12 0 536 0 0 587 90 55
119 12 0 536 0 55 587 90 110
120 12 0 536 0 110 587 90 165
121 8 0 536 0 165 583 71 201
