Utilizacion 82.007011 VolCajasEmpacado 83.879279 Duracion[s] 60.019000 Iteraciones 1358
0 7 0 0 0 0 73 73 109
1 7 0 0 73 0 73 146 109
2 7 0 0 146 0 73 219 109
3 7 0 0 0 109 73 73 218
4 7 0 0 73 109 73 146 218
5 7 0 0 146 109 73 219 218
6 4 0 73 0 0 151 84 51
7 4 0 151 0 0 229 84 51
8 4 0 73 0 51 151 84 102
9 4 0 151 0 51 229 84 102
10 4 0 73 0 102 151 84 153
11 4 0 151 0 102 229 84 153
12 4 0 73 0 153 151 84 204
13 4 0 151 0 153 229 84 204
14 6 0 73 84 0 151 174 55
15 6 0 73 84 55 151 174 110
16 6 0 73 84 110 151 174 165
17 6 0 73 84 165 151 174 220
18 5 0 73 174 0 125 232 73
19 5 0 73 174 73 131 226 146
20 5 0 73 174 146 131 226 219
21 2 0 131 174 0 173 231 65
22 2 0 131 174 65 173 231 130
23 2 0 131 174 130 173 231 195
24 0 0 151 84 0 251 128 37
25 0 0 151 128 0 251 172 37
26 1 0 151 84 37 192 169 95
27 1 0 151 84 95 192 169 153
28 1 0 151 84 153 192 169 211
29 4 0 173 172 0 257 223 78
30 4 0 173 172 78 257 223 156
31 1 0 173 169 156 258 227 197
32 4 0 192 84 37 276 135 115
33 6 0 192 84 115 270 139 205
34 3 0 229 0 0 279 81 69
35 3 0 229 0 69 279 81 138
36 3 0 229 0 138 279 81 207
37 3 0 258 139 0 339 189 69
38 3 0 258 139 69 339 189 138
39 3 0 258 139 138 339 189 207
40 0 0 258 189 0 358 233 37
41 0 0 258 189 37 358 233 74
42 2 0 258 189 74 323 231 131
43 3 0 276 81 0 345 131 81
44 3 0 345 81 0 414 131 81
45 3 0 276 81 81 345 131 162
46 3 0 345 81 81 414 131 162
47 3 0 279 0 0 329 81 69
48 10 1 258 189 131 323 231 188
49 10 1 270 81 162 335 138 204
50 10 1 335 81 162 400 138 204
51 10 1 323 189 74 380 231 139
52 10 1 323 189 139 380 231 204
53 12 1 279 0 69 363 78 120
54 12 1 279 0 120 363 78 171
55 8 1 279 0 171 379 37 215
56 8 1 279 37 171 379 74 215
57 12 1 339 138 0 423 189 78
58 12 1 339 138 78 423 189 156
59 9 1 339 138 156 424 179 214
60 11 1 379 0 0 429 81 69
61 12 1 379 0 69 463 78 120
62 12 1 379 0 120 463 78 171
63 8 1 379 0 171 479 37 215
64 8 1 379 37 171 479 74 215
65 8 1 380 189 0 480 226 44
66 8 1 480 189 0 580 226 44
67 10 1 380 189 44 437 231 109
68 10 1 437 189 44 494 231 109
69 10 1 494 189 44 551 231 109
70 8 1 380 189 109 480 233 146
71 9 1 380 189 146 465 230 204
72 14 1 414 81 0 492 136 90
73 14 1 492 81 0 570 136 90
74 9 1 414 78 90 499 136 131
75 9 1 499 78 90 584 136 131
76 9 1 414 78 131 499 136 172
77 9 1 499 78 131 584 136 172
78 9 1 414 78 172 499 136 213
79 9 1 499 78 172 584 136 213
80 12 1 424 136 0 502 187 84
81 12 1 424 136 84 502 187 168
82 13 1 465 136 168 523 209 220
83 12 1 479 0 0 563 51 78
84 14 1 479 0 78 569 78 133
85 13 1 479 0 133 531 73 191
86 13 1 531 0 133 583 73 191
87 13 1 523 136 0 581 188 73
88 13 1 523 136 73 581 188 146
89 13 1 523 136 146 581 188 219
