Utilizacion 90.509398 VolCajasEmpacado 91.759694 Duracion[s] 60.023000 Iteraciones 1328
0 4 0 0 0 0 62 73 54
1 4 0 62 0 0 124 73 54
2 4 0 124 0 0 186 73 54
3 4 0 0 73 0 62 146 54
4 4 0 62 73 0 124 146 54
5 4 0 124 73 0 186 146 54
6 4 0 0 146 0 62 219 54
7 4 0 62 146 0 124 219 54
8 4 0 124 146 0 186 219 54
9 4 0 0 0 54 62 73 108
10 4 0 62 0 54 124 73 108
11 4 0 124 0 54 186 73 108
12 4 0 0 73 54 62 146 108
13 4 0 62 73 54 124 146 108
14 4 0 124 73 54 186 146 108
15 4 0 0 146 54 62 219 108
16 4 0 62 146 54 124 219 108
17 4 0 124 146 54 186 219 108
18 4 0 0 0 108 62 73 162
19 4 0 62 0 108 124 73 162
20 4 0 124 0 108 186 73 162
21 4 0 0 73 108 62 146 162
22 4 0 62 73 108 124 146 162
23 4 0 124 73 108 186 146 162
24 4 0 0 146 108 62 219 162
25 4 0 62 146 108 124 219 162
26 4 0 124 146 108 186 219 162
27 4 0 0 0 162 62 73 216
28 4 0 62 0 162 124 73 216
29 4 0 124 0 162 186 73 216
30 4 0 0 73 162 62 146 216
31 4 0 62 73 162 124 146 216
32 4 0 124 73 162 186 146 216
33 4 0 0 146 162 62 219 216
34 4 0 62 146 162 124 219 216
35 4 0 124 146 162 186 219 216
36 2 0 186 0 0 227 90 63
37 2 0 227 0 0 268 90 63
38 2 0 268 0 0 309 90 63
39 2 0 309 0 0 350 90 63
40 2 0 350 0 0 391 90 63
41 2 0 391 0 0 432 90 63
42 2 0 432 0 0 473 90 63
43 2 0 473 0 0 514 90 63
44 2 0 514 0 0 555 90 63
45 2 0 186 0 63 227 90 126
46 2 0 227 0 63 268 90 126
47 2 0 268 0 63 309 90 126
48 2 0 309 0 63 350 90 126
49 2 0 350 0 63 391 90 126
50 2 0 391 0 63 432 90 126
51 2 0 432 0 63 473 90 126
52 2 0 473 0 63 514 90 126
53 2 0 514 0 63 555 90 126
54 2 0 186 0 126 227 90 189
55 2 0 227 0 126 268 90 189
56 2 0 268 0 126 309 90 189
57 2 0 309 0 126 350 90 189
58 2 0 350 0 126 391 90 189
59 2 0 391 0 126 432 90 189
60 2 0 432 0 126 473 90 189
61 2 0 473 0 126 514 90 189
62 2 0 514 0 126 555 90 189
63 3 0 186 90 0 239 134 57
64 3 0 186 134 0 239 178 57
65 3 0 186 178 0 239 222 57
66 0 0 186 0 189 261 61 213
67 0 0 261 0 189 322 75 213
68 0 0 322 0 189 383 75 213
69 0 0 383 0 189 444 75 213
70 0 0 444 0 189 505 75 213
71 0 0 505 0 189 566 75 213
72 3 0 186 90 57 243 134 110
73 3 0 186 134 57 243 178 110
74 3 0 186 178 57 243 222 110
75 3 0 186 90 110 243 134 163
76 3 0 186 134 110 243 178 163
77 3 0 186 178 110 243 222 163
78 3 0 186 90 163 243 134 216
79 3 0 186 134 163 243 178 216
80 3 0 186 178 163 243 222 216
81 1 0 243 90 0 328 130 73
82 1 0 328 90 0 413 130 73
83 1 0 413 90 0 498 130 73
84 1 0 498 90 0 583 130 73
85 1 0 243 90 73 328 130 146
86 1 0 328 90 73 413 130 146
87 1 0 413 90 73 498 130 146
88 1 0 498 90 73 583 130 146
89 1 0 243 90 146 328 130 219
90 1 0 328 90 146 413 130 219
91 1 0 413 90 146 498 130 219
92 1 0 498 90 146 583 130 219
93 3 0 243 130 0 296 187 44
94 3 0 243 130 44 296 187 88
95 3 0 243 130 88 296 187 132
96 3 0 243 130 132 296 187 176
97 3 0 243 130 176 296 187 220
98 3 0 243 187 0 296 231 57
99 3 0 243 187 57 296 231 114
100 3 0 243 187 114 296 231 171
101 0 0 296 130 0 371 191 24
102 0 0 371 130 0 446 191 24
103 0 0 446 130 0 521 191 24
104 0 0 296 130 24 371 191 48
105 0 0 371 130 24 446 191 48
106 0 0 446 130 24 521 191 48
107 0 0 296 130 48 371 191 72
108 0 0 371 130 48 446 191 72
109 0 0 446 130 48 521 191 72
110 0 0 296 130 72 371 191 96
111 0 0 371 130 72 446 191 96
112 0 0 446 130 72 521 191 96
113 0 0 296 130 96 371 191 120
114 0 0 371 130 96 446 191 120
115 0 0 446 130 96 521 191 120
116 0 0 296 130 120 371 191 144
117 0 0 371 130 120 446 191 144
118 0 0 446 130 120 521 191 144
119 0 0 296 130 144 371 191 168
120 0 0 371 130 144 446 191 168
121 0 0 446 130 144 521 191 168
122 0 0 296 130 168 371 191 192
123 0 0 371 130 168 446 191 192
124 0 0 446 130 168 521 191 192
125 0 0 296 130 192 371 191 216
126 0 0 371 130 192 446 191 216
127 0 0 446 130 192 521 191 216
128 1 0 296 191 0 381 231 73
129 1 0 381 191 0 466 231 73
130 1 0 466 191 0 551 231 73
131 1 0 296 191 73 381 231 146
132 1 0 381 191 73 466 231 146
133 1 0 466 191 73 551 231 146
134 1 0 296 191 146 381 231 219
135 1 0 381 191 146 466 231 219
136 1 0 466 191 146 551 231 219
137 3 0 521 130 0 578 183 44
138 3 0 521 130 44 578 183 88
139 3 0 521 130 88 578 183 132
140 3 0 521 130 132 578 183 176
141 3 0 521 130 176 578 183 220
