Utilizacion 75.420893 VolCajasEmpacado 75.972667 Duracion[s] 60.003000 Iteraciones 4572
0 1 0 0 0 0 43 60 69
1 1 0 0 0 69 43 60 138
2 1 0 0 0 138 43 60 207
3 0 0 0 60 0 97 133 49
4 2 1 0 60 49 36 124 115
5 3 2 0 133 0 66 169 64
6 4 2 0 169 0 73 218 97
7 5 3 0 60 115 36 126 179
8 5 3 0 60 179 66 124 215
9 6 3 0 126 64 69 169 124
10 6 3 0 126 124 69 169 184
11 7 3 0 169 97 97 218 170
12 8 4 43 0 0 140 49 73
13 10 5 0 169 170 69 229 213
14 9 5 43 0 73 107 36 139
15 11 5 43 0 139 140 49 212
16 12 6 66 49 49 115 122 146
17 13 7 66 49 146 163 98 219
18 14 8 69 133 0 135 169 64
19 15 8 97 122 64 146 195 161
20 15 8 97 98 161 170 195 210
21 16 9 97 195 0 161 231 66
22 17 10 140 0 0 213 49 97
23 17 10 140 0 97 213 49 194
24 18 11 97 195 66 163 231 130
25 19 11 163 49 0 232 92 60
26 19 11 163 49 60 232 92 120
27 20 12 97 195 130 161 231 196
28 21 12 163 49 120 260 98 193
29 22 13 163 195 0 229 231 64
30 23 14 163 195 64 229 231 128
31 23 14 163 195 128 229 231 192
32 24 14 170 98 0 267 147 73
33 24 14 170 98 73 267 147 146
34 24 14 170 98 146 267 147 219
35 25 15 170 147 0 234 183 66
36 25 15 170 147 66 234 183 132
37 25 15 170 147 132 234 183 198
38 26 15 213 0 0 282 43 60
39 26 15 213 0 60 282 43 120
40 25 15 213 0 120 279 36 184
41 27 16 229 183 0 295 219 64
42 28 17 229 183 64 326 232 137
43 28 17 229 183 137 326 232 210
44 29 18 234 147 0 300 183 64
45 30 18 260 43 0 329 86 60
46 31 19 234 147 64 300 183 128
47 32 19 260 43 60 329 86 120
48 33 19 267 86 0 364 135 73
49 36 20 234 147 128 298 183 194
50 36 20 267 86 73 333 122 137
51 35 20 260 36 120 333 85 217
52 35 20 267 85 137 364 134 210
53 36 20 282 0 0 348 36 64
54 34 20 300 135 0 369 178 60
55 37 21 282 0 64 346 36 130
56 37 21 279 0 130 343 36 196
57 38 21 300 135 60 369 178 120
58 39 21 300 134 120 373 183 217
59 42 22 326 183 0 423 232 73
60 42 22 326 183 73 423 232 146
61 42 22 326 183 146 423 232 219
62 41 22 333 36 0 402 79 60
63 41 22 333 36 60 402 79 120
64 40 22 333 36 120 397 72 186
65 43 23 348 0 0 412 36 66
66 43 23 348 0 66 412 36 132
67 43 23 348 0 132 412 36 198
68 45 24 364 79 0 461 128 73
69 45 24 364 79 73 461 128 146
70 46 24 364 72 146 407 132 215
71 44 24 373 132 0 439 168 64
72 47 25 373 132 64 470 181 137
73 47 25 373 132 137 470 181 210
74 50 26 402 36 0 466 72 66
75 48 26 407 36 66 467 79 135
76 48 26 407 36 135 467 79 204
77 49 26 407 79 146 504 128 219
78 49 26 423 181 0 520 230 73
79 49 26 423 181 73 520 230 146
80 51 27 412 0 0 478 36 64
81 52 27 423 181 146 520 230 219
82 53 28 412 0 64 478 36 128
83 54 29 412 0 128 476 36 194
84 55 29 470 128 0 543 177 97
85 55 29 470 128 97 543 177 194
86 57 30 467 36 0 536 79 60
87 56 30 467 36 60 531 72 126
88 56 30 467 36 126 531 72 192
89 58 31 478 0 0 544 36 64
90 59 31 504 79 0 577 128 97
91 60 32 478 0 64 544 36 128
92 62 33 504 72 97 577 121 194
93 61 33 520 177 0 584 213 66
94 63 34 520 177 66 586 213 130
95 64 34 520 177 130 580 220 199
96 64 34 544 0 0 587 60 69
97 65 35 544 0 69 587 60 138
98 65 35 544 0 138 587 60 207
