Utilizacion 71.236227 VolCajasEmpacado 73.634824 Duracion[s] 60.011000 Iteraciones 3661
0 1 0 0 0 0 80 99 29
1 1 0 0 99 0 80 198 29
2 4 0 0 0 29 66 67 78
3 5 0 0 0 78 80 79 142
4 5 0 0 0 142 80 79 206
5 0 0 0 79 29 43 193 55
6 6 0 0 79 55 54 193 75
7 3 0 0 79 75 54 126 135
8 2 0 0 126 75 42 219 144
9 1 0 0 79 144 80 178 173
10 9 1 0 178 144 32 231 198
11 10 1 0 79 173 80 178 202
12 9 1 42 198 0 95 230 54
13 9 1 95 198 0 148 230 54
14 12 1 42 193 54 107 223 75
15 12 1 42 193 75 107 223 96
16 11 1 42 178 96 156 221 122
17 11 1 42 178 122 156 221 148
18 11 1 42 178 148 156 221 174
19 11 1 42 178 174 156 221 200
20 7 1 80 0 0 155 113 68
21 7 1 80 0 68 155 113 136
22 7 1 80 0 136 155 113 204
23 8 1 80 113 0 173 155 69
24 13 2 80 155 0 145 176 30
25 16 2 80 113 69 140 167 116
26 18 2 80 113 116 172 163 203
27 17 2 155 0 0 221 67 49
28 19 2 155 0 49 223 113 124
29 19 2 155 0 124 223 113 199
30 19 2 156 163 0 269 231 75
31 14 2 156 163 75 266 226 104
32 16 2 156 163 104 203 217 164
33 18 2 173 113 0 265 163 87
34 15 2 223 0 0 303 99 29
35 15 2 303 0 0 383 99 29
36 15 2 383 0 0 463 99 29
37 20 3 0 178 200 114 232 220
38 29 3 155 0 199 185 65 220
39 24 3 156 163 164 203 223 218
40 21 3 203 113 104 278 226 172
41 25 3 203 113 172 272 206 214
42 21 3 223 0 29 298 113 97
43 21 3 223 0 97 298 113 165
44 26 3 223 0 165 255 53 219
45 28 3 255 0 165 318 110 194
46 22 3 318 0 29 368 92 116
47 28 3 278 113 0 388 176 29
48 28 3 388 113 0 498 176 29
49 23 3 318 0 116 367 67 182
50 27 3 278 113 29 358 212 58
51 27 3 278 113 58 358 212 87
52 31 4 155 65 199 220 95 220
53 31 4 223 53 194 288 83 215
54 30 4 288 0 194 342 114 214
55 35 4 278 114 87 358 193 151
56 35 4 278 114 151 358 193 215
57 33 4 278 193 87 331 225 141
58 35 4 358 92 29 437 172 93
59 34 4 358 92 93 408 179 185
60 34 4 358 179 0 445 229 92
61 34 4 358 179 92 445 229 184
62 32 4 368 0 29 478 63 58
63 41 5 358 179 184 472 233 204
64 40 5 368 0 58 482 26 101
65 42 5 368 26 58 435 92 107
66 42 5 435 26 58 502 92 107
67 39 5 368 0 107 418 87 199
68 36 5 418 0 107 493 68 220
69 39 5 408 92 93 458 179 185
70 38 5 418 68 185 481 178 214
71 37 5 498 92 0 577 156 80
72 37 5 498 156 0 577 220 80
73 46 6 472 178 80 526 210 133
74 46 6 472 178 133 526 231 165
75 50 6 481 92 80 561 171 144
76 49 6 481 68 144 568 160 194
77 43 6 481 68 194 535 182 214
78 48 6 502 0 0 569 49 66
79 51 6 502 0 66 577 68 179
