Utilizacion 67.933237 VolCajasEmpacado 69.584776 Duracion[s] 60.003000 Iteraciones 7127
0 1 0 0 0 0 43 95 66
1 0 0 0 0 66 82 97 144
2 5 1 0 0 144 43 109 177
3 3 1 0 0 177 58 43 203
4 3 1 0 43 177 58 86 203
5 6 1 0 109 0 95 152 66
6 4 1 0 109 66 111 182 137
7 2 1 0 109 137 62 183 167
8 7 2 0 109 167 28 228 201
9 8 2 28 109 167 90 183 197
10 10 2 82 0 0 164 97 78
11 9 2 82 0 78 166 73 144
12 12 3 58 0 144 106 84 213
13 13 3 106 0 144 172 84 217
14 11 3 111 97 0 173 171 30
15 14 3 111 97 30 193 194 108
16 15 4 28 194 0 137 227 43
17 15 4 28 194 43 137 227 86
18 18 5 90 84 137 123 193 180
19 16 5 90 84 180 121 124 215
20 17 5 123 84 108 201 181 190
21 19 6 28 194 86 147 228 114
22 20 6 172 0 0 245 71 111
23 21 6 172 0 111 250 82 208
24 22 7 193 181 0 288 224 66
25 23 8 28 193 114 137 226 157
26 23 8 28 193 157 137 226 200
27 24 9 90 124 190 209 158 218
28 26 9 193 181 66 228 212 106
29 25 9 209 82 0 271 156 30
30 27 10 147 194 106 256 227 149
31 28 10 137 181 149 221 229 218
32 28 10 209 82 30 293 151 78
33 31 11 209 82 78 282 153 189
34 29 11 209 82 189 305 164 217
35 30 11 256 164 66 304 233 150
36 32 12 221 164 150 295 226 180
37 33 12 250 0 0 347 82 78
38 34 13 221 164 180 261 195 215
39 35 13 250 0 78 297 80 153
40 38 14 250 0 153 334 69 201
41 39 14 304 164 0 399 230 43
42 36 14 305 82 0 402 160 82
43 37 14 305 160 43 376 233 154
44 40 14 305 69 82 401 151 110
45 42 15 221 195 180 340 229 208
46 41 15 295 164 154 353 190 197
47 43 15 305 69 110 380 116 190
48 44 16 347 0 0 431 66 73
49 46 17 305 116 110 414 159 143
50 45 17 305 69 190 401 151 218
51 48 17 347 0 73 420 66 157
52 47 17 399 160 0 479 207 75
53 45 17 414 66 0 510 148 28
54 49 18 334 0 157 418 69 205
55 50 19 340 190 154 380 225 185
56 52 20 340 190 185 380 225 216
57 51 20 380 160 75 489 203 108
58 53 20 414 69 28 510 151 56
59 54 21 414 69 56 510 151 84
60 55 22 380 159 108 491 232 179
61 56 23 380 151 179 442 225 209
62 57 23 414 69 84 511 147 166
63 56 23 401 69 166 475 131 196
64 58 24 491 151 0 564 222 111
65 59 25 431 0 0 540 33 43
66 62 26 431 33 0 540 66 43
67 63 26 431 0 43 515 48 112
68 60 26 442 131 166 561 159 200
69 61 26 442 159 179 473 199 214
70 65 27 420 0 112 504 69 160
71 64 27 418 0 160 476 43 186
72 68 28 418 0 186 492 62 216
73 69 28 475 62 166 501 120 209
74 67 28 491 159 111 586 202 177
75 66 28 515 0 43 549 119 71
76 70 29 491 159 177 565 221 207
77 71 29 511 48 71 558 128 146
78 73 30 511 0 146 545 119 174
79 72 30 492 0 174 550 43 200
