Utilizacion 78.674543 VolCajasEmpacado 79.563944 Duracion[s] 60.004000 Iteraciones 3339
0 0 0 0 0 0 75 69 32
1 0 0 0 0 32 75 69 64
2 0 0 0 0 64 75 69 96
3 0 0 0 0 96 75 69 128
4 0 0 0 0 128 75 69 160
5 0 0 0 0 160 75 69 192
6 4 0 0 69 0 32 160 50
7 4 0 0 69 50 32 160 100
8 4 0 0 69 100 32 160 150
9 4 0 0 69 150 32 160 200
10 3 0 0 160 0 118 200 66
11 3 0 118 160 0 236 200 66
12 3 0 0 160 66 118 200 132
13 3 0 118 160 66 236 200 132
14 3 0 0 160 132 118 200 198
15 3 0 118 160 132 236 200 198
16 4 0 0 200 0 91 232 50
17 2 0 32 69 0 129 138 33
18 2 0 32 69 33 129 138 66
19 2 0 32 69 66 129 138 99
20 2 0 32 69 99 129 138 132
21 1 0 32 69 132 105 150 164
22 1 0 32 69 164 105 150 196
23 0 0 75 0 0 150 69 32
24 5 1 0 200 50 91 232 100
25 5 1 0 200 100 91 232 150
26 5 1 0 200 150 91 232 200
27 8 1 75 0 32 172 69 65
28 8 1 75 0 65 172 69 98
29 8 1 75 0 98 172 69 131
30 9 1 75 0 131 193 66 171
31 9 1 75 0 171 193 66 211
32 9 1 129 69 0 247 109 66
33 9 1 247 69 0 365 109 66
34 9 1 365 69 0 483 109 66
35 9 1 129 109 0 247 149 66
36 9 1 247 109 0 365 149 66
37 9 1 365 109 0 483 149 66
38 7 1 129 69 66 202 150 98
39 7 1 202 69 66 275 150 98
40 7 1 275 69 66 348 150 98
41 7 1 348 69 66 421 150 98
42 7 1 421 69 66 494 150 98
43 7 1 129 69 98 202 150 130
44 7 1 129 69 130 202 150 162
45 7 1 129 69 162 202 150 194
46 6 1 193 0 0 268 69 32
47 6 1 193 0 32 268 69 64
48 6 1 193 0 64 268 69 96
49 6 1 193 0 96 268 69 128
50 6 1 193 0 128 268 69 160
51 6 1 193 0 160 268 69 192
52 14 2 91 200 0 182 232 50
53 14 2 91 200 50 182 232 100
54 14 2 91 200 100 182 232 150
55 14 2 91 200 150 182 232 200
56 10 2 202 69 98 275 150 130
57 10 2 202 69 130 275 150 162
58 14 2 182 200 0 273 232 50
59 14 2 182 200 50 273 232 100
60 14 2 182 200 100 273 232 150
61 14 2 182 200 150 273 232 200
62 14 2 202 69 162 234 160 212
63 13 2 234 69 162 303 144 194
64 11 2 236 150 0 354 190 66
65 11 2 354 150 0 472 190 66
66 11 2 236 150 66 354 190 132
67 11 2 354 150 66 472 190 132
68 11 2 236 150 132 354 190 198
69 11 2 354 150 132 472 190 198
70 13 2 268 0 0 343 69 32
71 13 2 343 0 0 418 69 32
72 13 2 418 0 0 493 69 32
73 13 2 493 0 0 568 69 32
74 12 2 268 0 32 365 69 65
75 12 2 268 0 65 365 69 98
76 12 2 268 0 98 365 69 131
77 12 2 268 0 131 365 69 164
78 12 2 268 0 164 365 69 197
79 11 2 273 190 0 391 230 66
80 12 2 303 69 98 400 138 131
81 12 2 400 69 98 497 138 131
82 12 2 303 69 131 400 138 164
83 12 2 400 69 131 497 138 164
84 12 2 303 69 164 400 138 197
85 12 2 365 0 32 462 69 65
86 12 2 365 0 65 462 69 98
87 12 2 365 0 98 462 69 131
88 18 3 365 0 131 462 69 164
89 18 3 365 0 164 462 69 197
90 16 3 400 69 164 475 138 196
91 19 3 273 190 66 391 230 132
92 19 3 273 190 132 391 230 198
93 19 3 391 190 0 509 230 66
94 19 3 391 190 66 509 230 132
95 19 3 391 190 132 509 230 198
96 18 3 462 0 32 559 69 65
97 18 3 462 0 65 559 69 98
98 18 3 462 0 98 559 69 131
99 18 3 462 0 131 559 69 164
100 18 3 462 0 164 559 69 197
101 15 3 472 150 0 563 182 50
102 15 3 472 150 50 563 182 100
103 15 3 472 150 100 563 182 150
104 15 3 472 150 150 563 182 200
105 17 3 497 69 0 570 150 32
106 17 3 497 69 32 570 150 64
107 17 3 497 69 64 570 150 96
108 17 3 497 69 96 570 150 128
109 17 3 497 69 128 570 150 160
110 17 3 497 69 160 570 150 192
