Utilizacion 80.444462 VolCajasEmpacado 81.643927 Duracion[s] 60.081000 Iteraciones 479
0 10 0 0 0 0 98 53 44
1 10 0 0 0 44 98 53 88
2 10 0 0 0 88 98 53 132
3 10 0 0 0 132 98 53 176
4 10 0 0 0 176 98 53 220
5 0 0 0 53 0 54 88 25
6 0 0 0 88 0 54 123 25
7 0 0 0 123 0 54 158 25
8 0 0 0 158 0 54 193 25
9 0 0 0 193 0 54 228 25
10 9 0 0 53 25 102 95 102
11 9 0 0 95 25 102 137 102
12 9 0 0 137 25 102 179 102
13 9 0 0 179 25 102 221 102
14 8 0 0 53 102 93 94 154
15 8 0 0 53 154 93 94 206
16 4 0 0 94 102 39 167 135
17 4 0 0 94 135 39 167 168
18 4 0 0 94 168 39 167 201
19 2 0 0 167 102 50 196 144
20 2 0 0 196 102 50 225 144
21 2 0 0 167 144 50 196 186
22 2 0 0 196 144 50 225 186
23 5 0 0 167 186 53 204 220
24 4 0 39 94 102 78 167 135
25 4 0 78 94 102 117 167 135
26 4 0 39 94 135 78 167 168
27 4 0 78 94 135 117 167 168
28 4 0 39 94 168 78 167 201
29 4 0 78 94 168 117 167 201
30 2 0 50 204 102 92 233 152
31 2 0 50 204 152 92 233 202
32 5 0 53 167 102 90 201 155
33 5 0 53 167 155 90 201 208
34 13 0 98 0 0 152 52 57
35 13 0 98 0 57 152 52 114
36 13 0 98 0 114 152 52 171
37 2 0 98 0 171 140 50 200
38 6 0 102 52 0 175 91 38
39 6 0 175 52 0 248 91 38
40 6 0 248 52 0 321 91 38
41 6 0 102 52 38 175 91 76
42 6 0 175 52 38 248 91 76
43 6 0 248 52 38 321 91 76
44 6 0 102 52 76 175 91 114
45 6 0 175 52 76 248 91 114
46 6 0 248 52 76 321 91 114
47 6 0 102 52 114 175 91 152
48 6 0 175 52 114 248 91 152
49 6 0 248 52 114 321 91 152
50 6 0 102 52 152 175 91 190
51 6 0 175 52 152 248 91 190
52 6 0 248 52 152 321 91 190
53 0 0 93 53 190 147 88 215
54 0 0 147 53 190 201 88 215
55 0 0 201 53 190 255 88 215
56 0 0 255 53 190 309 88 215
57 3 0 102 167 0 196 198 32
58 3 0 102 198 0 196 229 32
59 3 0 102 167 32 196 198 64
60 3 0 102 198 32 196 229 64
61 3 0 102 167 64 196 198 96
62 3 0 102 198 64 196 229 96
63 10 0 102 167 96 200 211 149
64 10 0 102 167 149 200 211 202
65 13 0 117 91 0 174 145 52
66 13 0 117 91 52 174 145 104
67 13 0 117 91 104 174 145 156
68 13 0 117 91 156 174 145 208
69 9 0 152 0 0 254 42 77
70 12 0 152 0 77 241 45 133
71 4 0 152 0 133 225 33 172
72 7 0 140 0 172 217 51 210
73 10 0 174 91 0 272 135 53
74 10 0 174 91 53 272 135 106
75 10 0 174 91 106 272 135 159
76 10 0 174 91 159 272 135 212
77 0 0 174 135 0 228 160 35
78 0 0 228 135 0 282 160 35
79 0 0 282 135 0 336 160 35
80 3 0 174 135 35 268 167 66
81 5 0 200 135 66 253 169 103
82 5 0 200 135 103 253 169 140
83 5 0 200 135 140 253 169 177
84 5 0 200 135 177 253 169 214
85 11 0 268 135 35 343 179 115
86 11 0 268 135 115 343 179 195
87 14 0 200 169 0 259 223 62
88 14 0 200 169 62 259 223 124
89 14 0 200 169 124 259 223 186
90 5 0 200 169 186 237 222 220
91 5 0 237 179 186 274 232 220
92 6 0 254 0 0 293 38 73
93 6 0 254 0 73 293 38 146
94 6 0 254 0 146 293 38 219
95 10 0 272 91 0 370 135 53
96 10 0 272 91 53 370 135 106
97 5 0 272 91 106 306 128 159
98 5 0 272 91 159 306 128 212
99 13 0 274 179 0 326 233 57
100 13 0 274 179 57 326 233 114
101 13 0 274 179 114 326 233 171
102 4 0 274 179 171 347 212 210
103 7 0 306 91 106 383 129 157
104 13 0 293 0 0 350 52 54
105 13 0 350 0 0 407 52 54
106 13 0 407 0 0 464 52 54
107 8 0 293 0 54 386 52 95
108 8 0 386 0 54 479 52 95
109 8 0 293 0 95 386 52 136
110 8 0 386 0 95 479 52 136
111 8 0 293 0 136 386 52 177
112 8 0 386 0 136 479 52 177
113 8 0 293 0 177 386 52 218
114 8 0 386 0 177 479 52 218
115 8 0 306 91 157 399 132 209
116 6 0 321 52 0 394 91 38
117 7 0 321 52 38 398 90 89
118 7 0 321 52 89 398 90 140
119 7 0 321 52 140 398 90 191
120 11 0 343 135 0 423 179 75
121 11 0 423 135 0 503 179 75
122 11 0 503 135 0 583 179 75
123 11 0 343 135 75 423 179 150
124 11 0 423 135 75 503 179 150
125 11 0 503 135 75 583 179 150
126 12 0 343 132 150 432 177 206
127 14 0 347 179 0 409 233 59
128 14 0 409 179 0 471 233 59
129 14 0 471 179 0 533 233 59
130 14 0 347 179 59 409 233 118
131 14 0 409 179 59 471 233 118
132 14 0 471 179 59 533 233 118
133 14 0 347 179 118 409 233 177
134 14 0 409 179 118 471 233 177
135 14 0 471 179 118 533 233 177
136 8 0 347 177 177 440 229 218
137 8 0 440 177 177 533 229 218
138 7 0 398 52 0 475 90 51
139 7 0 398 52 51 475 90 102
140 7 0 398 52 102 475 90 153
141 7 0 398 52 153 475 90 204
142 7 0 399 90 0 476 128 51
143 8 0 399 90 51 492 131 103
144 8 0 399 90 103 492 131 155
145 8 0 399 90 155 492 131 207
146 12 0 432 131 150 521 176 206
147 12 0 479 0 0 568 45 56
148 12 0 479 45 0 568 90 56
149 12 0 479 0 56 568 45 112
150 12 0 479 45 56 568 90 112
151 12 0 479 0 112 568 45 168
152 12 0 479 45 112 568 90 168
153 12 0 479 0 168 535 89 213
154 12 0 521 90 0 577 135 89
155 12 0 521 90 89 577 135 178
156 14 0 533 135 150 587 194 212
