Utilizacion 80.958590 VolCajasEmpacado 81.713601 Duracion[s] 60.010000 Iteraciones 942
0 8 0 0 0 0 75 55 98
1 8 0 0 0 98 75 55 196
2 9 0 0 0 196 69 32 216
3 9 0 0 32 196 69 64 216
4 0 0 0 64 0 85 172 20
5 0 0 85 64 0 170 172 20
6 0 0 170 64 0 255 172 20
7 0 0 255 64 0 340 172 20
8 0 0 340 64 0 425 172 20
9 0 0 425 64 0 510 172 20
10 4 0 0 172 0 60 231 39
11 6 0 0 64 20 61 171 62
12 6 0 61 64 20 122 171 62
13 6 0 122 64 20 183 171 62
14 6 0 183 64 20 244 171 62
15 6 0 244 64 20 305 171 62
16 6 0 305 64 20 366 171 62
17 4 0 0 171 39 39 231 98
18 4 0 0 171 98 39 231 157
19 4 0 0 171 157 39 231 216
20 9 0 0 64 62 20 133 94
21 2 0 0 64 94 35 130 120
22 9 0 0 64 120 32 133 140
23 9 0 0 64 140 32 133 160
24 9 0 0 64 160 32 133 180
25 9 0 0 64 180 32 133 200
26 9 0 0 64 200 32 133 220
27 2 0 0 133 62 66 168 88
28 2 0 66 133 62 132 168 88
29 2 0 132 133 62 198 168 88
30 2 0 198 133 62 264 168 88
31 2 0 264 133 62 330 168 88
32 2 0 330 133 62 396 168 88
33 2 0 0 133 88 66 168 114
34 2 0 0 133 114 66 168 140
35 2 0 0 133 140 66 168 166
36 2 0 0 133 166 66 168 192
37 2 0 0 133 192 66 168 218
38 4 0 35 64 62 95 103 121
39 3 0 32 64 121 72 124 153
40 3 0 72 64 121 112 124 153
41 3 0 32 64 153 72 124 185
42 3 0 72 64 153 112 124 185
43 3 0 32 64 185 72 124 217
44 3 0 72 64 185 112 124 217
45 4 0 39 171 39 78 231 98
46 3 0 39 168 98 79 200 158
47 3 0 39 168 158 79 200 218
48 4 0 66 124 88 126 163 147
49 4 0 66 124 147 126 163 206
50 5 0 75 0 0 156 56 40
51 5 0 75 0 40 156 56 80
52 5 0 75 0 80 156 56 120
53 5 0 75 0 120 156 56 160
54 5 0 75 0 160 156 56 200
55 1 0 78 200 0 197 225 34
56 1 0 197 200 0 316 225 34
57 1 0 316 200 0 435 225 34
58 4 0 79 171 34 138 231 73
59 4 0 79 168 73 118 228 132
60 4 0 118 168 73 157 228 132
61 4 0 79 168 132 118 228 191
62 4 0 118 168 132 157 228 191
63 7 0 112 56 62 209 122 107
64 7 0 209 56 62 306 122 107
65 7 0 306 56 62 403 122 107
66 7 0 112 56 107 209 122 152
67 7 0 209 56 107 306 122 152
68 7 0 306 56 107 403 122 152
69 7 0 112 56 152 209 122 197
70 7 0 209 56 152 306 122 197
71 7 0 306 56 152 403 122 197
72 5 0 126 122 88 207 162 144
73 4 0 126 122 144 185 161 204
74 8 0 156 0 0 254 55 75
75 8 0 156 0 75 254 55 150
76 4 0 156 0 150 215 39 210
77 8 0 207 122 88 305 197 143
78 8 0 207 122 143 305 197 198
79 8 0 305 122 88 403 197 143
80 8 0 305 122 143 403 197 198
81 8 0 254 0 0 329 55 98
82 8 0 329 0 0 404 55 98
83 8 0 254 0 98 329 55 196
84 8 0 329 0 98 404 55 196
85 16 1 79 197 191 145 232 217
86 19 1 112 39 200 181 71 220
87 19 1 112 71 197 181 103 217
88 15 1 157 197 34 217 229 74
89 15 1 157 197 74 217 229 114
90 15 1 157 197 114 217 229 154
91 15 1 157 197 154 217 229 194
92 19 1 145 197 194 214 229 214
93 19 1 181 39 197 213 108 217
94 18 1 185 108 198 293 193 218
95 19 1 213 39 197 245 108 217
96 19 1 245 39 197 277 108 217
97 19 1 277 39 197 309 108 217
98 19 1 309 39 197 341 108 217
99 17 1 217 197 34 336 231 59
100 17 1 336 197 34 455 231 59
101 18 1 293 108 198 378 216 218
102 16 1 217 197 59 283 223 94
103 16 1 217 197 94 283 232 120
104 16 1 217 197 120 283 232 146
105 16 1 217 197 146 283 232 172
106 17 1 378 197 59 497 231 84
107 17 1 378 197 84 497 231 109
108 17 1 378 197 109 497 231 134
109 17 1 378 197 134 497 231 159
110 11 1 403 55 20 500 100 86
111 11 1 403 55 86 500 100 152
112 11 1 403 55 152 500 100 218
113 11 1 403 100 20 500 145 86
114 11 1 403 145 20 500 190 86
115 11 1 403 100 86 500 145 152
116 11 1 403 145 86 500 190 152
117 11 1 403 100 152 500 145 218
118 11 1 403 145 152 500 190 218
119 12 1 403 190 159 510 232 220
120 10 1 404 0 0 502 55 75
121 10 1 404 0 75 502 55 150
122 12 1 404 0 150 511 42 211
123 10 1 510 42 0 585 140 55
124 10 1 510 42 55 585 140 110
125 10 1 510 42 110 585 140 165
126 18 1 500 42 165 585 150 185
127 18 1 500 42 185 585 150 205
128 13 1 510 150 0 566 231 40
129 13 1 500 150 40 581 190 96
130 13 1 500 150 96 581 190 152
131 13 1 500 150 152 581 190 208
132 14 1 510 190 40 570 229 99
133 14 1 510 190 99 570 229 158
134 14 1 510 190 158 570 229 217
135 14 1 511 0 0 570 39 60
136 14 1 511 0 60 570 39 120
137 14 1 511 0 120 570 39 180
