Utilizacion 72.149339 VolCajasEmpacado 73.394533 Duracion[s] 60.001000 Iteraciones 5302
0 1 0 0 0 0 43 42 36
1 0 0 0 42 0 63 146 92
2 3 1 0 0 92 63 104 184
3 2 1 0 0 184 26 93 220
4 6 2 0 146 0 63 216 50
5 4 2 26 0 184 79 100 218
6 5 2 0 146 50 93 224 95
7 7 3 0 104 92 93 140 118
8 8 3 0 104 118 93 149 196
9 9 4 0 149 95 100 183 148
10 9 4 0 149 148 100 183 201
11 12 4 0 183 95 98 233 168
12 10 4 0 183 168 42 219 211
13 11 4 79 0 0 127 100 55
14 13 4 79 0 55 171 104 118
15 14 5 79 0 118 177 50 191
16 15 5 79 50 118 179 98 173
17 16 6 42 183 168 83 233 213
18 17 6 98 183 0 168 233 63
19 18 6 98 183 63 171 233 161
20 19 7 79 50 173 121 86 216
21 20 7 100 104 0 204 167 92
22 21 8 79 0 191 172 36 217
23 21 8 93 104 92 186 130 128
24 23 9 93 98 128 191 148 201
25 22 9 121 50 173 163 86 216
26 24 9 171 167 0 275 230 92
27 25 10 98 183 161 198 231 216
28 26 10 177 0 0 250 50 98
29 30 11 177 0 98 218 50 143
30 27 11 100 148 92 200 182 145
31 31 11 100 148 145 193 174 181
32 30 11 177 0 143 218 45 193
33 29 11 179 50 0 248 95 43
34 28 11 204 95 0 308 158 92
35 37 12 100 148 181 193 174 217
36 33 12 179 50 43 220 95 93
37 33 12 179 50 93 220 95 143
38 34 12 218 0 98 261 45 167
39 32 12 218 0 167 254 43 209
40 37 12 191 95 92 284 121 128
41 35 12 191 95 128 289 145 201
42 35 12 198 182 92 271 232 190
43 36 12 261 0 0 365 92 63
44 38 13 179 45 143 229 86 188
45 39 13 250 45 63 350 93 118
46 41 14 229 45 118 292 95 188
47 40 14 261 0 63 302 45 113
48 43 15 275 158 0 379 221 92
49 42 15 292 0 118 370 93 163
50 42 15 292 0 163 370 93 208
51 44 16 200 145 92 293 181 118
52 45 17 200 145 118 300 179 171
53 46 17 271 181 92 340 226 135
54 47 17 308 93 0 412 156 92
55 49 18 271 179 135 334 229 205
56 48 18 300 93 92 400 141 147
57 50 19 289 95 147 339 140 188
58 51 19 339 93 147 389 156 217
59 52 19 370 0 0 474 92 63
60 53 20 370 0 63 463 45 141
61 53 20 370 0 141 463 45 219
62 54 20 370 45 63 470 93 118
63 55 21 340 156 92 381 206 137
64 57 21 334 156 137 370 198 180
65 56 21 370 45 118 463 81 144
66 60 22 370 45 144 411 90 194
67 59 22 381 156 0 473 219 104
68 58 22 381 156 104 481 190 157
69 62 23 334 156 180 376 199 216
70 62 23 376 156 157 412 199 199
71 63 23 411 45 144 456 95 185
72 61 23 340 206 104 433 232 140
73 65 23 412 95 0 512 150 48
74 64 23 412 95 48 505 140 126
75 67 24 400 95 126 470 145 189
76 66 24 412 145 157 457 214 200
77 69 25 474 0 0 574 55 48
78 68 25 474 0 48 567 78 93
79 70 26 457 145 157 499 188 193
80 72 26 463 0 93 508 41 143
81 73 26 470 41 93 570 94 127
82 71 26 470 41 127 533 145 219
83 74 27 473 190 0 518 233 69
84 75 27 518 145 0 568 215 63
85 76 27 518 145 63 568 218 161
86 77 28 499 145 161 549 186 206
87 77 28 499 186 161 549 227 206
88 78 28 533 94 0 578 137 69
89 80 29 533 0 127 583 98 200
90 79 29 549 98 161 583 198 214
