Utilizacion 76.261880 VolCajasEmpacado 77.950535 Duracion[s] 60.013000 Iteraciones 2523
0 1 0 0 0 0 116 39 23
1 3 0 0 0 23 95 47 115
2 3 0 0 0 115 95 47 207
3 2 0 0 47 0 89 150 73
4 4 0 0 47 73 51 93 117
5 4 0 0 47 117 51 93 161
6 4 0 0 47 161 51 93 205
7 3 0 0 93 73 92 188 120
8 3 0 0 93 120 92 188 167
9 3 0 0 93 167 92 188 214
10 4 0 51 47 73 102 91 119
11 4 0 51 47 119 102 91 165
12 4 0 51 47 165 102 91 211
13 0 0 0 188 0 32 225 51
14 0 0 0 188 51 32 225 102
15 0 0 0 188 102 32 225 153
16 6 0 32 188 0 149 226 44
17 6 0 32 188 44 149 226 88
18 6 0 32 188 88 149 226 132
19 6 0 32 188 132 149 226 176
20 5 0 102 39 0 218 137 40
21 5 0 102 0 40 200 116 80
22 5 0 102 0 80 200 116 120
23 5 0 102 0 120 200 116 160
24 8 1 0 188 176 117 226 220
25 10 1 92 91 160 143 135 206
26 10 1 92 137 0 143 183 44
27 10 1 92 137 44 143 183 88
28 10 1 92 137 88 143 183 132
29 10 1 92 137 132 143 183 176
30 7 1 92 135 176 129 186 208
31 8 1 95 0 160 212 44 198
32 8 1 102 44 160 219 82 204
33 11 1 143 137 0 238 184 92
34 11 1 143 137 92 238 184 184
35 12 1 143 82 160 216 136 215
36 11 1 149 184 0 244 231 92
37 11 1 149 184 92 244 231 184
38 11 1 218 82 0 313 129 92
39 11 1 218 82 92 313 129 184
40 13 1 219 0 0 308 73 103
41 13 1 219 0 103 308 73 206
42 13 1 244 129 0 333 232 73
43 13 1 244 129 73 333 232 146
44 13 1 244 129 146 333 232 219
45 9 1 313 0 0 411 116 40
46 19 2 216 82 184 332 121 207
47 16 2 308 0 40 359 44 86
48 16 2 308 0 86 359 44 132
49 16 2 308 0 132 359 44 178
50 18 2 308 0 178 340 51 215
51 19 2 308 51 40 424 74 79
52 19 2 308 51 79 424 74 118
53 15 2 332 74 40 387 128 113
54 18 2 340 0 178 377 51 210
55 16 2 332 51 118 376 97 169
56 16 2 332 51 169 376 97 220
57 15 2 333 97 113 387 152 186
58 17 2 333 152 0 450 190 44
59 17 2 333 190 0 450 228 44
60 14 2 333 152 44 436 225 133
61 20 2 424 0 0 522 116 40
62 20 2 424 0 40 522 116 80
63 27 3 333 97 186 384 134 218
64 26 3 333 152 133 450 190 177
65 26 3 333 190 133 450 228 177
66 28 3 333 152 177 449 175 216
67 26 3 333 175 177 450 219 215
68 24 3 376 51 118 420 97 169
69 24 3 376 51 169 420 97 220
70 28 3 377 0 80 493 23 119
71 28 3 377 23 80 493 46 119
72 24 3 377 0 119 428 44 165
73 27 3 377 0 165 409 51 202
74 27 3 409 0 165 446 51 197
75 24 3 446 0 119 490 51 165
76 24 3 446 0 165 490 51 211
77 27 3 387 116 0 438 148 37
78 26 3 387 97 80 504 135 124
79 23 3 387 97 124 441 152 197
80 21 3 441 51 124 536 143 171
81 21 3 441 51 171 536 143 218
82 22 3 450 143 0 553 232 73
83 22 3 450 143 73 553 232 146
84 22 3 450 143 146 553 232 219
85 21 3 536 0 0 583 95 92
86 21 3 536 0 92 583 95 184
