Utilizacion 72.535519 VolCajasEmpacado 73.542417 Duracion[s] 60.004000 Iteraciones 7789
0 1 0 0 0 0 63 94 32
1 1 0 0 94 0 63 188 32
2 0 0 0 0 32 75 83 77
3 2 1 0 0 77 45 83 152
4 3 2 0 0 152 83 75 197
5 5 3 0 83 32 32 177 95
6 4 3 0 188 0 75 233 83
7 8 4 0 83 95 62 168 172
8 7 4 0 75 172 75 158 217
9 6 4 0 177 83 94 209 146
10 9 5 0 168 146 94 200 209
11 10 5 75 75 0 150 158 45
12 11 6 75 75 45 158 120 120
13 12 6 75 75 120 169 138 152
14 13 7 75 75 152 169 138 184
15 13 7 75 75 184 169 138 216
16 14 7 83 0 0 128 75 83
17 15 8 83 0 83 166 75 128
18 15 8 83 0 128 166 75 173
19 16 9 83 0 173 166 75 218
20 17 9 94 158 0 179 220 77
21 19 10 94 138 77 156 223 154
22 18 10 94 138 154 177 213 199
23 21 11 166 0 0 260 63 32
24 20 11 166 0 32 251 62 109
25 20 11 166 0 109 251 62 186
26 22 12 166 0 186 260 63 218
27 23 12 169 63 0 252 138 45
28 24 13 169 63 45 263 126 77
29 24 13 169 63 77 263 126 109
30 25 14 169 63 109 252 138 154
31 26 15 169 63 154 252 138 199
32 27 16 179 138 0 262 183 75
33 27 16 179 183 0 262 228 75
34 28 16 179 138 75 256 223 137
35 27 16 177 138 137 252 183 220
36 29 17 260 0 0 337 62 85
37 30 18 177 183 137 252 228 220
38 31 18 260 0 85 337 62 170
39 32 19 260 0 170 354 63 202
40 33 19 262 126 0 345 171 75
41 33 19 262 171 0 345 216 75
42 34 19 263 63 0 348 125 77
43 35 20 263 125 75 357 157 138
44 35 20 263 125 138 357 157 201
45 36 20 256 157 75 341 219 152
46 37 21 252 157 152 346 220 184
47 38 21 263 63 77 348 125 154
48 40 22 252 157 184 346 220 216
49 39 22 346 157 0 431 219 77
50 39 22 431 157 0 516 219 77
51 41 23 252 63 154 346 95 217
52 42 23 346 157 77 429 232 122
53 43 24 346 157 122 429 232 167
54 44 24 348 63 0 425 125 85
55 45 25 346 157 167 440 220 199
56 46 25 348 63 85 431 108 160
57 49 26 354 0 0 439 62 77
58 47 26 354 0 77 448 63 109
59 48 26 354 0 109 429 45 192
60 50 27 354 45 160 437 120 205
61 51 27 357 125 0 451 157 63
62 52 28 357 125 63 451 157 126
63 53 28 437 63 0 520 108 75
64 54 29 440 157 77 525 219 154
65 54 29 437 63 75 522 125 152
66 55 30 448 0 0 531 45 75
67 55 30 448 0 75 531 45 150
68 56 31 357 125 126 451 157 189
69 57 31 440 157 154 523 232 199
70 58 31 522 45 0 584 122 85
71 60 32 429 0 150 523 32 213
72 60 32 437 32 152 531 95 184
73 60 32 437 32 184 531 95 216
74 59 32 525 122 0 587 207 77
75 59 32 525 122 77 587 207 154
76 61 33 531 0 85 563 94 148
77 62 34 531 0 148 563 94 211
