Utilizacion 84.229063 VolCajasEmpacado 85.425987 Duracion[s] 60.099000 Iteraciones 1011
0 9 0 0 0 0 58 109 54
1 9 0 0 0 54 58 109 108
2 9 0 0 0 108 58 109 162
3 9 0 0 0 162 58 109 216
4 6 0 0 109 0 54 203 36
5 6 0 0 109 36 54 203 72
6 6 0 0 109 72 54 203 108
7 6 0 0 109 108 54 203 144
8 6 0 0 109 144 54 203 180
9 6 0 0 109 180 54 203 216
10 2 0 0 203 0 94 233 55
11 2 0 0 203 55 94 233 110
12 2 0 0 203 110 94 233 165
13 2 0 0 203 165 94 233 220
14 6 0 54 109 0 108 203 36
15 6 0 54 109 36 108 203 72
16 6 0 54 109 72 108 203 108
17 6 0 54 109 108 108 203 144
18 6 0 54 109 144 108 203 180
19 3 0 54 109 180 88 140 212
20 3 0 54 140 180 88 171 212
21 3 0 54 171 180 88 202 212
22 11 0 58 0 0 138 100 72
23 11 0 138 0 0 218 100 72
24 11 0 218 0 0 298 100 72
25 11 0 298 0 0 378 100 72
26 11 0 378 0 0 458 100 72
27 11 0 58 0 72 138 100 144
28 11 0 138 0 72 218 100 144
29 11 0 218 0 72 298 100 144
30 11 0 298 0 72 378 100 144
31 11 0 378 0 72 458 100 144
32 11 0 58 0 144 138 100 216
33 11 0 138 0 144 218 100 216
34 11 0 218 0 144 298 100 216
35 11 0 298 0 144 378 100 216
36 11 0 378 0 144 458 100 216
37 3 0 88 100 180 120 131 214
38 3 0 88 131 180 120 162 214
39 3 0 88 162 180 120 193 214
40 1 0 94 203 0 202 229 40
41 2 0 94 203 40 188 233 95
42 1 0 94 203 95 202 229 135
43 1 0 94 203 135 202 229 175
44 1 0 94 203 175 202 229 215
45 11 0 120 100 0 200 200 72
46 11 0 120 100 72 200 200 144
47 5 0 120 100 144 160 183 180
48 5 0 120 100 180 160 183 216
49 4 0 160 100 144 192 172 181
50 4 0 160 100 181 192 172 218
51 3 0 160 172 144 192 203 178
52 3 0 160 172 178 194 203 210
53 9 0 200 100 0 309 154 58
54 5 0 200 154 0 283 194 36
55 5 0 283 154 0 366 194 36
56 5 0 200 154 36 283 194 72
57 5 0 283 154 36 366 194 72
58 5 0 200 154 72 283 194 108
59 5 0 283 154 72 366 194 108
60 5 0 200 154 108 283 194 144
61 5 0 283 154 108 366 194 144
62 5 0 200 154 144 283 194 180
63 5 0 283 154 144 366 194 180
64 5 0 200 154 180 283 194 216
65 5 0 283 154 180 366 194 216
66 1 0 200 100 58 308 126 98
67 1 0 200 126 58 308 152 98
68 9 0 200 100 98 309 154 156
69 3 0 192 100 156 223 134 188
70 3 0 192 100 188 223 134 220
71 7 0 202 194 0 290 233 54
72 7 0 202 194 54 290 233 108
73 7 0 202 194 108 290 233 162
74 7 0 202 194 162 290 233 216
75 3 0 223 100 156 255 134 187
76 3 0 223 100 187 255 134 218
77 4 0 255 100 156 327 137 188
78 4 0 255 100 188 327 137 220
79 3 0 290 194 0 321 226 34
80 3 0 290 194 34 321 226 68
81 7 0 321 194 0 409 233 54
82 7 0 321 194 54 409 233 108
83 4 0 290 194 108 362 226 145
84 4 0 290 194 145 362 226 182
85 4 0 290 194 182 362 226 219
86 8 0 327 100 0 414 143 77
87 8 0 327 100 77 414 143 154
88 1 0 327 100 154 435 126 194
89 1 0 327 126 154 435 152 194
90 0 0 327 100 194 418 154 216
91 1 0 366 154 0 474 194 26
92 8 0 409 154 26 496 231 69
93 8 0 409 154 69 496 231 112
94 8 0 409 154 112 496 231 155
95 8 0 409 154 155 496 231 198
96 0 0 366 154 198 457 208 220
97 9 0 435 100 0 544 154 58
98 8 0 435 100 58 522 143 135
99 8 0 435 100 135 522 143 212
100 0 0 458 0 0 512 91 22
101 0 0 458 0 22 512 91 44
102 0 0 458 0 44 512 91 66
103 0 0 458 0 66 512 91 88
104 0 0 458 0 88 512 91 110
105 0 0 458 0 110 512 91 132
106 0 0 458 0 132 512 91 154
107 0 0 458 0 154 512 91 176
108 0 0 458 0 176 512 91 198
109 0 0 458 0 198 512 91 220
110 8 0 496 154 0 583 231 43
111 10 0 496 154 43 576 211 126
112 10 0 496 154 126 576 211 209
113 10 0 512 0 0 569 80 83
114 10 0 512 0 83 569 80 166
115 0 0 512 0 166 566 91 188
