Utilizacion 78.724404 VolCajasEmpacado 79.418636 Duracion[s] 60.005000 Iteraciones 2705
0 2 0 0 0 0 42 89 70
1 2 0 0 0 70 42 89 140
2 2 0 0 0 140 42 89 210
3 1 0 0 89 0 63 138 70
4 1 0 0 89 70 63 138 140
5 1 0 0 89 140 63 138 210
6 0 0 0 138 0 49 222 54
7 0 0 0 138 54 49 222 108
8 2 0 0 138 108 89 180 178
9 2 0 0 180 108 89 222 178
10 3 1 0 138 178 89 208 220
11 4 1 42 0 0 96 84 49
12 4 1 96 0 0 150 84 49
13 4 1 150 0 0 204 84 49
14 5 1 42 0 49 112 63 98
15 5 1 112 0 49 182 63 98
16 3 1 42 0 98 112 89 140
17 3 1 112 0 98 182 89 140
18 3 1 42 0 140 112 89 182
19 3 1 112 0 140 182 89 182
20 7 2 63 89 0 126 138 70
21 7 2 63 89 70 126 138 140
22 7 2 63 89 140 126 138 210
23 7 2 89 138 0 152 187 70
24 7 2 89 138 70 152 187 140
25 7 2 89 138 140 152 187 210
26 6 2 89 187 0 178 229 70
27 6 2 178 187 0 267 229 70
28 8 3 89 187 70 178 229 140
29 8 3 178 187 70 267 229 140
30 8 3 89 187 140 178 229 210
31 8 3 178 187 140 267 229 210
32 10 3 126 89 0 196 138 63
33 10 3 126 89 63 189 138 133
34 10 3 126 89 133 189 138 203
35 9 3 152 138 0 236 187 54
36 9 3 152 138 54 236 187 108
37 9 3 152 138 108 236 187 162
38 9 3 152 138 162 236 187 216
39 8 3 182 0 49 224 89 119
40 9 3 182 0 119 236 84 168
41 9 3 182 0 168 236 84 217
42 9 3 196 89 0 250 138 84
43 9 3 189 89 84 273 138 138
44 13 4 189 84 138 259 133 201
45 12 4 236 0 0 285 84 54
46 12 4 236 0 54 285 54 138
47 13 4 236 0 138 285 70 201
48 13 4 236 138 0 299 187 70
49 11 4 236 138 70 325 180 140
50 11 4 236 138 140 325 180 210
51 11 4 267 187 0 356 229 70
52 11 4 267 187 70 356 229 140
53 11 4 267 187 140 356 229 210
54 11 4 273 84 0 362 126 70
55 11 4 273 84 70 362 126 140
56 16 5 259 70 140 343 119 194
57 15 5 285 0 0 334 63 70
58 15 5 285 0 70 334 63 140
59 15 5 285 0 140 334 63 210
60 16 5 325 126 0 409 175 54
61 16 5 409 126 0 493 175 54
62 16 5 493 126 0 577 175 54
63 16 5 325 126 54 409 175 108
64 16 5 409 126 54 493 175 108
65 16 5 493 126 54 577 175 108
66 16 5 325 126 108 409 175 162
67 16 5 325 126 162 409 175 216
68 14 5 334 0 0 423 70 42
69 14 5 334 0 42 423 70 84
70 14 5 334 0 84 423 70 126
71 14 5 334 0 126 423 70 168
72 14 5 334 0 168 423 70 210
73 15 5 356 175 0 426 224 63
74 18 6 356 175 63 440 229 112
75 18 6 356 175 112 440 229 161
76 18 6 356 175 161 440 229 210
77 18 6 362 70 0 446 124 49
78 18 6 362 70 49 446 124 98
79 19 6 362 70 98 425 119 168
80 17 6 409 119 108 498 161 178
81 19 6 423 0 0 493 49 63
82 19 6 493 0 0 563 49 63
83 17 6 423 0 63 512 42 133
84 21 7 423 0 133 477 49 217
85 22 7 440 175 0 510 224 63
86 22 7 440 175 63 510 224 126
87 22 7 440 175 126 510 224 189
88 22 7 446 49 0 495 119 63
89 22 7 446 49 63 495 119 126
90 20 7 425 49 126 514 91 196
91 20 7 409 91 178 498 161 220
92 21 7 477 0 133 531 49 217
93 20 7 498 91 108 587 161 150
94 20 7 498 91 150 587 133 220
95 20 7 498 133 150 587 175 220
96 23 8 531 0 63 580 84 117
97 23 8 531 0 117 585 84 166
98 23 8 531 0 166 585 84 215
99 23 8 510 175 0 559 229 84
100 23 8 510 175 84 559 229 168
