Utilizacion 68.071890 VolCajasEmpacado 69.463059 Duracion[s] 60.015000 Iteraciones 2153
0 0 0 0 0 0 29 36 36
1 3 0 0 0 36 56 48 76
2 1 0 0 48 0 56 147 25
3 2 0 0 48 25 66 166 72
4 4 1 0 166 0 99 222 25
5 4 1 0 166 25 99 222 50
6 5 1 0 0 76 40 56 124
7 6 2 0 0 124 33 75 184
8 7 3 0 166 50 72 232 108
9 9 4 0 0 184 36 29 220
10 10 4 0 75 72 83 166 120
11 8 4 0 75 120 56 174 145
12 11 5 0 29 184 60 104 217
13 13 6 0 174 108 48 230 148
14 12 6 0 104 145 73 165 176
15 14 6 60 0 0 178 47 66
16 16 7 0 165 148 58 231 220
17 15 7 60 0 66 178 47 132
18 17 8 0 104 176 36 140 205
19 21 8 36 104 176 84 160 216
20 19 8 60 0 132 132 66 190
21 20 8 84 66 0 167 157 48
22 18 8 84 66 48 144 144 161
23 22 9 60 0 190 116 99 215
24 23 9 84 99 161 124 147 217
25 24 9 99 157 0 182 205 91
26 26 10 132 0 132 204 66 190
27 25 10 72 166 91 176 232 131
28 27 11 58 165 131 114 205 179
29 28 11 114 147 131 205 230 179
30 29 12 58 160 179 133 220 212
31 30 12 167 66 0 280 144 60
32 31 13 144 66 60 248 132 100
33 32 14 124 0 190 180 99 215
34 34 15 144 99 100 235 147 183
35 33 15 124 99 183 199 159 216
36 35 15 204 0 0 296 64 78
37 36 16 180 0 190 216 36 219
38 37 16 133 159 179 208 219 212
39 38 16 208 147 0 326 194 66
40 39 17 208 147 66 256 230 157
41 40 18 180 66 100 255 99 160
42 42 18 208 147 157 299 230 205
43 41 18 216 0 78 334 66 125
44 45 19 180 66 160 255 99 220
45 43 19 199 99 183 266 139 205
46 44 19 216 0 125 256 56 173
47 46 20 204 36 173 271 58 213
48 47 20 271 0 125 319 83 216
49 52 21 280 83 0 372 147 78
50 51 21 266 83 78 344 143 191
51 49 21 299 147 66 347 230 157
52 50 21 299 143 157 371 209 215
53 48 21 334 0 0 452 47 66
54 53 22 334 0 66 400 72 124
55 54 23 334 0 124 438 66 164
56 55 24 266 83 191 333 123 213
57 56 25 319 0 164 423 66 204
58 58 25 371 147 0 431 225 113
59 57 25 372 72 0 471 128 25
60 60 26 372 72 25 438 144 83
61 59 26 344 72 83 443 128 108
62 59 26 344 72 108 443 128 133
63 61 26 344 66 133 457 126 211
64 62 26 371 128 113 449 192 205
65 63 27 371 192 113 444 223 174
66 63 27 444 192 0 517 223 61
67 64 27 449 128 0 521 186 66
68 66 27 449 126 66 513 218 144
69 65 27 449 126 144 562 204 204
70 68 28 452 0 0 565 60 78
71 68 28 452 0 78 565 60 156
72 67 28 438 0 156 537 56 181
73 72 29 423 0 181 522 56 206
74 71 29 471 60 0 575 126 40
75 69 29 457 60 40 575 126 87
76 69 29 457 60 87 575 126 134
77 70 29 457 60 134 570 120 212
78 73 30 371 204 174 438 226 214
