Utilizacion 72.097717 VolCajasEmpacado 72.445159 Duracion[s] 60.002000 Iteraciones 1309
0 7 0 0 0 0 71 86 41
1 11 0 0 0 41 69 30 78
2 11 0 0 0 78 69 30 115
3 5 0 0 86 0 98 130 48
4 5 0 0 86 48 98 130 96
5 5 0 0 86 96 98 130 144
6 10 0 0 130 0 71 164 32
7 10 0 0 164 0 71 198 32
8 10 0 0 198 0 71 232 32
9 13 0 0 130 32 70 214 73
10 3 0 0 0 115 75 53 203
11 3 0 0 53 144 53 141 219
12 10 0 53 53 144 85 124 178
13 10 0 53 53 178 85 124 212
14 6 0 0 141 73 50 183 119
15 6 0 0 183 73 50 225 119
16 6 0 0 141 119 50 183 165
17 6 0 0 183 119 50 225 165
18 6 0 0 141 165 50 183 211
19 6 0 0 183 165 50 225 211
20 1 0 50 141 73 74 200 115
21 1 0 50 141 115 74 200 157
22 1 0 50 141 157 74 200 199
23 1 0 71 200 0 130 224 42
24 4 0 74 130 0 176 197 53
25 8 0 74 197 42 137 233 92
26 8 0 74 197 92 137 233 142
27 8 0 74 197 142 137 233 192
28 2 0 74 130 53 132 188 128
29 2 0 74 130 128 132 188 203
30 13 0 75 0 0 159 41 70
31 0 0 85 0 70 185 81 97
32 0 0 85 0 97 185 81 124
33 9 0 85 0 124 181 72 158
34 12 0 85 0 158 196 71 187
35 12 0 85 0 187 196 71 216
36 25 1 74 188 192 128 231 217
37 25 1 85 72 144 110 126 187
38 26 1 85 71 187 127 130 211
39 17 1 127 81 0 169 127 50
40 22 1 127 81 50 196 111 87
41 22 1 127 81 87 196 111 124
42 22 1 127 81 124 196 111 161
43 22 1 127 81 161 196 111 198
44 19 1 132 111 53 216 152 123
45 19 1 132 152 53 216 193 123
46 19 1 132 111 123 216 152 193
47 19 1 132 152 123 216 193 193
48 24 1 132 111 193 213 211 220
49 19 1 196 0 0 266 84 41
50 18 1 196 0 41 282 71 82
51 18 1 196 0 82 282 71 123
52 18 1 196 0 123 282 71 164
53 18 1 196 0 164 282 71 205
54 25 1 196 71 41 250 96 84
55 20 1 196 71 84 246 107 147
56 14 1 196 71 147 267 103 181
57 14 1 196 71 181 267 103 215
58 14 1 213 193 0 284 227 32
59 14 1 213 193 32 284 227 64
60 26 1 213 193 64 272 217 106
61 23 1 216 107 0 327 178 29
62 23 1 216 107 29 327 178 58
63 23 1 216 107 58 327 178 87
64 16 1 216 107 87 314 155 131
65 15 1 216 107 131 274 165 206
66 15 1 216 165 106 274 223 181
67 21 1 274 71 131 346 167 165
68 24 1 274 71 165 355 171 192
69 15 1 282 0 0 340 58 75
70 33 2 274 71 192 317 125 217
71 34 2 216 171 181 279 221 217
72 33 2 274 125 192 328 168 217
73 34 2 282 0 75 332 63 111
74 34 2 282 0 111 345 36 161
75 34 2 282 0 161 345 36 211
76 33 2 282 36 111 336 61 154
77 29 2 284 178 0 382 226 44
78 29 2 284 178 44 382 226 88
79 29 2 284 178 88 382 226 132
80 29 2 284 178 132 382 226 176
81 29 2 284 178 176 382 226 220
82 32 2 345 0 0 456 71 29
83 32 2 345 0 29 456 71 58
84 30 2 345 0 58 431 71 99
85 30 2 345 0 99 431 71 140
86 30 2 345 0 140 431 71 181
87 34 2 345 0 181 408 50 217
88 31 2 355 71 0 427 167 34
89 31 2 355 71 34 427 167 68
90 31 2 355 71 68 427 167 102
91 31 2 355 71 102 427 167 136
92 28 2 355 71 136 422 173 189
93 27 2 382 173 0 457 231 58
94 27 2 382 173 58 440 231 133
95 27 2 382 173 133 440 231 208
96 46 3 317 50 192 360 104 217
97 47 3 328 104 192 370 163 216
98 46 3 360 50 189 403 104 214
99 46 3 370 104 189 424 147 214
100 43 3 408 0 181 440 71 215
101 37 3 427 71 0 480 159 75
102 37 3 480 71 0 533 159 75
103 37 3 533 71 0 586 159 75
104 42 3 427 71 75 523 143 109
105 42 3 427 71 109 523 143 143
106 42 3 427 71 143 523 143 177
107 42 3 427 71 177 523 143 211
108 46 3 427 143 75 481 168 118
109 47 3 427 143 118 486 167 160
110 39 3 440 143 160 486 185 210
111 40 3 456 0 0 542 41 71
112 40 3 456 0 71 542 41 142
113 40 3 456 0 142 542 41 213
114 38 3 457 185 0 555 233 44
115 39 3 457 185 44 507 231 86
116 41 3 440 185 86 524 226 156
117 48 3 440 185 156 503 221 206
118 36 3 523 41 75 581 116 133
119 36 3 523 41 133 581 116 191
120 48 3 523 116 75 586 152 125
121 48 3 523 116 125 586 152 175
122 36 3 524 159 44 582 217 119
123 37 3 524 152 119 577 227 207
