Utilizacion 78.033564 VolCajasEmpacado 79.334793 Duracion[s] 60.021000 Iteraciones 1349
0 6 0 0 0 0 90 115 58
1 6 0 0 115 0 90 230 58
2 6 0 0 0 58 90 115 116
3 6 0 0 115 58 90 230 116
4 8 0 0 0 116 76 52 204
5 8 0 0 52 116 76 104 204
6 8 0 0 104 116 76 156 204
7 17 0 0 156 116 86 216 166
8 17 0 0 156 166 86 216 216
9 15 0 90 0 0 170 37 49
10 15 0 90 37 0 170 74 49
11 15 0 90 74 0 170 111 49
12 15 0 90 111 0 170 148 49
13 7 0 90 148 0 190 230 57
14 7 0 90 148 57 190 230 114
15 12 0 90 0 49 137 66 129
16 12 0 90 0 129 137 66 209
17 2 0 90 66 49 210 144 116
18 2 0 90 66 116 210 144 183
19 16 0 76 66 183 194 133 218
20 0 0 90 144 114 181 202 147
21 0 0 90 144 147 181 202 180
22 0 0 90 144 180 181 202 213
23 5 0 137 0 49 197 65 152
24 16 0 137 0 152 255 35 219
25 4 0 190 144 0 252 231 72
26 3 0 190 144 72 268 206 152
27 4 0 181 144 152 253 231 214
28 9 0 210 35 0 261 94 92
29 9 0 210 35 92 261 94 184
30 1 0 194 35 184 262 88 204
31 10 0 210 94 0 324 143 78
32 10 0 324 94 0 438 143 78
33 11 0 210 94 78 329 141 149
34 11 0 210 94 149 329 141 220
35 5 0 262 0 0 365 65 60
36 5 0 262 0 60 365 65 120
37 13 0 262 0 120 357 90 163
38 13 0 262 0 163 357 90 206
39 14 0 268 143 0 337 221 37
40 14 0 268 143 37 337 221 74
41 14 0 268 143 74 337 221 111
42 13 0 268 141 111 363 231 154
43 11 0 253 141 154 372 212 201
44 11 0 329 90 78 448 137 149
45 11 0 329 90 149 448 137 220
46 4 0 365 0 0 427 87 72
47 3 0 365 0 72 427 78 152
48 1 0 357 0 152 425 53 172
49 31 1 357 53 152 437 90 201
50 35 1 357 0 172 425 53 192
51 35 1 357 0 192 425 53 212
52 23 1 372 143 0 487 233 58
53 26 1 372 143 58 492 221 125
54 26 1 372 143 125 492 221 192
55 35 1 372 137 192 440 190 212
56 29 1 427 0 0 503 40 54
57 29 1 427 0 54 503 40 108
58 19 1 427 0 108 541 49 186
59 34 1 437 0 186 528 58 219
60 32 1 448 58 0 542 141 36
61 32 1 448 58 36 542 141 72
62 32 1 448 58 72 542 141 108
63 32 1 448 58 108 542 141 144
64 22 1 448 58 144 548 140 201
65 21 1 492 141 0 551 233 51
66 21 1 492 141 51 551 233 102
67 21 1 492 141 102 551 233 153
68 21 1 492 141 153 551 233 204
69 30 1 548 0 0 585 78 69
70 33 1 548 0 69 583 118 136
71 33 1 548 0 136 583 118 203
72 34 1 551 118 0 584 209 58
