Utilizacion 71.217383 VolCajasEmpacado 71.630398 Duracion[s] 60.007000 Iteraciones 4871
0 0 0 0 0 0 95 44 76
1 1 0 0 0 76 71 30 128
2 4 1 0 44 0 95 88 76
3 4 1 0 44 76 95 88 152
4 2 1 0 0 128 81 34 175
5 3 1 0 0 175 71 52 205
6 5 2 0 52 152 81 86 199
7 6 2 0 88 0 76 183 44
8 8 3 0 183 0 81 230 34
9 8 3 0 183 34 81 230 68
10 9 3 0 88 44 95 132 120
11 9 3 0 88 120 95 132 196
12 7 3 0 132 44 71 162 96
13 11 4 0 132 96 95 176 172
14 11 4 0 176 68 95 220 144
15 11 4 0 176 144 95 220 220
16 10 4 95 0 0 147 71 30
17 13 5 0 132 172 81 166 219
18 14 5 95 0 30 171 95 74
19 12 5 95 95 0 125 166 52
20 13 5 95 0 74 142 81 108
21 15 6 81 0 108 152 30 160
22 15 6 81 0 160 152 30 212
23 16 7 95 30 108 129 111 155
24 16 7 95 30 155 129 111 202
25 17 7 95 166 0 190 210 76
26 18 8 125 111 0 220 155 76
27 18 8 125 111 76 220 155 152
28 19 9 95 111 152 176 145 199
29 20 9 95 155 76 190 231 120
30 19 9 95 155 120 176 189 167
31 19 9 95 155 167 176 189 214
32 21 10 95 189 120 176 223 167
33 21 10 95 189 167 176 223 214
34 22 10 171 0 0 215 95 76
35 23 11 142 30 76 223 77 110
36 24 12 129 30 110 224 74 186
37 26 13 129 30 186 210 77 220
38 25 13 142 77 76 213 107 128
39 27 14 176 77 152 228 148 182
40 27 14 176 77 182 228 148 212
41 28 15 152 0 76 223 30 128
42 29 15 190 155 0 285 199 76
43 29 15 190 155 76 285 199 152
44 30 16 152 0 128 223 30 180
45 31 16 190 199 0 271 233 47
46 31 16 271 199 0 352 233 47
47 31 16 352 199 0 433 233 47
48 31 16 433 199 0 514 233 47
49 31 16 190 199 47 271 233 94
50 31 16 271 199 47 352 233 94
51 33 17 190 199 94 271 233 141
52 33 17 190 199 141 271 233 188
53 32 17 176 148 152 247 178 204
54 34 18 271 199 94 352 233 141
55 37 19 176 178 188 247 230 218
56 35 19 224 0 0 319 76 44
57 36 19 271 199 141 352 233 188
58 38 20 223 0 44 294 30 96
59 39 20 224 0 96 305 34 143
60 39 20 224 34 44 305 68 91
61 40 20 224 0 143 319 44 219
62 40 20 228 76 0 323 120 76
63 41 21 224 44 91 295 74 143
64 42 21 228 44 143 323 88 219
65 42 21 228 88 76 323 132 152
66 43 22 228 88 152 309 135 186
67 43 22 228 88 186 309 135 220
68 43 22 285 135 0 366 182 34
69 44 22 285 135 34 380 179 110
70 45 23 247 135 152 318 187 182
71 45 23 247 135 182 318 187 212
72 46 23 318 132 110 413 176 186
73 47 24 352 179 47 447 223 123
74 47 24 447 179 47 542 223 123
75 48 24 319 0 0 400 34 47
76 49 25 352 176 123 423 228 153
77 49 25 352 176 153 423 228 183
78 50 25 319 0 47 414 44 123
79 52 26 352 176 183 433 223 217
80 53 26 319 0 123 414 44 199
81 52 26 323 44 0 357 125 47
82 52 26 323 44 47 357 125 94
83 51 26 323 44 94 353 115 146
84 54 27 323 44 146 370 125 180
85 55 27 370 44 0 465 120 44
86 55 27 370 44 44 465 120 88
87 57 28 323 44 180 370 125 214
88 56 28 370 44 88 400 115 140
89 58 29 370 44 140 400 115 192
90 58 29 370 115 186 441 167 216
91 59 30 400 44 88 495 88 164
92 60 31 400 44 164 471 74 216
93 60 31 414 0 0 485 30 52
94 60 31 414 0 52 485 30 104
95 61 32 414 0 104 485 30 156
96 61 32 414 0 156 485 30 208
97 61 32 471 30 164 501 101 216
98 62 32 433 167 123 528 211 199
99 63 33 441 120 0 522 167 34
100 64 33 441 120 34 536 164 110
101 65 34 441 101 110 512 153 140
102 65 34 441 101 140 512 153 170
103 66 34 501 0 0 545 95 76
104 66 34 501 0 76 577 95 120
105 66 34 501 0 120 577 95 164
106 67 35 441 101 170 522 148 204
107 68 35 501 0 164 577 95 208
108 69 36 536 95 0 583 176 34
109 69 36 536 95 34 583 176 68
110 70 36 542 95 68 586 190 144
111 70 36 542 95 144 586 190 220
