Utilizacion 78.883931 VolCajasEmpacado 80.562689 Duracion[s] 60.008000 Iteraciones 4445
0 4 0 0 0 0 31 96 60
1 4 0 31 0 0 62 96 60
2 4 0 0 0 60 31 96 120
3 4 0 31 0 60 62 96 120
4 4 0 0 0 120 31 96 180
5 4 0 31 0 120 62 96 180
6 1 0 0 0 180 69 61 215
7 1 0 0 61 180 69 122 215
8 2 0 0 122 0 55 229 70
9 2 0 0 122 70 55 229 140
10 2 0 0 122 140 55 229 210
11 0 0 55 122 0 140 214 34
12 3 0 55 122 34 150 218 102
13 3 0 55 122 102 150 218 170
14 1 0 55 122 170 124 183 205
15 2 0 69 0 0 139 107 55
16 3 0 69 0 55 165 95 123
17 3 0 69 0 123 165 95 191
18 3 0 150 95 0 246 190 68
19 3 0 150 95 68 245 191 136
20 7 1 150 191 0 219 226 61
21 7 1 150 95 136 211 130 205
22 7 1 150 130 136 211 165 205
23 7 1 150 165 136 211 200 205
24 5 1 150 200 61 246 231 121
25 5 1 150 200 121 246 231 181
26 9 1 165 0 0 233 95 96
27 9 1 165 0 96 233 95 192
28 7 1 211 95 136 272 164 171
29 7 1 211 95 171 272 164 206
30 6 1 233 0 0 318 92 34
31 6 1 233 0 34 318 92 68
32 6 1 233 0 68 318 92 102
33 6 1 233 0 102 318 92 136
34 6 1 233 0 136 318 92 170
35 6 1 233 0 170 318 92 204
36 8 1 246 164 0 353 219 70
37 8 1 246 164 70 353 219 140
38 9 1 272 92 0 367 160 96
39 6 1 318 0 0 410 85 34
40 6 1 410 0 0 502 85 34
41 6 1 318 0 34 410 85 68
42 14 2 211 164 140 307 195 200
43 10 2 246 195 140 307 230 209
44 12 2 272 92 96 379 162 151
45 12 2 272 92 151 379 162 206
46 10 2 307 162 140 342 223 209
47 13 2 318 0 68 410 85 102
48 13 2 318 0 102 403 92 136
49 13 2 318 0 136 403 92 170
50 13 2 318 0 170 403 92 204
51 11 2 410 0 34 506 95 102
52 11 2 410 0 102 506 95 170
53 11 2 353 162 0 449 230 95
54 12 2 353 162 95 460 232 150
55 12 2 353 162 150 460 232 205
56 18 3 379 95 0 449 150 107
57 18 3 449 95 0 519 150 107
58 18 3 379 95 107 449 150 214
59 18 3 449 95 107 519 150 214
60 16 3 403 0 170 495 85 204
61 19 3 460 150 0 556 218 95
62 19 3 460 150 95 556 218 190
63 19 3 506 0 0 574 95 96
64 19 3 506 0 96 574 95 192
65 17 3 519 95 0 580 130 69
66 17 3 519 95 69 580 130 138
67 15 3 556 130 0 587 226 60
68 15 3 556 130 60 587 226 120
69 15 3 556 130 120 587 226 180
