Utilizacion 74.980967 VolCajasEmpacado 75.705261 Duracion[s] 60.038000 Iteraciones 925
0 3 0 0 0 0 73 50 98
1 3 0 0 50 0 73 100 98
2 3 0 0 100 0 73 150 98
3 3 0 0 150 0 73 200 98
4 8 0 0 0 98 43 69 143
5 8 0 0 69 98 43 138 143
6 14 0 0 200 0 80 231 55
7 14 0 80 200 0 160 231 55
8 14 0 160 200 0 240 231 55
9 15 0 0 0 143 53 100 177
10 15 0 0 0 177 53 100 211
11 5 0 0 100 143 50 163 213
12 13 0 0 200 55 82 230 104
13 17 0 0 163 98 43 199 140
14 17 0 0 163 140 43 199 182
15 15 0 0 199 104 100 233 157
16 15 0 0 199 157 100 233 210
17 17 0 43 163 98 85 199 141
18 11 0 50 100 98 95 141 148
19 11 0 50 100 148 95 141 198
20 11 0 50 141 141 91 191 186
21 0 0 53 0 98 79 93 134
22 0 0 53 0 134 79 93 170
23 0 0 53 0 170 79 93 206
24 1 0 79 0 0 142 92 104
25 2 0 79 0 104 149 89 162
26 2 0 79 0 162 149 89 220
27 2 0 91 141 0 180 199 70
28 4 0 91 141 70 210 191 137
29 6 0 91 141 137 191 196 185
30 16 0 91 141 185 211 179 220
31 9 0 95 92 0 171 134 76
32 9 0 95 92 76 171 134 152
33 4 0 95 89 152 214 139 219
34 0 0 100 199 55 193 225 91
35 16 0 100 196 91 220 231 129
36 10 0 100 196 129 205 233 202
37 2 0 149 0 0 219 89 58
38 9 0 149 0 58 225 42 134
39 9 0 149 0 134 225 42 210
40 7 0 149 42 58 242 87 136
41 9 0 149 42 136 225 84 212
42 10 0 211 139 0 316 176 73
43 10 0 211 139 73 316 176 146
44 10 0 211 139 146 316 176 219
45 6 0 214 89 0 314 137 55
46 5 0 214 89 55 277 139 125
47 1 0 242 0 0 334 63 104
48 1 0 242 0 104 334 63 208
49 2 0 242 63 125 312 121 214
50 18 0 316 63 0 436 162 36
51 18 0 436 63 0 556 162 36
52 12 0 316 63 36 412 165 58
53 12 0 316 63 58 412 165 80
54 12 0 316 63 80 412 165 102
55 24 1 240 176 0 300 230 46
56 24 1 240 176 46 300 230 92
57 24 1 240 176 92 300 230 138
58 24 1 240 176 138 300 230 184
59 35 1 205 179 184 298 205 220
60 35 1 205 205 184 298 231 220
61 28 1 312 63 102 417 136 139
62 28 1 312 63 139 417 136 176
63 28 1 312 63 176 417 136 213
64 25 1 300 176 0 393 221 78
65 30 1 300 176 78 343 218 114
66 30 1 300 176 114 343 218 150
67 30 1 300 176 150 343 218 186
68 33 1 298 176 186 378 231 217
69 31 1 316 136 102 436 171 140
70 31 1 316 136 140 436 171 178
71 31 1 316 136 178 436 171 216
72 24 1 334 0 0 380 54 60
73 22 1 334 0 60 404 63 110
74 22 1 334 0 110 404 63 160
75 22 1 334 0 160 404 63 210
76 27 1 393 171 0 438 212 50
77 27 1 438 171 0 483 212 50
78 27 1 483 171 0 528 212 50
79 27 1 528 171 0 573 212 50
80 26 1 393 171 50 462 214 95
81 23 1 378 171 95 478 219 150
82 23 1 378 171 150 478 219 205
83 21 1 404 0 0 523 50 67
84 22 1 404 0 67 454 63 137
85 22 1 454 0 67 504 63 137
86 25 1 404 0 137 497 45 215
87 19 1 417 63 36 521 126 128
88 31 1 417 45 137 537 80 175
89 31 1 417 45 175 537 80 213
90 30 1 417 80 128 459 116 171
91 34 1 417 80 171 499 129 201
92 33 1 436 129 36 516 160 91
93 32 1 436 129 91 536 163 144
94 32 1 436 129 144 536 163 197
95 28 1 478 163 50 583 200 123
96 32 1 478 163 123 578 197 176
97 27 1 478 163 176 528 208 217
98 26 1 499 80 128 542 125 197
99 34 1 536 125 176 585 207 206
100 22 1 537 0 0 587 63 70
101 20 1 537 0 70 587 73 168
102 31 1 542 0 168 577 120 206
