Utilizacion 78.976075 VolCajasEmpacado 79.507091 Duracion[s] 60.019000 Iteraciones 2423
0 2 0 0 0 0 79 25 22
1 2 0 0 25 0 79 50 22
2 2 0 0 50 0 79 75 22
3 2 0 0 75 0 79 100 22
4 2 0 0 100 0 79 125 22
5 2 0 0 125 0 79 150 22
6 1 0 0 150 0 64 196 48
7 1 0 0 150 48 64 196 96
8 1 0 0 150 96 64 196 144
9 1 0 0 150 144 64 196 192
10 0 0 0 0 22 85 89 55
11 0 0 0 0 55 85 89 88
12 0 0 0 0 88 85 89 121
13 0 0 0 0 121 85 89 154
14 0 0 0 0 154 85 89 187
15 0 0 0 0 187 85 89 220
16 1 0 0 89 22 64 137 68
17 1 0 0 89 68 64 137 114
18 0 0 79 89 0 164 178 33
19 5 1 0 89 114 64 135 162
20 5 1 0 89 162 64 135 210
21 3 1 0 196 0 79 221 22
22 5 1 64 89 33 112 153 79
23 5 1 64 89 79 112 153 125
24 5 1 64 89 125 112 153 171
25 5 1 64 89 171 112 153 217
26 5 1 64 153 33 110 201 97
27 4 1 85 0 0 170 89 33
28 4 1 85 0 33 170 89 66
29 4 1 85 0 66 170 89 99
30 4 1 85 0 99 170 89 132
31 4 1 85 0 132 170 89 165
32 4 1 85 0 165 170 89 198
33 4 1 112 89 33 201 174 66
34 4 1 112 89 66 201 174 99
35 4 1 112 89 99 201 174 132
36 8 2 0 201 22 79 226 44
37 8 2 0 201 44 79 226 66
38 8 2 0 201 66 79 226 88
39 8 2 0 201 88 79 226 110
40 8 2 0 201 110 79 226 132
41 8 2 0 201 132 79 226 154
42 8 2 0 201 154 79 226 176
43 8 2 0 201 176 79 226 198
44 8 2 0 201 198 79 226 220
45 6 2 79 174 97 127 220 161
46 6 2 64 153 161 128 201 207
47 6 2 112 89 132 176 135 180
48 7 2 128 89 180 213 178 213
49 6 2 128 178 0 174 226 64
50 6 2 174 178 0 220 226 64
51 6 2 128 178 64 174 226 128
52 6 2 174 178 64 220 226 128
53 6 2 128 178 128 174 226 192
54 6 2 174 178 128 220 226 192
55 7 2 170 0 0 255 89 33
56 7 2 170 0 33 255 89 66
57 7 2 170 0 66 255 89 99
58 7 2 170 0 99 255 89 132
59 9 3 85 0 198 164 25 220
60 9 3 85 25 198 164 50 220
61 9 3 85 50 198 164 75 220
62 9 3 128 178 192 207 203 214
63 9 3 128 203 192 207 228 214
64 10 3 170 0 132 255 89 165
65 10 3 170 0 165 259 85 198
66 10 3 213 89 0 302 174 33
67 10 3 213 89 33 302 174 66
68 10 3 213 89 66 302 174 99
69 10 3 213 89 99 302 174 132
70 10 3 213 89 132 302 174 165
71 10 3 213 89 165 302 174 198
72 11 3 220 174 0 266 222 64
73 11 3 220 174 64 266 222 128
74 11 3 220 174 128 266 222 192
75 10 3 259 0 0 348 85 33
76 11 3 259 0 33 307 64 79
77 12 4 213 0 198 238 79 220
78 12 4 164 0 198 189 79 220
79 12 4 213 79 198 292 104 220
80 12 4 213 104 198 292 129 220
81 12 4 213 129 198 292 154 220
82 12 4 213 154 198 292 179 220
83 12 4 207 179 192 286 204 214
84 14 4 259 0 79 307 64 125
85 14 4 259 0 125 307 64 171
86 14 4 259 0 171 307 64 217
87 14 4 286 179 0 350 227 46
88 14 4 350 179 0 414 227 46
89 14 4 414 179 0 478 227 46
90 14 4 478 179 0 542 227 46
91 14 4 286 179 46 350 227 92
92 14 4 350 179 46 414 227 92
93 14 4 414 179 46 478 227 92
94 14 4 478 179 46 542 227 92
95 13 4 302 85 0 387 174 33
96 13 4 348 0 0 437 85 33
97 13 4 387 85 0 472 174 33
98 13 4 437 0 0 526 85 33
99 13 4 472 85 0 557 174 33
100 15 5 207 204 192 286 226 217
101 16 5 286 179 92 334 225 156
102 16 5 334 179 92 382 225 156
103 16 5 382 179 92 430 225 156
104 16 5 430 179 92 478 225 156
105 16 5 286 179 156 334 225 220
106 16 5 334 179 156 382 225 220
107 16 5 382 179 156 430 225 220
108 16 5 430 179 156 478 225 220
109 15 5 292 64 33 371 89 55
110 15 5 292 64 55 371 89 77
111 15 5 292 64 77 371 89 99
112 15 5 292 64 99 371 89 121
113 15 5 292 64 121 371 89 143
114 17 5 302 89 33 387 178 66
115 17 5 387 89 33 472 178 66
116 17 5 472 89 33 557 178 66
117 17 5 302 89 66 387 178 99
118 18 6 292 64 143 371 89 165
119 18 6 292 64 165 371 89 187
120 18 6 292 64 187 371 89 209
121 18 6 302 89 99 381 111 124
122 18 6 302 111 99 381 133 124
123 20 6 302 89 124 348 153 172
124 20 6 348 89 124 394 153 172
125 20 6 302 89 172 348 153 220
126 20 6 348 89 172 394 153 220
127 20 6 307 0 33 371 48 79
128 20 6 307 0 79 353 64 127
129 20 6 307 0 127 355 64 173
130 19 6 371 0 33 456 89 66
131 19 6 371 0 66 456 89 99
132 19 6 371 0 99 456 89 132
133 19 6 371 0 132 456 89 165
134 19 6 371 0 165 456 89 198
135 19 6 394 89 66 483 174 99
136 21 7 302 153 99 381 178 121
137 21 7 302 153 121 381 178 143
138 21 7 302 153 143 381 178 165
139 21 7 302 153 165 381 178 187
140 22 7 394 89 99 483 174 132
141 22 7 394 89 132 483 174 165
142 22 7 394 89 165 483 174 198
143 23 7 456 0 33 520 48 79
144 23 7 456 0 79 520 48 125
145 23 7 456 0 125 520 48 171
146 23 7 456 0 171 520 48 217
147 23 7 478 174 92 524 222 156
148 23 7 478 174 156 524 222 220
149 22 7 483 48 66 572 133 99
150 22 7 483 48 99 572 133 132
151 22 7 483 48 132 572 133 165
152 23 7 483 48 165 547 94 213
153 23 7 483 94 165 547 140 213
154 23 7 526 0 0 572 48 64
155 24 8 394 140 198 473 165 220
156 24 8 483 140 66 562 165 88
157 24 8 483 140 88 562 162 113
158 24 8 483 140 113 562 165 135
159 24 8 483 140 135 562 165 157
160 24 8 483 140 157 562 165 179
161 26 8 520 0 64 566 48 128
162 26 8 520 0 128 566 48 192
