Utilizacion 79.047632 VolCajasEmpacado 80.999626 Duracion[s] 60.003000 Iteraciones 1400
0 6 0 0 0 0 48 83 91
1 6 0 48 0 0 96 83 91
2 6 0 96 0 0 144 83 91
3 6 0 144 0 0 192 83 91
4 6 0 192 0 0 240 83 91
5 6 0 240 0 0 288 83 91
6 6 0 288 0 0 336 83 91
7 3 0 0 0 91 40 48 147
8 3 0 0 48 91 40 96 147
9 0 0 0 0 147 56 99 172
10 0 0 0 0 172 56 99 197
11 9 0 0 0 197 40 67 219
12 4 0 0 99 0 66 203 40
13 4 0 0 99 40 66 203 80
14 4 0 0 99 80 66 203 120
15 4 0 0 99 120 66 203 160
16 4 0 0 99 160 66 203 200
17 0 0 56 0 91 112 99 116
18 0 0 56 0 116 112 99 141
19 0 0 56 0 141 112 99 166
20 0 0 56 0 166 112 99 191
21 0 0 56 0 191 112 99 216
22 9 0 0 203 0 67 225 40
23 9 0 0 203 40 67 225 80
24 9 0 0 203 80 67 225 120
25 1 0 0 203 120 36 232 156
26 1 0 36 203 120 72 232 156
27 1 0 0 203 156 36 232 192
28 1 0 36 203 156 72 232 192
29 8 0 112 0 91 190 92 155
30 8 0 66 99 0 144 191 64
31 8 0 66 99 64 144 191 128
32 8 0 66 99 128 144 191 192
33 2 0 112 0 155 145 75 215
34 2 0 144 75 155 219 108 215
35 1 0 72 191 0 108 227 29
36 2 0 145 0 155 178 75 215
37 2 0 108 191 0 183 224 60
38 2 0 72 191 60 147 224 120
39 2 0 72 191 120 147 224 180
40 7 0 144 108 0 257 186 60
41 7 0 257 108 0 370 186 60
42 7 0 370 108 0 483 186 60
43 7 0 144 108 60 257 186 120
44 7 0 257 108 60 370 186 120
45 7 0 370 108 60 483 186 120
46 2 0 144 108 120 204 183 153
47 2 0 144 108 153 204 183 186
48 2 0 144 108 186 204 183 219
49 5 0 183 186 0 301 233 66
50 5 0 183 186 66 301 233 132
51 5 0 183 186 132 301 233 198
52 2 0 190 0 91 223 75 151
53 5 0 204 108 120 322 174 167
54 5 0 204 108 167 322 174 214
55 5 0 223 0 91 341 47 157
56 5 0 223 47 91 341 94 157
57 7 0 219 0 157 332 78 217
58 19 1 204 174 198 271 214 220
59 17 1 219 78 157 255 107 193
60 17 1 255 78 157 291 107 193
61 17 1 291 78 157 327 107 193
62 19 1 301 174 120 368 196 160
63 19 1 301 174 160 368 196 200
64 15 1 322 107 120 378 147 168
65 15 1 378 107 120 434 147 168
66 15 1 434 107 120 490 147 168
67 15 1 322 107 168 378 147 216
68 15 1 378 107 168 434 147 216
69 15 1 434 107 168 490 147 216
70 17 1 301 196 0 330 232 36
71 17 1 330 196 0 359 232 36
72 17 1 359 196 0 388 232 36
73 17 1 388 196 0 417 232 36
74 17 1 417 196 0 446 232 36
75 17 1 446 196 0 475 232 36
76 16 1 301 196 36 376 229 96
77 16 1 301 196 96 376 229 156
78 16 1 301 196 156 376 229 216
79 19 1 322 147 120 389 169 160
80 19 1 322 147 160 389 169 200
81 12 1 341 0 0 432 83 48
82 12 1 432 0 0 523 83 48
83 19 1 368 169 120 435 191 160
84 16 1 376 169 160 451 202 220
85 10 1 451 147 120 515 225 212
86 14 1 341 0 48 407 104 88
87 14 1 341 0 88 407 104 128
88 14 1 341 0 128 407 104 168
89 14 1 341 0 168 407 104 208
90 12 1 407 0 48 455 91 131
91 12 1 407 0 131 455 91 214
92 18 1 455 0 48 511 99 73
93 18 1 455 0 73 511 99 98
94 18 1 455 0 98 511 99 123
95 18 1 455 0 123 511 99 148
96 18 1 455 0 148 511 99 173
97 18 1 455 0 173 511 99 198
98 12 1 490 99 0 573 147 91
99 12 1 490 99 91 581 147 174
100 11 1 515 147 0 575 225 113
101 10 1 515 147 113 579 225 205
102 10 1 523 0 0 587 92 78
103 10 1 523 0 78 587 92 156
104 18 1 511 0 156 567 99 181
105 18 1 511 0 181 567 99 206
