Utilizacion 74.276850 VolCajasEmpacado 75.547291 Duracion[s] 60.014000 Iteraciones 2428
0 10 0 0 0 0 53 116 36
1 10 0 0 116 0 53 232 36
2 1 0 0 0 36 91 106 60
3 1 0 0 106 36 91 212 60
4 12 0 0 0 60 85 79 106
5 12 0 0 0 106 85 79 152
6 12 0 0 0 152 85 79 198
7 11 0 0 79 60 35 121 113
8 8 0 0 79 113 62 118 164
9 8 0 0 79 164 62 118 215
10 5 0 0 121 60 89 177 107
11 5 0 0 121 107 89 177 154
12 5 0 0 121 154 89 177 201
13 7 0 0 177 60 87 229 102
14 7 0 0 177 102 87 229 144
15 7 0 0 177 144 87 229 186
16 3 0 91 0 0 181 98 67
17 3 0 91 98 0 181 196 67
18 9 0 62 79 67 162 117 123
19 4 0 85 0 67 178 67 153
20 6 0 85 0 153 169 112 199
21 2 0 89 117 67 171 197 138
22 2 0 89 112 138 160 194 218
23 1 0 181 0 0 272 106 24
24 0 0 181 0 24 257 89 54
25 21 1 0 194 186 66 231 213
26 19 1 91 197 0 207 233 53
27 19 1 91 197 53 207 233 106
28 21 1 87 197 106 153 224 143
29 18 1 87 194 143 138 233 205
30 15 1 181 106 0 279 196 67
31 16 1 181 0 54 267 93 121
32 16 1 181 0 121 267 93 188
33 20 1 169 0 188 245 89 218
34 17 1 171 93 67 260 149 114
35 17 1 171 93 114 260 149 161
36 17 1 171 93 161 260 149 208
37 13 1 171 149 67 250 195 152
38 18 1 160 149 152 199 200 214
39 22 1 272 0 0 363 106 24
40 22 1 272 0 24 363 106 48
41 22 1 272 0 48 363 106 72
42 22 1 272 0 72 363 106 96
43 14 1 267 0 96 347 71 178
44 33 2 153 200 106 219 227 143
45 33 2 153 200 143 219 227 180
46 34 2 199 149 152 250 188 214
47 30 2 219 196 0 335 232 53
48 30 2 219 196 53 335 232 106
49 29 2 219 195 106 319 233 162
50 30 2 219 188 162 335 224 215
51 31 2 250 149 67 292 184 120
52 31 2 250 149 120 292 184 173
53 32 2 267 0 178 343 89 208
54 28 2 279 106 0 366 148 52
55 23 2 292 106 52 372 188 123
56 27 2 260 93 123 339 139 208
57 26 2 292 139 123 404 185 207
58 25 2 339 89 123 395 136 212
59 26 2 363 0 0 475 46 84
60 23 2 363 0 84 443 82 155
61 27 2 347 0 155 432 79 201
62 26 2 372 185 0 484 231 84
63 23 2 404 82 0 486 153 80
64 24 2 404 82 80 494 180 147
65 24 2 404 82 147 494 180 214
66 32 2 475 0 0 564 76 30
67 41 3 335 188 84 451 224 137
68 42 3 335 185 137 377 220 190
69 42 3 377 185 137 419 220 190
70 45 3 335 185 190 401 222 217
71 47 3 419 180 137 458 231 199
72 41 3 443 46 30 559 82 83
73 35 3 443 0 84 499 47 173
74 35 3 432 0 173 521 56 220
75 40 3 494 56 83 581 98 135
76 35 3 484 180 0 540 227 89
77 41 3 458 180 89 574 233 125
78 41 3 458 180 125 574 233 161
79 36 3 494 98 0 565 180 80
80 36 3 494 98 80 576 178 151
81 39 3 494 56 151 578 168 197
