Utilizacion 73.747279 VolCajasEmpacado 74.755293 Duracion[s] 60.059000 Iteraciones 953
0 8 0 0 0 0 47 74 29
1 8 0 0 74 0 47 148 29
2 8 0 0 148 0 47 222 29
3 5 0 0 0 29 36 100 90
4 4 0 0 0 90 36 99 153
5 4 0 0 0 153 36 99 216
6 10 0 0 100 29 52 125 65
7 10 0 0 125 29 52 150 65
8 10 0 0 150 29 52 175 65
9 10 0 0 175 29 52 200 65
10 10 0 0 200 29 52 225 65
11 3 0 0 100 65 41 211 141
12 3 0 0 100 141 41 211 217
13 0 0 0 211 65 63 232 102
14 0 0 0 211 102 63 232 139
15 11 0 47 0 0 82 95 44
16 11 0 47 0 44 82 95 88
17 11 0 47 0 88 82 95 132
18 9 0 36 0 132 64 91 165
19 9 0 36 0 165 64 91 198
20 1 0 36 0 198 84 100 218
21 2 0 52 100 0 142 155 69
22 2 0 52 155 0 142 210 69
23 1 0 41 100 69 89 200 89
24 1 0 41 100 89 89 200 109
25 1 0 41 100 109 89 200 129
26 7 0 41 100 129 71 197 178
27 7 0 71 100 129 101 197 178
28 6 0 41 100 178 93 179 214
29 9 0 41 179 178 132 212 206
30 4 0 84 0 0 120 99 63
31 6 0 84 0 63 120 79 115
32 6 0 84 0 115 120 79 167
33 5 0 84 0 167 145 100 203
34 7 0 142 100 0 191 197 30
35 21 1 0 212 139 63 233 176
36 21 1 0 212 176 63 233 213
37 12 1 101 100 69 153 179 105
38 12 1 101 100 105 153 179 141
39 12 1 101 100 141 153 179 177
40 12 1 101 100 177 153 179 213
41 21 1 63 212 0 126 233 37
42 21 1 63 212 37 126 233 74
43 20 1 142 179 30 194 204 66
44 20 1 142 179 66 194 204 102
45 20 1 142 179 102 194 204 138
46 20 1 142 179 138 194 204 174
47 20 1 142 179 174 194 204 210
48 19 1 142 204 0 216 233 47
49 19 1 142 204 47 216 233 94
50 19 1 142 204 94 216 233 141
51 19 1 142 204 141 216 233 188
52 16 1 145 0 0 181 100 61
53 17 1 145 0 61 189 95 96
54 17 1 145 0 96 189 95 131
55 17 1 145 0 131 189 95 166
56 17 1 145 0 166 189 95 201
57 12 1 153 100 30 205 179 66
58 12 1 153 95 66 189 174 118
59 12 1 153 95 118 189 174 170
60 18 1 189 0 0 219 97 49
61 18 1 189 0 49 238 97 79
62 17 1 189 0 79 233 95 114
63 17 1 189 0 114 233 95 149
64 16 1 189 0 149 225 100 210
65 16 1 205 100 0 266 200 36
66 16 1 205 100 36 266 200 72
67 14 1 189 100 72 300 176 113
68 14 1 189 100 113 300 176 154
69 14 1 189 100 154 300 176 195
70 22 1 153 100 195 253 148 215
71 22 1 194 148 195 294 196 215
72 18 1 216 200 0 313 230 49
73 18 1 216 200 49 313 230 98
74 15 1 216 196 98 315 232 161
75 22 1 238 0 0 286 100 20
76 22 1 238 0 20 286 100 40
77 22 1 238 0 40 286 100 60
78 22 1 238 0 60 286 100 80
79 13 1 233 0 80 288 90 149
80 13 1 233 0 149 288 90 218
81 15 1 288 0 0 324 99 63
82 14 1 300 99 0 411 175 41
83 32 2 253 90 195 316 127 216
84 30 2 216 196 161 307 229 189
85 30 2 216 196 189 307 229 217
86 23 2 288 0 63 343 90 132
87 23 2 288 0 132 343 90 201
88 32 2 300 175 0 363 196 37
89 32 2 300 175 37 363 196 74
90 34 2 300 127 41 395 171 76
91 31 2 300 171 74 352 196 110
92 25 2 300 127 76 399 163 139
93 34 2 300 127 139 395 162 183
94 30 2 300 163 110 391 196 138
95 30 2 300 163 138 391 196 166
96 30 2 300 163 166 391 196 194
97 31 2 300 127 183 352 163 208
98 31 2 307 163 194 359 199 219
99 30 2 315 199 0 406 232 28
100 28 2 324 90 41 421 120 90
101 28 2 324 90 90 421 120 139
102 28 2 324 90 139 421 120 188
103 28 2 315 199 28 412 229 77
104 29 2 315 199 77 389 228 124
105 29 2 315 199 124 389 228 171
106 29 2 315 199 171 389 228 218
107 27 2 343 0 0 379 79 52
108 29 2 343 0 52 372 74 99
109 33 2 379 0 0 479 48 20
110 33 2 379 0 20 479 48 40
111 26 2 379 0 40 479 61 76
112 26 2 379 0 76 479 61 112
113 25 2 343 0 112 442 36 175
114 34 2 343 0 175 438 35 219
115 25 2 343 36 112 442 72 175
116 24 2 411 120 0 522 196 41
117 24 2 411 120 41 522 196 82
118 42 3 316 90 188 368 126 213
119 42 3 368 90 188 420 126 213
120 43 3 352 126 183 415 147 220
121 43 3 359 147 194 422 184 215
122 43 3 391 184 82 454 205 119
123 41 3 391 184 119 482 212 152
124 41 3 391 184 152 482 212 185
125 41 3 391 184 185 482 212 218
126 43 3 421 35 175 442 98 212
127 40 3 343 35 175 417 82 204
128 43 3 412 212 0 475 233 37
129 42 3 442 0 112 467 52 148
130 42 3 442 0 148 467 52 184
131 42 3 442 0 184 467 52 220
132 45 3 421 98 82 518 147 112
133 35 3 421 98 112 520 134 175
134 45 3 421 98 175 518 147 205
135 35 3 422 147 82 521 183 145
136 35 3 422 147 145 521 183 208
137 39 3 442 61 0 521 97 52
138 39 3 442 61 52 521 97 104
139 40 3 442 61 104 516 90 151
140 40 3 442 61 151 516 90 198
141 38 3 479 0 0 579 61 36
142 38 3 479 0 36 579 61 72
143 38 3 479 0 72 579 61 108
144 38 3 479 0 108 579 61 144
145 38 3 479 0 144 579 61 180
146 44 3 467 0 180 567 48 200
147 44 3 467 0 200 567 48 220
148 40 3 482 196 0 556 225 47
149 39 3 482 196 47 561 232 99
150 44 3 482 183 99 582 231 119
151 40 3 482 183 119 556 230 148
152 44 3 482 183 148 582 231 168
153 36 3 522 61 0 577 130 90
154 36 3 522 61 90 577 130 180
