Utilizacion 84.187404 VolCajasEmpacado 84.801256 Duracion[s] 60.055000 Iteraciones 954
0 5 0 0 0 0 45 57 59
1 5 0 0 57 0 45 114 59
2 5 0 0 114 0 45 171 59
3 5 0 0 171 0 45 228 59
4 5 0 0 0 59 45 57 118
5 5 0 0 57 59 45 114 118
6 5 0 0 114 59 45 171 118
7 5 0 0 171 59 45 228 118
8 5 0 0 0 118 45 57 177
9 5 0 0 57 118 45 114 177
10 5 0 0 114 118 45 171 177
11 5 0 0 171 118 45 228 177
12 2 0 0 0 177 45 111 210
13 2 0 0 111 177 45 222 210
14 4 0 45 0 0 82 110 43
15 4 0 45 110 0 82 220 43
16 4 0 45 0 43 82 110 86
17 4 0 45 110 43 82 220 86
18 4 0 45 0 86 82 110 129
19 4 0 45 110 86 82 220 129
20 4 0 45 0 129 82 110 172
21 4 0 45 110 129 82 220 172
22 4 0 45 0 172 82 110 215
23 4 0 45 110 172 82 220 215
24 9 0 82 0 0 144 64 99
25 9 0 144 0 0 206 64 99
26 9 0 206 0 0 268 64 99
27 9 0 82 64 0 144 128 99
28 9 0 144 64 0 206 128 99
29 9 0 206 64 0 268 128 99
30 9 0 82 128 0 144 192 99
31 9 0 144 128 0 206 192 99
32 9 0 206 128 0 268 192 99
33 9 0 82 0 99 144 64 198
34 9 0 144 0 99 206 64 198
35 9 0 206 0 99 268 64 198
36 9 0 82 64 99 144 128 198
37 9 0 144 64 99 206 128 198
38 9 0 206 64 99 268 128 198
39 9 0 82 128 99 144 192 198
40 9 0 144 128 99 206 192 198
41 9 0 206 128 99 268 192 198
42 0 0 82 192 0 187 219 22
43 0 0 82 192 22 187 219 44
44 0 0 82 192 44 187 219 66
45 0 0 82 192 66 187 219 88
46 0 0 82 192 88 187 219 110
47 0 0 82 192 110 187 219 132
48 0 0 82 192 132 187 219 154
49 0 0 82 192 154 187 219 176
50 0 0 82 192 176 187 219 198
51 0 0 82 192 198 187 219 220
52 0 0 82 0 198 187 27 220
53 0 0 82 27 198 187 54 220
54 4 0 187 192 0 297 229 43
55 4 0 187 192 43 297 229 86
56 4 0 187 192 86 297 229 129
57 4 0 187 192 129 297 229 172
58 4 0 187 192 172 297 229 215
59 2 0 268 0 0 379 45 33
60 2 0 268 45 0 379 90 33
61 2 0 268 90 0 379 135 33
62 2 0 268 135 0 379 180 33
63 2 0 268 0 33 379 45 66
64 2 0 268 45 33 379 90 66
65 2 0 268 90 33 379 135 66
66 2 0 268 135 33 379 180 66
67 2 0 268 0 66 379 45 99
68 2 0 268 45 66 379 90 99
69 2 0 268 90 66 379 135 99
70 2 0 268 135 66 379 180 99
71 7 0 268 0 99 364 73 149
72 3 0 268 0 149 382 53 184
73 3 0 268 0 184 382 53 219
74 2 0 268 73 99 301 184 144
75 2 0 301 73 99 334 184 144
76 3 0 268 53 149 382 88 202
77 1 0 268 88 144 300 190 190
78 6 0 300 88 144 361 136 216
79 6 0 300 136 144 361 184 216
80 3 0 361 88 99 396 202 152
81 3 0 361 88 152 396 202 205
82 6 0 300 184 0 361 232 72
83 6 0 300 184 72 361 232 144
84 6 0 300 184 144 361 232 216
85 8 0 382 0 0 433 75 66
86 8 0 382 0 66 433 75 132
87 8 0 382 0 132 433 75 198
88 6 0 396 75 0 444 136 72
89 6 0 396 136 0 444 197 72
90 6 0 396 75 72 444 136 144
91 6 0 396 136 72 444 197 144
92 6 0 396 75 144 444 136 216
93 6 0 396 136 144 444 197 216
94 1 0 396 197 0 498 229 46
95 3 0 396 197 46 510 232 99
96 3 0 396 197 99 510 232 152
97 3 0 396 197 152 510 232 205
98 6 0 433 0 0 505 48 61
99 6 0 433 0 61 481 72 122
100 7 0 433 0 122 506 50 218
101 7 0 444 72 0 540 122 73
102 7 0 444 122 0 540 172 73
103 7 0 444 72 73 540 122 146
104 7 0 444 122 73 540 172 146
105 7 0 444 72 146 540 122 219
106 7 0 444 122 146 540 172 219
107 6 0 506 0 0 554 72 61
108 6 0 506 0 61 554 72 122
109 6 0 506 0 122 554 72 183
110 8 0 510 172 0 585 223 66
111 8 0 510 172 66 585 223 132
112 8 0 510 172 132 585 223 198
113 1 0 554 0 0 586 102 46
114 1 0 554 0 46 586 102 92
115 1 0 554 0 92 586 102 138
116 1 0 554 0 138 586 102 184
117 1 0 540 0 184 586 102 216
