Utilizacion 76.229348 VolCajasEmpacado 77.131544 Duracion[s] 60.009000 Iteraciones 2113
0 5 0 0 0 0 46 65 73
1 5 0 0 0 73 46 65 146
2 5 0 0 0 146 46 65 219
3 9 0 0 65 0 93 171 70
4 9 0 0 65 70 93 171 140
5 9 0 0 65 140 93 171 210
6 7 0 0 171 0 105 223 72
7 7 0 0 171 72 105 223 144
8 4 0 0 171 144 42 230 210
9 4 0 42 171 144 84 230 210
10 0 0 46 0 0 82 60 26
11 0 0 46 0 26 82 60 52
12 0 0 46 0 52 82 60 78
13 0 0 46 0 78 82 60 104
14 1 0 46 0 104 118 31 135
15 1 0 46 31 104 118 62 135
16 8 0 46 0 135 117 62 215
17 6 0 93 62 0 171 151 50
18 3 0 93 62 50 159 156 89
19 10 0 93 62 89 167 101 112
20 10 0 93 62 112 167 101 135
21 10 0 93 62 135 167 101 158
22 2 0 93 62 158 156 125 189
23 2 0 93 62 189 156 125 220
24 8 0 105 125 89 185 187 160
25 2 0 93 125 160 156 188 191
26 19 1 93 125 191 167 164 214
27 19 1 93 164 191 167 203 214
28 13 1 118 0 0 189 62 80
29 13 1 189 0 0 260 62 80
30 13 1 260 0 0 331 62 80
31 15 1 118 0 80 207 50 158
32 15 1 207 0 80 296 50 158
33 11 1 117 0 158 189 31 189
34 11 1 117 31 158 189 62 189
35 11 1 117 0 189 189 31 220
36 16 1 167 187 0 268 232 76
37 14 1 189 0 158 294 72 210
38 17 1 167 187 76 261 226 142
39 14 1 171 72 0 276 124 72
40 18 1 185 124 0 248 187 31
41 12 1 185 72 72 255 165 178
42 12 1 268 124 0 361 230 70
43 12 1 268 124 70 361 230 140
44 27 2 156 72 178 216 98 214
45 27 2 156 98 178 216 124 214
46 29 2 167 187 142 268 232 218
47 27 2 167 124 178 227 150 214
48 28 2 167 150 178 241 173 217
49 28 2 216 72 178 290 95 217
50 28 2 216 95 178 290 118 217
51 27 2 241 118 178 267 178 214
52 22 2 267 118 140 338 180 220
53 29 2 268 180 140 369 225 216
54 25 2 290 72 0 384 111 66
55 26 2 296 0 80 327 72 111
56 26 2 296 0 111 327 72 142
57 26 2 296 0 142 327 72 173
58 26 2 296 0 173 327 72 204
59 29 2 290 72 66 391 117 142
60 24 2 290 72 142 355 118 215
61 23 2 331 0 0 436 72 52
62 22 2 331 0 52 393 71 132
63 22 2 331 0 132 393 71 212
64 20 2 355 71 142 405 160 220
65 20 2 393 0 52 471 50 141
66 21 2 369 160 0 462 230 106
67 23 2 393 0 141 498 52 213
68 30 3 369 160 106 447 210 195
69 41 3 369 160 195 443 199 218
70 41 3 369 210 106 443 233 145
71 40 3 405 52 52 465 88 78
72 33 3 405 88 0 510 160 52
73 33 3 405 88 52 510 160 104
74 31 3 405 52 104 498 158 174
75 35 3 405 52 174 506 128 219
76 39 3 405 128 174 477 159 205
77 37 3 462 160 0 556 226 39
78 32 3 462 160 39 542 231 101
79 32 3 462 160 101 542 231 163
80 34 3 447 159 163 512 232 209
81 30 3 498 0 0 587 50 78
82 30 3 498 0 78 587 50 156
83 36 3 498 0 156 564 42 215
84 32 3 510 50 0 581 130 62
85 32 3 510 50 62 581 130 124
86 32 3 510 50 124 581 130 186
87 38 3 506 42 186 569 105 217
88 36 3 512 130 163 571 196 205
