Utilizacion 84.578918 VolCajasEmpacado 85.468208 Duracion[s] 60.125000 Iteraciones 856
0 3 0 0 0 0 92 64 33
1 3 0 92 0 0 184 64 33
2 3 0 184 0 0 276 64 33
3 3 0 276 0 0 368 64 33
4 3 0 368 0 0 460 64 33
5 3 0 460 0 0 552 64 33
6 3 0 0 0 33 92 64 66
7 3 0 92 0 33 184 64 66
8 3 0 184 0 33 276 64 66
9 3 0 276 0 33 368 64 66
10 3 0 368 0 33 460 64 66
11 3 0 460 0 33 552 64 66
12 3 0 0 0 66 92 64 99
13 3 0 92 0 66 184 64 99
14 3 0 184 0 66 276 64 99
15 3 0 276 0 66 368 64 99
16 3 0 368 0 66 460 64 99
17 3 0 460 0 66 552 64 99
18 5 0 0 64 0 45 139 35
19 5 0 0 139 0 45 214 35
20 5 0 0 64 35 45 139 70
21 5 0 0 139 35 45 214 70
22 5 0 0 64 70 45 139 105
23 5 0 0 139 70 45 214 105
24 5 0 0 64 105 45 139 140
25 5 0 0 139 105 45 214 140
26 5 0 0 64 140 45 139 175
27 5 0 0 139 140 45 214 175
28 5 0 0 64 175 45 139 210
29 5 0 0 139 175 45 214 210
30 6 0 0 0 99 119 39 158
31 6 0 0 0 158 119 39 217
32 7 0 45 64 0 94 116 54
33 7 0 45 116 0 94 168 54
34 7 0 45 168 0 94 220 54
35 1 0 45 39 99 102 68 132
36 1 0 102 39 99 159 68 132
37 1 0 159 39 99 216 68 132
38 1 0 216 39 99 273 68 132
39 1 0 273 39 99 330 68 132
40 1 0 330 39 99 387 68 132
41 1 0 387 39 99 444 68 132
42 1 0 444 39 99 501 68 132
43 1 0 45 39 132 102 68 165
44 1 0 102 39 132 159 68 165
45 1 0 159 39 132 216 68 165
46 1 0 216 39 132 273 68 165
47 1 0 273 39 132 330 68 165
48 1 0 330 39 132 387 68 165
49 1 0 387 39 132 444 68 165
50 1 0 444 39 132 501 68 165
51 1 0 45 39 165 102 68 198
52 1 0 102 39 165 159 68 198
53 1 0 159 39 165 216 68 198
54 1 0 216 39 165 273 68 198
55 1 0 273 39 165 330 68 198
56 1 0 330 39 165 387 68 198
57 1 0 387 39 165 444 68 198
58 1 0 444 39 165 501 68 198
59 4 0 45 68 54 137 181 87
60 4 0 45 68 87 137 181 120
61 4 0 45 68 120 137 181 153
62 4 0 45 68 153 137 181 186
63 4 0 45 68 186 137 181 219
64 7 0 45 181 54 99 233 103
65 0 0 45 181 103 73 218 155
66 0 0 45 181 155 73 218 207
67 1 0 73 181 103 106 210 160
68 0 0 73 181 160 101 218 212
69 7 0 106 181 0 155 233 54
70 7 0 155 181 0 204 233 54
71 7 0 204 181 0 253 233 54
72 7 0 106 181 54 155 233 108
73 7 0 155 181 54 204 233 108
74 7 0 204 181 54 253 233 108
75 7 0 106 181 108 155 233 162
76 7 0 155 181 108 204 233 162
77 7 0 204 181 108 253 233 162
78 7 0 106 181 162 155 233 216
79 7 0 155 181 162 204 233 216
80 7 0 204 181 162 253 233 216
81 6 0 119 0 99 238 39 158
82 6 0 238 0 99 357 39 158
83 6 0 357 0 99 476 39 158
84 6 0 119 0 158 238 39 217
85 6 0 238 0 158 357 39 217
86 6 0 357 0 158 476 39 217
87 5 0 137 68 0 212 103 45
88 5 0 212 68 0 287 103 45
89 5 0 287 68 0 362 103 45
90 5 0 362 68 0 437 103 45
91 5 0 437 68 0 512 103 45
92 5 0 512 68 0 587 103 45
93 5 0 137 103 0 212 138 45
94 5 0 212 103 0 287 138 45
95 5 0 287 103 0 362 138 45
96 5 0 362 103 0 437 138 45
97 5 0 437 103 0 512 138 45
98 5 0 512 103 0 587 138 45
99 5 0 137 138 0 212 173 45
100 5 0 212 138 0 287 173 45
101 5 0 287 138 0 362 173 45
102 5 0 362 138 0 437 173 45
103 5 0 437 138 0 512 173 45
104 5 0 512 138 0 587 173 45
105 0 0 476 0 99 504 37 151
106 0 0 504 0 99 532 37 151
107 0 0 532 0 99 560 37 151
108 0 0 476 0 151 504 37 203
109 0 0 504 0 151 532 37 203
110 0 0 532 0 151 560 37 203
111 0 0 137 68 45 174 96 97
112 0 0 137 96 45 174 124 97
113 0 0 137 124 45 174 152 97
114 0 0 137 152 45 174 180 97
115 0 0 137 68 97 174 96 149
116 0 0 137 96 97 174 124 149
117 0 0 137 124 97 174 152 149
118 0 0 137 152 97 174 180 149
119 0 0 137 68 149 174 96 201
120 0 0 137 96 149 174 124 201
121 0 0 137 124 149 174 152 201
122 0 0 137 152 149 174 180 201
123 4 0 174 68 45 266 181 78
124 4 0 266 68 45 358 181 78
125 4 0 358 68 45 450 181 78
126 4 0 450 68 45 542 181 78
127 4 0 174 68 78 266 181 111
128 4 0 266 68 78 358 181 111
129 4 0 358 68 78 450 181 111
130 4 0 450 68 78 542 181 111
131 4 0 174 68 111 266 181 144
132 4 0 266 68 111 358 181 144
133 4 0 358 68 111 450 181 144
134 4 0 450 68 111 542 181 144
135 4 0 174 68 144 266 181 177
136 4 0 266 68 144 358 181 177
137 4 0 358 68 144 450 181 177
138 4 0 450 68 144 542 181 177
139 4 0 174 68 177 266 181 210
140 4 0 266 68 177 358 181 210
141 7 0 253 181 0 302 233 54
142 7 0 302 181 0 351 233 54
143 0 0 253 181 54 290 233 82
144 1 0 253 181 82 310 214 111
145 2 0 253 181 111 352 218 141
146 2 0 253 181 141 352 218 171
147 2 0 253 181 171 352 218 201
148 2 0 352 181 0 451 218 30
149 2 0 352 181 30 451 218 60
150 2 0 352 181 60 451 218 90
151 2 0 352 181 90 451 218 120
152 2 0 352 181 120 451 218 150
153 2 0 352 181 150 451 218 180
154 2 0 352 181 180 451 218 210
155 3 0 358 68 177 450 132 210
156 3 0 450 68 177 542 132 210
157 2 0 358 132 177 457 162 214
158 2 0 451 181 0 550 218 30
159 6 0 451 181 30 570 220 89
160 2 0 451 162 177 550 192 214
161 6 0 451 192 89 570 231 148
162 6 0 451 192 148 570 231 207
163 2 0 457 132 177 556 162 214
164 3 0 552 37 45 585 129 109
165 3 0 552 37 109 585 129 173
166 2 0 556 37 173 586 136 210
