Utilizacion 83.222374 VolCajasEmpacado 84.519901 Duracion[s] 60.025000 Iteraciones 833
0 1 0 0 0 0 75 113 68
1 1 0 75 0 0 150 113 68
2 1 0 150 0 0 225 113 68
3 1 0 225 0 0 300 113 68
4 1 0 300 0 0 375 113 68
5 1 0 375 0 0 450 113 68
6 1 0 450 0 0 525 113 68
7 1 0 0 113 0 75 226 68
8 1 0 75 113 0 150 226 68
9 1 0 150 113 0 225 226 68
10 1 0 225 113 0 300 226 68
11 1 0 300 113 0 375 226 68
12 1 0 375 113 0 450 226 68
13 1 0 450 113 0 525 226 68
14 3 0 0 0 68 79 64 148
15 3 0 79 0 68 158 64 148
16 3 0 158 0 68 237 64 148
17 3 0 237 0 68 316 64 148
18 3 0 316 0 68 395 64 148
19 13 0 0 64 68 105 96 99
20 13 0 0 96 68 105 128 99
21 13 0 0 128 68 105 160 99
22 13 0 0 160 68 105 192 99
23 11 0 0 192 68 43 230 123
24 11 0 0 192 123 43 230 178
25 18 0 0 0 148 77 22 190
26 18 0 0 22 148 77 44 190
27 18 0 0 44 148 77 66 190
28 10 0 0 66 99 54 180 119
29 10 0 0 66 119 54 180 139
30 10 0 0 66 139 54 180 159
31 10 0 0 66 159 54 180 179
32 10 0 0 66 179 54 180 199
33 10 0 0 66 199 54 180 219
34 12 0 0 180 178 54 233 210
35 19 0 0 0 190 65 21 220
36 17 0 0 21 190 114 64 216
37 19 0 77 0 148 142 21 178
38 6 0 54 66 99 108 113 159
39 6 0 54 113 99 108 160 159
40 6 0 54 160 99 108 207 159
41 17 0 54 207 68 168 233 111
42 17 0 54 207 111 168 233 154
43 17 0 54 207 154 168 233 197
44 11 0 54 66 159 92 121 202
45 11 0 54 121 159 92 176 202
46 19 0 77 0 178 142 21 208
47 12 0 92 64 159 124 117 213
48 12 0 92 117 159 124 170 213
49 8 0 114 21 148 207 63 217
50 8 0 207 21 148 300 63 217
51 8 0 300 21 148 393 63 217
52 5 0 124 64 68 191 113 134
53 5 0 124 113 68 191 162 134
54 1 0 124 64 134 237 139 202
55 11 0 124 162 68 179 205 106
56 11 0 124 162 106 179 205 144
57 5 0 124 139 144 190 206 193
58 16 0 124 139 193 199 199 220
59 7 0 199 139 68 280 229 114
60 8 0 199 139 114 268 232 156
61 8 0 199 139 156 268 232 198
62 2 0 237 64 68 329 138 135
63 2 0 329 64 68 421 138 135
64 2 0 421 64 68 513 138 135
65 2 0 237 64 135 329 138 202
66 2 0 329 64 135 421 138 202
67 2 0 421 64 135 513 138 202
68 2 0 280 138 68 347 230 142
69 2 0 347 138 68 414 230 142
70 2 0 280 138 142 347 230 216
71 2 0 347 138 142 414 230 216
72 0 0 395 0 68 485 60 106
73 0 0 395 0 106 485 60 144
74 0 0 395 0 144 485 60 182
75 0 0 395 0 182 485 60 220
76 15 0 414 138 68 524 201 97
77 15 0 414 138 97 524 201 126
78 15 0 414 138 126 524 201 155
79 15 0 414 138 155 524 201 184
80 14 0 414 138 184 513 218 213
81 16 0 485 0 68 560 60 95
82 16 0 485 0 95 560 60 122
83 16 0 485 0 122 560 60 149
84 16 0 485 0 149 560 60 176
85 16 0 485 0 176 560 60 203
86 0 0 525 60 0 585 150 38
87 16 0 525 60 38 585 135 65
88 0 0 525 60 65 563 150 125
89 5 0 513 60 125 580 126 174
90 0 0 524 60 174 584 150 212
91 7 0 525 150 0 571 231 90
92 7 0 525 150 90 571 231 180
