Utilizacion 78.121505 VolCajasEmpacado 78.826599 Duracion[s] 60.014000 Iteraciones 1340
0 9 0 0 0 0 42 31 52
1 9 0 0 31 0 42 62 52
2 9 0 0 62 0 42 93 52
3 9 0 0 93 0 42 124 52
4 9 0 0 124 0 42 155 52
5 9 0 0 155 0 42 186 52
6 9 0 0 186 0 42 217 52
7 2 0 0 0 52 40 76 94
8 2 0 0 76 52 40 152 94
9 2 0 0 152 52 40 228 94
10 0 0 0 0 94 42 93 125
11 0 0 0 0 125 42 93 156
12 0 0 0 0 156 42 93 187
13 0 0 0 0 187 42 93 218
14 1 0 0 93 94 36 137 154
15 1 0 0 137 94 36 181 154
16 1 0 0 181 94 36 225 154
17 0 0 0 93 154 42 186 185
18 0 0 0 93 185 42 186 216
19 1 0 0 186 154 36 230 214
20 8 0 42 0 0 103 72 98
21 8 0 42 72 0 103 144 98
22 8 0 42 144 0 103 216 98
23 2 0 36 186 98 76 228 174
24 9 0 36 186 174 88 217 216
25 7 0 42 0 98 101 83 162
26 3 0 42 0 162 107 49 210
27 3 0 42 49 162 107 98 210
28 7 0 42 98 98 106 181 157
29 7 0 42 98 157 106 181 216
30 3 0 103 181 0 168 230 48
31 3 0 103 181 48 168 230 96
32 3 0 103 181 96 168 230 144
33 3 0 103 181 144 168 230 192
34 7 0 106 98 0 170 181 59
35 7 0 106 98 59 170 181 118
36 8 0 106 98 118 204 159 190
37 5 0 107 0 0 197 96 55
38 5 0 107 0 55 197 96 110
39 5 0 107 0 110 197 96 165
40 5 0 107 0 165 197 96 220
41 4 0 168 181 0 277 232 92
42 4 0 277 181 0 386 232 92
43 4 0 386 181 0 495 232 92
44 4 0 168 181 92 277 232 184
45 4 0 277 181 92 386 232 184
46 4 0 386 181 92 495 232 184
47 6 0 197 0 0 315 98 57
48 6 0 197 0 57 315 98 114
49 6 0 197 0 114 315 98 171
50 5 0 204 98 0 294 153 96
51 8 0 204 98 96 302 170 157
52 17 1 168 159 184 228 203 220
53 15 1 197 0 171 246 65 219
54 19 1 197 65 171 249 96 213
55 19 1 249 65 171 301 96 213
56 17 1 204 98 157 240 142 217
57 17 1 228 142 157 288 178 201
58 19 1 228 178 184 270 230 215
59 19 1 270 178 184 312 230 215
60 19 1 312 178 184 354 230 215
61 19 1 354 178 184 396 230 215
62 19 1 396 178 184 438 230 215
63 18 1 240 98 157 333 140 188
64 18 1 240 98 188 333 140 219
65 15 1 246 0 171 311 49 219
66 18 1 302 140 0 395 171 42
67 18 1 302 140 42 395 171 84
68 18 1 302 140 84 395 171 126
69 18 1 302 140 126 395 171 168
70 17 1 288 140 168 348 176 212
71 15 1 315 0 0 380 48 49
72 15 1 315 48 0 380 96 49
73 12 1 315 0 49 433 98 106
74 12 1 315 0 106 433 98 163
75 12 1 315 0 163 433 98 220
76 16 1 333 98 0 375 138 76
77 16 1 333 98 76 375 138 152
78 16 1 333 98 152 409 140 192
79 16 1 409 98 0 451 174 40
80 10 1 409 98 40 470 170 138
81 10 1 409 98 138 507 159 210
82 13 1 433 0 0 488 96 90
83 13 1 433 0 90 488 96 180
84 13 1 488 0 0 578 96 55
85 13 1 488 0 55 543 96 145
86 13 1 488 0 145 578 96 200
87 13 1 495 159 0 585 214 96
88 10 1 495 159 96 556 231 194
89 15 1 507 96 0 556 144 65
90 11 1 507 96 65 571 155 148
