Utilizacion 73.452423 VolCajasEmpacado 75.801420 Duracion[s] 60.002000 Iteraciones 3055
0 8 0 0 0 0 108 76 30
1 8 0 0 76 0 108 152 30
2 8 0 0 152 0 108 228 30
3 4 0 0 0 30 55 81 122
4 4 0 0 0 122 55 81 214
5 2 0 0 81 30 120 154 129
6 2 0 0 154 30 120 227 129
7 1 0 0 81 129 23 106 162
8 12 0 0 81 162 41 117 214
9 10 0 0 117 129 95 144 155
10 12 0 0 117 155 41 169 191
11 9 0 0 117 191 33 198 219
12 0 0 0 198 129 36 232 154
13 10 0 33 169 129 128 196 155
14 10 0 33 169 155 128 196 181
15 12 0 33 169 181 74 221 217
16 7 0 41 81 155 126 165 185
17 11 0 41 81 185 151 124 210
18 3 0 55 0 30 159 74 95
19 8 0 55 0 95 163 76 125
20 5 0 55 0 125 153 72 171
21 5 0 55 0 171 153 72 217
22 6 0 126 124 0 220 168 81
23 5 0 128 124 81 226 196 127
24 25 1 41 124 185 112 156 210
25 23 1 74 165 181 155 193 214
26 24 1 126 124 127 236 149 170
27 24 1 126 124 170 236 149 213
28 24 1 120 196 0 230 221 43
29 24 1 120 196 43 230 221 86
30 18 1 151 76 0 262 124 70
31 18 1 151 76 70 262 124 140
32 18 1 151 76 140 262 124 210
33 17 1 155 149 127 236 204 219
34 22 1 163 0 0 271 76 30
35 22 1 163 0 30 271 76 60
36 22 1 163 0 60 271 76 90
37 15 1 163 0 90 267 74 155
38 15 1 163 0 155 267 74 220
39 16 1 236 124 0 298 221 67
40 16 1 236 124 67 298 221 134
41 20 1 236 124 134 317 218 178
42 21 1 236 124 178 340 202 212
43 18 1 262 76 0 373 124 70
44 19 1 262 76 70 345 122 147
45 13 1 262 74 147 360 120 219
46 14 1 271 0 0 370 73 120
47 14 1 267 0 120 387 73 219
48 21 1 340 124 0 418 228 34
49 35 2 236 202 178 317 230 211
50 37 2 317 202 34 388 227 66
51 36 2 317 202 66 351 227 102
52 27 2 340 124 34 414 189 138
53 31 2 340 122 138 384 216 219
54 31 2 384 122 138 428 216 219
55 30 2 373 73 0 456 119 77
56 30 2 373 73 77 456 119 154
57 38 2 360 73 154 401 111 193
58 29 2 387 0 0 479 55 81
59 26 2 387 0 81 486 73 201
60 28 2 428 119 0 490 216 67
61 33 2 428 119 67 494 214 98
62 32 2 428 119 98 506 223 132
63 34 2 428 119 132 513 203 162
64 50 3 360 73 193 431 105 218
65 44 3 428 105 162 467 143 203
66 48 3 428 203 132 523 230 158
67 48 3 428 203 158 523 230 184
68 44 3 428 143 162 466 182 203
69 49 3 428 182 184 538 225 209
70 50 3 466 143 162 537 175 187
71 42 3 467 73 0 565 119 72
72 42 3 467 73 72 565 119 144
73 40 3 486 0 0 585 73 120
74 41 3 486 0 120 583 67 182
75 45 3 486 0 182 581 66 213
76 39 3 538 119 0 584 196 83
77 43 3 538 119 83 582 213 164
