Utilizacion 70.118632 VolCajasEmpacado 70.940413 Duracion[s] 60.017000 Iteraciones 1329
0 7 0 0 0 0 42 114 47
1 7 0 0 114 0 42 228 47
2 4 0 0 0 47 46 120 102
3 4 0 0 0 102 46 120 157
4 4 0 0 0 157 46 120 212
5 3 0 0 120 47 49 174 131
6 3 0 0 120 131 49 174 215
7 11 0 0 174 47 72 227 81
8 11 0 0 174 81 72 227 115
9 11 0 0 174 115 72 227 149
10 10 0 0 174 149 92 208 211
11 13 0 46 0 0 77 115 35
12 4 0 46 0 35 101 120 81
13 9 0 46 0 81 120 44 116
14 9 0 46 44 81 120 88 116
15 12 0 46 88 81 106 120 113
16 6 0 46 0 116 88 89 186
17 6 0 88 0 116 130 89 186
18 10 0 46 0 186 108 92 220
19 2 0 49 120 0 119 169 63
20 9 0 49 92 113 123 127 157
21 9 0 49 92 157 123 127 201
22 9 0 49 127 63 123 171 98
23 9 0 49 127 98 123 171 133
24 14 0 49 127 133 166 166 195
25 1 0 92 127 195 198 189 220
26 5 0 92 189 0 158 232 72
27 5 0 158 189 0 224 232 72
28 13 0 92 189 72 207 220 107
29 8 0 92 189 107 172 228 155
30 10 0 92 189 155 184 223 217
31 0 0 130 0 0 233 71 28
32 25 1 108 0 186 140 60 218
33 26 1 123 89 0 238 124 31
34 22 1 123 89 31 197 124 75
35 26 1 123 89 75 238 124 106
36 24 1 123 89 106 195 123 159
37 24 1 195 89 106 267 123 159
38 18 1 130 60 159 202 126 202
39 18 1 202 60 159 274 126 202
40 17 1 140 0 28 260 55 74
41 17 1 140 0 74 260 55 120
42 17 1 140 0 120 260 55 166
43 16 1 140 0 166 224 54 215
44 20 1 198 126 0 312 168 47
45 20 1 198 126 47 312 168 94
46 23 1 198 126 94 290 188 128
47 23 1 198 126 128 290 188 162
48 27 1 198 126 162 301 197 190
49 27 1 198 126 190 301 197 218
50 19 1 260 0 0 349 42 70
51 16 1 260 0 70 314 49 154
52 15 1 260 0 154 340 39 202
53 28 1 274 49 0 380 111 25
54 21 1 274 49 25 391 111 64
55 27 1 274 49 64 377 120 92
56 37 2 184 197 107 216 229 167
57 37 2 184 197 167 244 229 199
58 36 2 244 197 0 316 231 53
59 38 2 244 197 53 359 228 88
60 38 2 244 197 88 359 228 123
61 38 2 244 197 123 359 228 158
62 36 2 244 197 158 316 231 211
63 33 2 274 49 92 388 96 134
64 33 2 274 49 134 388 96 176
65 33 2 274 49 176 388 96 218
66 37 2 312 96 92 344 128 152
67 37 2 312 96 152 344 128 212
68 36 2 312 128 0 384 162 53
69 40 2 312 128 53 418 190 78
70 41 2 312 128 78 386 172 113
71 34 2 301 128 113 418 190 152
72 34 2 301 128 152 418 167 214
73 29 2 316 167 158 386 230 207
74 35 2 349 0 0 429 39 48
75 30 2 349 0 48 433 49 102
76 30 2 349 0 102 433 49 156
77 30 2 349 0 156 433 49 210
78 32 2 386 190 0 475 232 70
79 32 2 386 190 70 475 232 140
80 35 2 386 190 140 466 229 188
81 39 2 391 49 0 494 120 28
82 39 2 391 49 28 494 120 56
83 39 2 391 49 56 494 120 84
84 31 2 388 49 84 508 95 139
85 51 3 344 96 92 404 128 124
86 51 3 344 96 124 404 128 156
87 51 3 344 96 156 404 128 188
88 51 3 344 96 188 404 128 220
89 54 3 386 167 188 492 229 213
90 42 3 388 49 139 508 95 194
91 54 3 404 49 194 510 111 219
92 49 3 418 120 0 510 154 62
93 49 3 418 120 62 510 154 124
94 49 3 418 120 124 510 154 186
95 50 3 418 111 186 490 164 220
96 43 3 433 0 0 496 49 70
97 43 3 433 0 70 503 49 133
98 43 3 433 0 133 503 49 196
99 55 3 492 154 0 536 228 35
100 45 3 492 154 35 558 226 78
101 45 3 492 154 78 558 226 121
102 45 3 492 154 121 558 226 164
103 45 3 492 154 164 558 226 207
104 44 3 503 0 0 587 49 54
105 48 3 503 0 54 583 48 93
106 50 3 503 0 93 575 34 146
107 49 3 510 49 0 544 141 62
108 49 3 510 49 62 544 141 124
109 49 3 510 49 124 544 141 186
110 52 3 510 0 186 545 115 217
111 46 3 545 49 0 587 138 70
112 46 3 545 49 70 587 138 140
113 46 3 545 49 140 587 138 210
