Utilizacion 76.412464 VolCajasEmpacado 76.954101 Duracion[s] 60.006000 Iteraciones 1478
0 2 0 0 0 0 61 71 76
1 2 0 0 0 76 61 71 152
2 4 0 0 71 0 74 166 42
3 4 0 74 71 0 148 166 42
4 4 0 0 71 42 74 166 84
5 4 0 74 71 42 148 166 84
6 4 0 0 71 84 74 166 126
7 4 0 74 71 84 148 166 126
8 4 0 0 71 126 74 166 168
9 4 0 74 71 126 148 166 168
10 4 0 0 71 168 74 166 210
11 4 0 74 71 168 148 166 210
12 1 0 0 166 0 37 190 45
13 1 0 0 190 0 37 214 45
14 1 0 0 166 45 37 190 90
15 1 0 0 190 45 37 214 90
16 1 0 0 0 152 45 24 189
17 6 0 0 166 90 74 198 150
18 6 0 0 198 90 74 230 150
19 6 0 0 166 150 74 198 210
20 6 0 0 198 150 74 230 210
21 3 0 0 24 152 100 67 202
22 0 0 74 166 0 141 226 25
23 0 0 74 166 25 141 226 50
24 0 0 74 166 50 141 226 75
25 2 0 74 166 75 145 227 151
26 5 0 74 166 151 129 201 202
27 6 0 74 201 151 148 233 211
28 2 0 100 0 0 161 71 76
29 2 0 100 0 76 161 71 152
30 5 0 100 0 152 155 35 203
31 5 0 100 35 152 155 70 203
32 4 0 148 71 0 190 166 74
33 7 0 148 71 74 218 166 104
34 7 0 148 71 104 218 166 134
35 7 0 148 71 134 218 166 164
36 7 0 148 71 164 218 166 194
37 3 0 148 166 0 248 216 43
38 3 0 148 166 43 248 216 86
39 3 0 148 166 86 248 216 129
40 3 0 148 166 129 248 216 172
41 7 0 161 0 0 256 70 30
42 7 0 161 0 30 256 70 60
43 8 1 129 166 172 174 190 209
44 8 1 148 70 194 193 107 218
45 8 1 148 107 194 193 144 218
46 8 1 148 190 172 172 227 217
47 8 1 172 190 172 196 227 217
48 8 1 196 190 172 220 227 217
49 9 1 161 0 60 221 67 85
50 12 1 161 0 85 212 35 140
51 12 1 161 0 140 212 35 195
52 9 1 155 0 195 222 60 220
53 11 1 218 70 0 278 144 32
54 10 1 218 70 32 288 165 62
55 10 1 218 70 62 288 165 92
56 10 1 218 70 92 288 165 122
57 10 1 218 70 122 288 165 152
58 10 1 218 70 152 288 165 182
59 11 1 218 60 182 292 120 214
60 11 1 218 120 182 292 180 214
61 9 1 222 0 60 289 60 85
62 9 1 222 0 85 289 60 110
63 9 1 222 0 110 289 60 135
64 9 1 222 0 135 289 60 160
65 9 1 222 0 160 289 60 185
66 9 1 222 0 185 289 60 210
67 14 1 248 180 0 348 223 50
68 14 1 348 180 0 448 223 50
69 14 1 448 180 0 548 223 50
70 13 1 248 180 50 343 222 124
71 13 1 343 180 50 438 222 124
72 13 1 438 180 50 533 222 124
73 13 1 248 180 124 343 222 198
74 13 1 343 180 124 438 222 198
75 13 1 438 180 124 533 222 198
76 13 1 289 0 0 384 42 74
77 15 1 292 0 74 353 76 145
78 15 1 353 0 74 414 76 145
79 15 1 292 0 145 353 76 216
80 15 1 353 0 145 414 76 216
81 18 2 292 76 0 387 150 42
82 18 2 387 76 0 482 150 42
83 20 2 292 76 42 362 171 72
84 20 2 292 76 72 362 171 102
85 20 2 292 76 102 362 171 132
86 20 2 292 76 132 362 171 162
87 23 2 292 76 162 366 136 194
88 21 2 292 76 194 352 143 219
89 22 2 292 143 162 337 180 186
90 22 2 292 143 186 337 180 210
91 17 2 366 76 42 416 176 85
92 17 2 366 76 85 416 176 128
93 19 2 362 136 128 413 171 183
94 23 2 366 76 128 440 136 160
95 23 2 366 76 160 440 136 192
96 21 2 366 76 192 433 136 217
97 23 2 414 0 0 474 74 32
98 16 2 414 0 32 485 76 93
99 16 2 414 0 93 485 76 154
100 16 2 414 0 154 485 76 215
101 19 2 440 76 42 491 131 77
102 21 2 440 76 77 507 136 102
103 21 2 440 76 102 507 136 127
104 31 3 352 136 183 397 173 207
105 31 3 416 150 0 461 174 37
106 31 3 416 150 37 453 174 82
107 28 3 416 136 82 490 168 142
108 28 3 416 136 142 490 168 202
109 28 3 440 76 127 514 136 159
110 30 3 440 76 159 507 136 184
111 27 3 440 76 184 491 131 219
112 24 3 485 0 0 585 43 50
113 24 3 485 0 50 585 43 100
114 24 3 485 0 100 585 43 150
115 24 3 485 0 150 585 43 200
116 26 3 490 136 0 585 178 74
117 26 3 490 136 74 585 178 148
118 27 3 490 136 148 545 171 199
119 25 3 514 43 0 585 119 61
120 25 3 514 43 61 585 119 122
121 25 3 514 43 122 585 119 183
122 27 3 507 43 183 558 98 218
123 27 3 545 119 148 580 174 199
124 27 3 548 178 0 583 233 51
