Utilizacion 93.058274 VolCajasEmpacado 93.728759 Duracion[s] 60.001000 Iteraciones 3690
0 2 0 0 0 0 78 72 58
1 2 0 0 72 0 78 144 58
2 2 0 0 144 0 78 216 58
3 2 0 0 0 58 78 72 116
4 2 0 0 72 58 78 144 116
5 2 0 0 144 58 78 216 116
6 2 0 0 0 116 78 72 174
7 2 0 0 72 116 78 144 174
8 2 0 0 144 116 78 216 174
9 0 0 0 0 174 64 72 211
10 0 0 0 72 174 64 144 211
11 0 0 0 144 174 64 216 211
12 2 0 78 0 0 150 58 78
13 2 0 150 0 0 222 58 78
14 2 0 222 0 0 294 58 78
15 2 0 78 58 0 150 116 78
16 2 0 150 58 0 222 116 78
17 2 0 222 58 0 294 116 78
18 2 0 78 116 0 150 174 78
19 2 0 150 116 0 222 174 78
20 2 0 222 116 0 294 174 78
21 2 0 78 174 0 150 232 78
22 2 0 150 174 0 222 232 78
23 2 0 222 174 0 294 232 78
24 2 0 78 0 78 150 58 156
25 2 0 150 0 78 222 58 156
26 2 0 222 0 78 294 58 156
27 2 0 78 58 78 150 116 156
28 2 0 150 58 78 222 116 156
29 2 0 222 58 78 294 116 156
30 2 0 78 116 78 150 174 156
31 2 0 150 116 78 222 174 156
32 2 0 222 116 78 294 174 156
33 2 0 78 174 78 150 232 156
34 2 0 150 174 78 222 232 156
35 2 0 222 174 78 294 232 156
36 0 0 78 0 156 150 37 220
37 0 0 150 0 156 222 37 220
38 0 0 222 0 156 294 37 220
39 0 0 78 37 156 150 74 220
40 0 0 150 37 156 222 74 220
41 0 0 222 37 156 294 74 220
42 0 0 78 74 156 150 111 220
43 0 0 150 74 156 222 111 220
44 0 0 222 74 156 294 111 220
45 0 0 78 111 156 150 148 220
46 0 0 150 111 156 222 148 220
47 0 0 222 111 156 294 148 220
48 0 0 78 148 156 150 185 220
49 0 0 150 148 156 222 185 220
50 0 0 222 148 156 294 185 220
51 0 0 78 185 156 150 222 220
52 0 0 150 185 156 222 222 220
53 0 0 222 185 156 294 222 220
54 1 0 294 0 0 351 57 107
55 1 0 351 0 0 408 57 107
56 1 0 408 0 0 465 57 107
57 1 0 465 0 0 522 57 107
58 1 0 294 57 0 351 114 107
59 1 0 351 57 0 408 114 107
60 1 0 408 57 0 465 114 107
61 1 0 465 57 0 522 114 107
62 1 0 294 114 0 351 171 107
63 1 0 351 114 0 408 171 107
64 1 0 408 114 0 465 171 107
65 1 0 465 114 0 522 171 107
66 1 0 294 171 0 351 228 107
67 1 0 351 171 0 408 228 107
68 1 0 408 171 0 465 228 107
69 1 0 465 171 0 522 228 107
70 1 0 294 0 107 351 57 214
71 1 0 351 0 107 408 57 214
72 1 0 408 0 107 465 57 214
73 1 0 465 0 107 522 57 214
74 1 0 294 57 107 351 114 214
75 1 0 351 57 107 408 114 214
76 1 0 408 57 107 465 114 214
77 1 0 465 57 107 522 114 214
78 1 0 294 114 107 351 171 214
79 1 0 351 114 107 408 171 214
80 1 0 408 114 107 465 171 214
81 1 0 465 114 107 522 171 214
82 1 0 294 171 107 351 228 214
83 1 0 351 171 107 408 228 214
84 1 0 408 171 107 465 228 214
85 1 0 465 171 107 522 228 214
86 2 0 522 0 0 580 78 72
87 2 0 522 78 0 580 156 72
88 1 0 522 0 72 579 107 129
89 1 0 522 0 129 579 107 186
90 0 0 522 156 0 586 193 72
91 0 0 522 193 0 586 230 72
92 1 0 522 107 72 579 164 179
93 0 0 522 107 179 586 179 216
94 0 0 522 179 72 586 216 144
95 0 0 522 179 144 586 216 216
