Utilizacion 87.710573 VolCajasEmpacado 89.172041 Duracion[s] 60.015000 Iteraciones 2550
0 3 0 0 0 0 119 54 55
1 3 0 0 54 0 119 108 55
2 3 0 0 108 0 119 162 55
3 3 0 0 162 0 119 216 55
4 3 0 0 0 55 119 54 110
5 3 0 0 54 55 119 108 110
6 3 0 0 108 55 119 162 110
7 3 0 0 162 55 119 216 110
8 3 0 0 0 110 119 54 165
9 3 0 0 54 110 119 108 165
10 3 0 0 108 110 119 162 165
11 3 0 0 162 110 119 216 165
12 3 0 0 0 165 119 54 220
13 3 0 0 54 165 119 108 220
14 3 0 0 108 165 119 162 220
15 3 0 0 162 165 119 216 220
16 1 0 119 0 0 215 51 37
17 1 0 119 51 0 215 102 37
18 1 0 119 102 0 215 153 37
19 1 0 119 153 0 215 204 37
20 1 0 119 0 37 215 51 74
21 1 0 119 51 37 215 102 74
22 1 0 119 102 37 215 153 74
23 1 0 119 153 37 215 204 74
24 1 0 119 0 74 215 51 111
25 1 0 119 51 74 215 102 111
26 1 0 119 102 74 215 153 111
27 1 0 119 153 74 215 204 111
28 1 0 119 0 111 215 51 148
29 1 0 119 51 111 215 102 148
30 1 0 119 102 111 215 153 148
31 1 0 119 153 111 215 204 148
32 1 0 119 0 148 215 51 185
33 1 0 119 51 148 215 102 185
34 1 0 119 102 148 215 153 185
35 1 0 119 153 148 215 204 185
36 0 0 119 0 185 165 53 216
37 0 0 119 53 185 165 106 216
38 0 0 119 106 185 165 159 216
39 0 0 119 159 185 165 212 216
40 0 0 165 0 185 211 53 216
41 0 0 165 53 185 211 106 216
42 0 0 165 106 185 211 159 216
43 0 0 165 159 185 211 212 216
44 3 0 215 0 0 334 55 54
45 3 0 215 55 0 334 110 54
46 3 0 215 110 0 334 165 54
47 3 0 215 165 0 334 220 54
48 4 0 215 0 54 284 86 133
49 4 0 284 0 54 353 86 133
50 4 0 215 86 54 284 172 133
51 4 0 284 86 54 353 172 133
52 4 0 215 0 133 284 86 212
53 4 0 284 0 133 353 86 212
54 4 0 215 86 133 284 172 212
55 4 0 284 86 133 353 172 212
56 3 0 215 172 54 334 226 109
57 3 0 215 172 109 334 226 164
58 3 0 215 172 164 334 226 219
59 1 0 334 172 0 430 209 51
60 0 0 334 172 51 380 203 104
61 0 0 380 172 51 426 203 104
62 1 0 334 172 104 430 223 141
63 1 0 334 172 141 430 223 178
64 1 0 334 172 178 430 223 215
65 2 0 353 0 0 430 74 37
66 2 0 430 0 0 507 74 37
67 2 0 507 0 0 584 74 37
68 2 0 353 74 0 430 148 37
69 2 0 430 74 0 507 148 37
70 2 0 507 74 0 584 148 37
71 2 0 353 0 37 430 74 74
72 2 0 430 0 37 507 74 74
73 2 0 507 0 37 584 74 74
74 2 0 353 74 37 430 148 74
75 2 0 430 74 37 507 148 74
76 2 0 507 74 37 584 148 74
77 2 0 353 0 74 430 74 111
78 2 0 430 0 74 507 74 111
79 2 0 507 0 74 584 74 111
80 2 0 353 74 74 430 148 111
81 2 0 430 74 74 507 148 111
82 2 0 507 74 74 584 148 111
83 2 0 353 0 111 430 74 148
84 2 0 430 0 111 507 74 148
85 2 0 507 0 111 584 74 148
86 2 0 353 74 111 430 148 148
87 2 0 430 74 111 507 148 148
88 2 0 507 74 111 584 148 148
89 2 0 353 0 148 430 74 185
90 2 0 430 0 148 507 74 185
91 2 0 507 0 148 584 74 185
92 2 0 353 74 148 430 148 185
93 2 0 430 74 148 507 148 185
94 2 0 507 74 148 584 148 185
95 0 0 353 0 185 406 46 216
96 0 0 353 46 185 406 92 216
97 0 0 353 92 185 406 138 216
98 0 0 406 0 185 452 53 216
99 0 0 406 53 185 452 106 216
100 0 0 406 106 185 459 152 216
101 4 0 430 152 0 516 231 69
102 4 0 430 152 69 516 231 138
103 4 0 430 152 138 516 231 207
104 0 0 452 0 185 505 46 216
105 0 0 452 46 185 505 92 216
106 0 0 459 92 185 505 145 216
107 0 0 505 0 185 551 53 216
108 0 0 505 53 185 551 106 216
109 0 0 505 106 185 558 152 216
110 0 0 516 152 0 569 198 31
111 0 0 516 152 31 569 198 62
112 0 0 516 152 62 569 198 93
113 0 0 516 152 93 569 198 124
114 4 0 516 152 124 585 231 210
