Utilizacion 80.189803 VolCajasEmpacado 81.563202 Duracion[s] 60.056000 Iteraciones 690
0 2 0 0 0 0 84 61 107
1 2 0 0 61 0 84 122 107
2 2 0 0 122 0 84 183 107
3 2 0 0 0 107 84 61 214
4 2 0 0 61 107 84 122 214
5 2 0 0 122 107 84 183 214
6 7 0 0 183 0 101 232 71
7 0 0 0 183 71 93 224 118
8 14 0 0 183 118 48 213 155
9 14 0 0 183 155 48 213 192
10 15 0 0 183 192 33 228 220
11 11 0 48 183 118 123 222 152
12 11 0 48 183 152 123 222 186
13 11 0 48 183 186 123 222 220
14 1 0 84 0 0 161 105 72
15 1 0 84 0 72 161 105 144
16 1 0 84 0 144 161 105 216
17 11 0 84 105 0 159 144 34
18 11 0 159 105 0 234 144 34
19 11 0 84 144 0 159 183 34
20 11 0 159 144 0 234 183 34
21 12 0 84 105 34 116 178 81
22 12 0 84 105 81 116 178 128
23 12 0 84 105 128 116 178 175
24 16 0 84 105 175 111 149 212
25 15 0 84 149 175 112 182 220
26 18 0 116 105 34 226 176 57
27 18 0 116 105 57 226 176 80
28 12 0 116 105 80 189 137 127
29 12 0 116 105 127 189 137 174
30 14 0 116 137 80 153 167 128
31 14 0 116 137 128 153 167 176
32 12 0 112 105 176 159 178 208
33 8 0 123 183 0 201 231 79
34 8 0 123 183 79 201 231 158
35 14 0 123 178 158 160 226 188
36 14 0 123 178 188 160 226 218
37 15 0 159 137 80 204 170 108
38 15 0 159 137 108 204 170 136
39 15 0 159 137 136 204 170 164
40 15 0 159 137 164 204 170 192
41 15 0 159 137 192 204 170 220
42 13 0 159 105 174 202 136 207
43 14 0 160 170 158 197 200 206
44 14 0 160 200 158 197 230 206
45 19 0 161 0 0 266 22 43
46 19 0 161 0 43 266 22 86
47 19 0 161 0 86 266 22 129
48 19 0 161 0 129 266 22 172
49 19 0 161 0 172 266 22 215
50 5 0 161 22 0 240 76 76
51 5 0 161 22 76 240 76 152
52 13 0 161 22 152 194 65 183
53 13 0 161 22 183 194 65 214
54 19 0 161 65 152 266 87 195
55 14 0 194 22 152 231 52 200
56 8 0 201 183 0 280 231 78
57 8 0 201 183 78 280 231 156
58 17 0 202 52 195 262 112 220
59 14 0 201 170 156 231 218 193
60 17 0 197 170 193 257 230 218
61 16 0 204 112 80 241 156 107
62 16 0 204 112 107 241 156 134
63 16 0 204 112 134 241 156 161
64 16 0 204 112 161 241 156 188
65 16 0 204 112 188 241 156 215
66 4 0 241 112 0 341 169 74
67 4 0 341 112 0 441 169 74
68 4 0 441 112 0 541 169 74
69 4 0 241 112 74 341 169 148
70 7 0 241 112 148 342 161 219
71 13 0 262 22 0 295 53 43
72 13 0 262 22 43 295 53 86
73 13 0 262 22 86 295 53 129
74 13 0 262 22 129 295 53 172
75 3 0 266 53 0 342 112 109
76 3 0 342 53 0 418 112 109
77 3 0 266 53 109 342 112 218
78 3 0 342 53 109 418 112 218
79 5 0 342 112 74 418 166 153
80 10 0 342 112 153 458 190 173
81 10 0 342 112 173 458 190 193
82 10 0 342 112 193 458 190 213
83 17 0 280 169 0 340 229 25
84 17 0 280 169 25 340 229 50
85 17 0 280 169 50 340 229 75
86 17 0 280 169 75 340 229 100
87 17 0 280 169 100 340 229 125
88 17 0 280 169 125 340 229 150
89 17 0 280 169 150 340 229 175
90 8 0 295 0 0 373 48 79
91 7 0 295 0 79 396 49 150
92 0 0 295 0 150 388 47 191
93 0 0 340 190 0 433 231 47
94 0 0 433 190 0 526 231 47
95 0 0 340 190 47 433 231 94
96 0 0 340 190 94 433 231 141
97 0 0 340 190 141 433 231 188
98 7 0 396 0 0 497 49 71
99 7 0 396 0 71 497 49 142
100 7 0 396 0 142 497 49 213
101 9 0 418 49 0 509 103 45
102 2 0 418 49 45 525 110 129
103 2 0 418 49 129 525 110 213
104 0 0 433 190 47 526 231 94
105 0 0 433 190 94 526 231 141
106 0 0 433 190 141 526 231 188
107 8 0 458 110 74 536 189 122
108 5 0 458 110 122 512 189 198
109 10 0 458 110 198 536 226 218
110 3 0 525 0 0 584 109 76
111 2 0 525 0 76 586 84 183
112 9 0 541 109 0 586 200 54
113 9 0 541 109 54 586 200 108
114 9 0 536 84 108 581 175 162
115 9 0 536 84 162 581 175 216
