Utilizacion 78.078882 VolCajasEmpacado 78.815588 Duracion[s] 60.113000 Iteraciones 686
0 4 0 0 0 0 67 53 102
1 4 0 0 0 102 67 53 204
2 13 0 0 53 0 111 124 29
3 13 0 0 53 29 111 124 58
4 13 0 0 53 58 111 124 87
5 13 0 0 53 87 111 124 116
6 13 0 0 53 116 111 124 145
7 13 0 0 53 145 111 124 174
8 13 0 0 53 174 111 124 203
9 5 0 0 124 0 98 172 44
10 5 0 0 172 0 98 220 44
11 5 0 0 124 44 98 172 88
12 5 0 0 172 44 98 220 88
13 5 0 0 124 88 98 172 132
14 5 0 0 172 88 98 220 132
15 3 0 0 124 132 75 177 220
16 3 0 0 177 132 75 230 220
17 7 0 67 0 0 153 41 71
18 7 0 67 0 71 153 41 142
19 7 0 67 0 142 153 41 213
20 1 0 75 124 132 99 183 174
21 1 0 75 124 174 99 183 216
22 6 0 75 183 132 121 233 174
23 6 0 75 183 174 121 233 216
24 0 0 99 124 0 153 149 43
25 0 0 99 149 0 153 174 43
26 0 0 99 124 43 153 149 86
27 0 0 99 149 43 153 174 86
28 0 0 99 124 86 153 149 129
29 0 0 99 149 86 153 174 129
30 2 0 99 124 129 157 182 204
31 8 0 111 41 0 195 82 70
32 8 0 111 82 0 195 123 70
33 9 0 111 41 70 174 77 120
34 9 0 111 41 120 174 77 170
35 9 0 111 41 170 174 77 220
36 12 0 111 77 70 180 114 100
37 12 0 111 77 100 180 114 130
38 12 0 111 77 130 180 114 160
39 12 0 111 77 160 180 114 190
40 12 0 111 77 190 180 114 220
41 1 0 121 182 0 180 224 24
42 1 0 180 182 0 239 224 24
43 6 0 121 182 24 163 232 70
44 6 0 163 182 24 205 232 70
45 6 0 205 182 24 247 232 70
46 6 0 121 182 70 163 232 116
47 6 0 121 182 116 163 232 162
48 11 0 121 182 162 192 214 196
49 9 0 153 0 0 216 36 50
50 12 0 153 0 50 222 37 80
51 12 0 153 0 80 222 37 110
52 8 0 153 0 110 237 41 180
53 11 0 153 0 180 224 32 214
54 11 0 157 123 0 228 155 34
55 0 0 180 41 70 205 95 113
56 2 0 157 123 34 215 181 109
57 2 0 157 123 109 215 181 184
58 11 0 157 114 184 228 148 216
59 11 0 157 148 184 228 182 216
60 8 0 192 182 70 276 223 140
61 7 0 192 182 140 278 223 211
62 4 0 205 41 0 307 94 67
63 10 0 205 41 67 301 113 101
64 10 0 205 41 101 301 113 135
65 10 0 205 41 135 301 113 169
66 10 0 205 41 169 301 113 203
67 14 0 278 113 0 378 194 27
68 14 0 378 113 0 478 194 27
69 14 0 478 113 0 578 194 27
70 14 0 278 113 27 359 213 54
71 14 0 278 113 54 359 213 81
72 17 1 228 113 81 330 166 148
73 20 1 228 113 148 314 154 219
74 29 1 228 154 148 287 178 190
75 21 1 237 0 0 321 41 70
76 21 1 237 0 70 321 41 140
77 21 1 237 0 140 321 41 210
78 28 1 278 178 81 303 232 124
79 28 1 278 178 124 303 232 167
80 28 1 278 178 167 303 232 210
81 29 1 287 154 148 346 178 190
82 28 1 303 154 190 357 197 215
83 24 1 303 197 81 374 229 115
84 29 1 303 197 115 362 221 157
85 29 1 303 197 157 362 221 199
86 25 1 307 41 0 376 71 37
87 25 1 307 71 0 376 101 37
88 23 1 307 41 37 403 113 71
89 23 1 307 41 71 403 113 105
90 23 1 307 41 105 403 113 139
91 23 1 307 41 139 403 113 173
92 23 1 307 41 173 403 113 207
93 22 1 330 113 81 380 149 144
94 29 1 330 113 144 389 137 186
95 24 1 314 113 186 385 145 220
96 18 1 359 149 27 457 197 71
97 18 1 359 149 71 457 197 115
98 18 1 359 149 115 457 197 159
99 18 1 359 149 159 457 197 203
100 20 1 321 0 0 407 41 71
101 20 1 321 0 71 407 41 142
102 20 1 321 0 142 407 41 213
103 24 1 374 197 0 445 231 32
104 24 1 445 197 0 516 231 32
105 24 1 516 197 0 587 231 32
106 24 1 374 197 32 445 231 64
107 24 1 445 197 32 516 231 64
108 24 1 516 197 32 587 231 64
109 22 1 374 197 64 437 233 114
110 22 1 374 197 114 437 233 164
111 22 1 374 197 164 437 233 214
112 22 1 389 113 27 439 149 90
113 22 1 389 113 90 452 149 140
114 22 1 389 113 140 439 149 203
115 22 1 437 197 64 500 233 114
116 22 1 437 197 114 500 233 164
117 23 1 403 41 0 499 113 34
118 23 1 403 41 34 499 113 68
119 23 1 403 41 68 499 113 102
120 29 1 437 197 164 496 221 206
121 20 1 403 41 102 489 112 143
122 20 1 403 41 143 489 112 184
123 28 1 403 41 184 457 84 209
124 20 1 407 0 0 493 41 71
125 20 1 407 0 71 493 41 142
126 20 1 407 0 142 493 41 213
127 21 1 457 113 27 527 197 68
128 19 1 457 113 68 503 163 110
129 19 1 457 113 110 503 163 152
130 19 1 457 113 152 503 163 194
131 21 1 493 0 0 577 41 70
132 21 1 493 0 70 577 41 140
133 21 1 493 0 140 577 41 210
134 16 1 499 41 0 587 94 75
135 15 1 499 41 75 574 99 133
136 15 1 499 41 133 574 99 191
137 26 1 457 41 191 568 112 220
138 17 1 500 163 68 553 230 170
139 26 1 503 112 170 574 223 199
