Utilizacion 62.866606 VolCajasEmpacado 63.166761 Duracion[s] 60.018000 Iteraciones 5684
0 3 0 0 0 0 63 119 37
1 2 0 0 0 37 81 78 103
2 4 0 0 0 103 49 54 141
3 0 0 0 0 141 72 30 191
4 1 0 0 119 0 94 219 28
5 5 1 0 119 28 49 230 49
6 6 1 0 78 49 94 178 77
7 6 1 0 78 77 94 178 105
8 8 2 0 30 141 58 70 199
9 8 2 0 178 49 58 218 107
10 7 2 0 70 105 100 164 133
11 13 3 0 164 107 81 230 185
12 9 3 0 70 133 100 164 161
13 9 3 0 70 161 100 164 189
14 10 3 0 164 185 72 214 215
15 13 3 81 0 0 162 66 78
16 11 3 81 0 78 200 63 115
17 11 3 81 0 115 200 63 152
18 12 3 58 30 152 107 68 206
19 14 4 0 70 189 111 119 210
20 15 4 94 164 0 213 201 63
21 16 5 107 0 152 165 58 192
22 17 6 81 178 63 135 216 112
23 18 6 107 0 192 218 49 213
24 21 7 81 164 112 159 230 193
25 19 7 72 119 193 121 230 214
26 20 7 121 66 0 221 160 28
27 23 8 111 66 28 165 115 66
28 22 8 121 115 28 240 152 91
29 25 9 111 66 66 219 95 121
30 24 9 111 63 121 222 112 142
31 24 9 111 63 142 222 112 163
32 26 10 111 58 163 222 107 184
33 27 10 121 112 91 179 152 149
34 29 11 111 58 184 219 113 213
35 29 11 121 113 149 229 142 204
36 30 11 159 152 63 217 210 103
37 28 11 222 0 0 322 94 28
38 32 12 159 152 103 199 210 161
39 32 12 159 152 161 199 210 219
40 33 12 217 160 0 325 215 29
41 31 12 222 0 28 316 100 56
42 35 13 217 152 29 336 215 66
43 35 13 217 152 66 336 215 103
44 34 13 218 0 56 326 29 111
45 37 14 218 0 111 276 58 151
46 36 14 218 0 151 326 29 206
47 38 15 218 29 151 326 58 206
48 39 15 222 58 56 341 95 119
49 40 16 222 58 119 280 98 177
50 41 16 280 58 119 361 124 197
51 42 17 326 0 0 380 38 49
52 43 18 229 58 197 340 107 218
53 44 18 229 124 103 348 187 140
54 43 18 199 142 140 310 191 161
55 45 19 199 191 103 257 231 161
56 46 19 199 142 161 310 191 182
57 46 19 199 142 182 310 191 203
58 48 20 310 124 140 376 205 218
59 48 20 361 38 0 439 119 66
60 47 20 361 0 66 455 100 94
61 49 21 326 0 94 434 55 123
62 51 21 326 0 123 384 58 163
63 51 21 326 0 163 384 58 203
64 50 21 361 58 94 480 121 131
65 54 22 361 58 131 480 121 168
66 52 22 361 58 168 469 113 197
67 55 22 384 0 123 442 58 163
68 55 22 384 0 163 442 58 203
69 53 22 376 121 0 426 193 30
70 56 23 376 193 0 448 223 50
71 57 23 376 121 30 454 187 111
72 59 24 376 121 111 430 159 160
73 58 24 376 121 160 416 179 218
74 62 25 376 187 50 434 227 108
75 61 25 448 187 0 567 224 63
76 60 25 480 0 0 574 100 28
77 63 26 340 58 197 451 107 218
78 64 26 480 0 28 574 100 56
79 64 26 480 0 56 574 100 84
80 65 27 454 121 0 565 170 21
81 66 28 376 187 108 430 225 157
82 66 28 376 187 157 430 225 206
83 67 29 430 121 111 459 229 166
84 68 29 416 121 166 470 159 215
85 69 29 455 0 84 566 49 105
86 74 30 430 159 166 468 208 220
87 72 30 442 0 105 514 50 135
88 72 30 442 0 135 514 50 165
89 70 30 442 0 165 553 49 186
90 73 30 468 159 63 587 222 100
91 71 30 469 0 186 569 94 214
92 75 31 468 159 100 579 208 121
93 76 31 468 159 121 576 214 150
94 77 31 470 121 150 564 221 178
95 78 32 468 159 178 579 208 199
96 78 32 468 159 199 579 208 220
97 81 32 470 94 178 528 152 218
98 81 32 528 94 178 586 152 218
