Utilizacion 70.566986 VolCajasEmpacado 71.495065 Duracion[s] 60.003000 Iteraciones 4239
0 0 0 0 0 0 51 96 37
1 0 0 0 96 0 51 192 37
2 0 0 0 0 37 37 96 88
3 1 0 0 192 0 53 223 46
4 2 1 0 96 37 79 182 106
5 3 2 0 0 88 46 53 119
6 4 2 0 0 119 69 79 205
7 5 2 0 79 106 37 175 157
8 5 2 0 79 157 51 175 194
9 5 2 0 182 46 96 219 97
10 4 2 69 0 0 138 86 79
11 6 3 69 0 79 148 86 148
12 6 3 69 0 148 148 86 217
13 8 4 0 182 97 96 233 134
14 8 4 0 182 134 96 233 171
15 8 4 0 182 171 96 233 208
16 7 4 51 86 106 104 117 152
17 7 4 51 117 106 104 148 152
18 9 5 51 86 152 82 132 205
19 9 5 82 86 152 113 132 205
20 10 5 96 148 0 192 185 51
21 11 6 51 132 152 97 163 205
22 11 6 96 163 51 149 194 97
23 11 6 96 163 97 149 194 143
24 12 7 96 163 143 127 216 189
25 12 7 96 163 189 142 216 220
26 13 7 113 86 0 209 123 51
27 14 8 142 194 0 188 225 53
28 15 9 148 0 0 227 86 69
29 15 9 148 0 69 227 86 138
30 16 10 148 0 138 217 86 217
31 17 11 142 194 53 188 225 106
32 17 11 142 194 106 188 225 159
33 19 11 149 86 51 228 172 120
34 18 11 113 86 120 209 123 171
35 18 11 113 123 120 209 160 171
36 21 12 113 86 171 209 137 208
37 20 12 227 0 0 313 79 69
38 22 13 142 137 171 195 168 217
39 22 13 142 168 159 188 221 190
40 23 13 188 185 0 284 222 51
41 24 13 227 0 69 306 86 138
42 25 14 209 86 120 240 132 173
43 25 14 209 132 120 240 178 173
44 26 15 188 178 51 219 224 104
45 26 15 195 137 173 226 190 219
46 27 16 217 0 138 286 86 217
47 28 17 188 190 104 234 221 157
48 29 17 234 178 51 330 215 102
49 31 18 234 178 102 330 229 139
50 30 18 240 86 0 309 172 79
51 32 19 188 190 157 241 221 203
52 34 19 240 86 79 309 165 165
53 33 19 240 86 165 336 123 216
54 35 20 240 123 165 286 154 218
55 36 20 241 165 139 337 216 176
56 36 20 241 165 176 337 216 213
57 37 21 309 123 0 405 160 51
58 38 22 286 0 138 317 53 184
59 39 23 317 0 0 396 86 69
60 39 23 317 0 69 396 86 138
61 39 23 317 0 138 396 86 207
62 40 24 286 123 165 332 154 218
63 40 24 332 123 51 385 154 97
64 41 24 332 123 97 428 160 148
65 41 24 332 123 148 428 160 199
66 44 25 336 86 0 432 123 51
67 42 25 336 86 51 382 117 104
68 42 25 336 86 104 382 117 157
69 42 25 336 86 157 382 117 210
70 43 25 337 160 0 423 229 79
71 45 26 337 160 79 433 197 130
72 45 26 337 160 130 433 197 181
73 46 27 337 197 79 383 228 132
74 47 27 337 160 181 433 211 218
75 49 28 382 86 51 478 123 102
76 48 28 382 86 102 435 117 148
77 51 29 382 86 148 478 123 199
78 50 29 396 0 0 442 31 53
79 50 29 396 0 53 442 31 106
80 50 29 396 0 106 442 31 159
81 50 29 396 0 159 442 31 212
82 52 29 433 123 0 512 209 69
83 53 30 428 123 69 524 160 120
84 53 30 428 123 120 524 160 171
85 54 31 433 160 69 519 229 148
86 55 32 396 31 0 442 84 31
87 55 32 396 31 31 442 84 62
88 55 32 396 31 62 442 84 93
89 56 32 433 123 171 529 174 208
90 57 32 442 0 0 511 86 79
91 57 32 511 0 0 580 86 79
92 58 33 396 31 93 442 84 124
93 59 33 433 174 148 529 211 199
94 60 33 442 0 79 511 86 158
95 61 34 511 0 79 580 79 165
96 62 35 478 0 165 574 37 216
97 62 35 478 37 165 574 74 216
98 62 35 478 86 0 574 123 51
99 62 35 478 86 51 574 123 102
100 62 35 478 86 102 574 123 153
101 63 36 478 86 153 524 117 206
102 63 36 524 86 153 570 117 206
