Utilizacion 69.774816 VolCajasEmpacado 70.537647 Duracion[s] 60.014000 Iteraciones 2646
0 7 0 0 0 0 93 67 20
1 7 0 0 67 0 93 134 20
2 7 0 0 134 0 93 201 20
3 6 0 0 0 20 73 50 96
4 6 0 0 0 96 73 50 172
5 2 0 0 0 172 41 72 210
6 2 0 41 0 172 82 72 210
7 0 0 0 72 20 84 104 44
8 0 0 0 104 20 84 136 44
9 0 0 0 136 20 84 168 44
10 1 0 0 72 44 85 103 97
11 3 0 0 72 97 52 122 138
12 5 0 0 72 138 85 122 196
13 4 0 0 122 44 114 199 86
14 15 1 0 201 0 85 232 53
15 16 1 0 199 53 72 228 103
16 19 1 0 72 196 84 104 220
17 14 1 0 122 86 38 173 146
18 14 1 0 122 146 38 173 206
19 14 1 0 173 103 38 233 154
20 11 1 0 173 154 41 223 206
21 17 1 38 122 86 127 168 114
22 16 1 38 122 114 110 172 143
23 17 1 38 122 143 127 168 171
24 17 1 38 122 171 127 150 217
25 17 1 41 150 171 130 178 217
26 12 1 41 178 103 81 224 177
27 10 1 93 0 0 184 104 41
28 18 1 82 0 41 171 54 66
29 20 1 82 0 66 175 67 86
30 8 1 85 0 86 163 116 120
31 13 1 85 0 120 179 115 158
32 13 1 85 0 158 179 115 196
33 9 1 130 116 0 211 221 74
34 28 2 41 178 177 115 224 217
35 30 2 82 0 196 117 36 220
36 29 2 84 36 196 154 111 219
37 27 2 115 178 74 200 219 127
38 23 2 115 178 127 188 228 203
39 33 2 130 116 74 168 176 125
40 24 2 130 115 125 188 165 210
41 21 2 184 0 0 299 94 38
42 24 2 184 0 38 234 58 123
43 24 2 184 0 123 234 58 208
44 31 2 184 58 38 273 112 63
45 25 2 179 58 63 293 100 140
46 25 2 179 58 140 293 100 217
47 26 2 211 112 0 302 216 41
48 32 2 211 112 41 289 228 75
49 22 2 188 100 75 293 174 156
50 27 2 188 100 156 229 185 209
51 40 3 229 100 156 280 138 216
52 40 3 229 138 156 280 176 216
53 37 3 188 185 127 212 220 163
54 41 3 212 185 75 258 225 149
55 39 3 212 185 149 284 223 190
56 36 3 188 185 190 272 217 214
57 44 3 234 0 38 319 58 88
58 42 3 234 0 88 319 53 129
59 38 3 234 0 129 323 46 157
60 35 3 302 58 0 377 128 23
61 43 3 302 128 0 406 219 41
62 43 3 302 128 41 406 219 82
63 34 3 302 58 23 395 125 43
64 49 4 234 0 157 319 58 207
65 56 4 280 100 156 304 184 188
66 56 4 280 100 188 304 184 220
67 45 4 284 184 82 358 224 128
68 45 4 358 184 82 432 224 128
69 52 4 284 184 128 356 213 178
70 55 4 284 184 178 308 219 214
71 46 4 293 58 43 343 99 95
72 58 4 293 58 95 365 96 136
73 48 4 293 58 136 378 99 189
74 53 4 304 99 43 393 127 89
75 54 4 304 58 189 393 112 214
76 50 4 304 127 82 377 177 158
77 57 4 304 112 158 379 182 181
78 47 4 308 112 181 402 227 219
79 51 4 395 0 0 486 104 41
80 65 5 395 0 41 484 46 69
81 65 5 395 0 69 484 46 97
82 62 5 393 0 97 497 91 138
83 60 5 393 0 138 443 73 214
84 59 5 406 104 0 447 176 38
85 59 5 406 104 38 447 176 76
86 61 5 406 91 76 464 141 161
87 63 5 393 73 161 453 111 212
88 62 5 447 141 0 551 232 41
89 62 5 447 141 41 551 232 82
90 64 5 432 141 82 548 219 116
91 73 6 402 111 161 437 147 185
92 68 6 402 147 128 452 232 186
93 74 6 402 111 186 472 186 209
94 72 6 443 0 138 484 72 176
95 72 6 443 0 176 484 72 214
96 69 6 452 186 116 566 228 193
97 70 6 486 91 0 527 141 52
98 67 6 497 0 0 571 81 105
99 74 6 497 0 105 572 70 128
100 66 6 497 0 128 564 93 148
101 71 6 484 0 148 578 115 186
102 85 7 453 72 186 537 104 210
103 81 7 484 0 186 534 72 215
104 84 7 472 115 52 508 139 87
105 86 7 472 115 116 557 168 147
106 81 7 534 0 186 584 72 215
107 76 7 472 115 147 548 165 220
108 83 7 472 165 193 561 219 218
