Utilizacion 69.462605 VolCajasEmpacado 70.135283 Duracion[s] 60.006000 Iteraciones 1736
0 1 0 0 0 0 78 45 27
1 1 0 78 0 0 156 45 27
2 1 0 156 0 0 234 45 27
3 8 0 0 0 27 77 46 81
4 8 0 0 0 81 77 46 135
5 2 0 0 0 135 76 57 163
6 2 0 0 0 163 76 57 191
7 2 0 0 0 191 76 57 219
8 7 0 0 57 0 100 117 40
9 7 0 0 117 0 100 177 40
10 4 0 0 57 40 89 91 107
11 4 0 0 91 40 89 125 107
12 6 0 0 57 107 80 149 145
13 6 0 0 57 145 80 149 183
14 5 0 0 177 0 84 215 52
15 0 0 0 149 40 102 176 78
16 3 0 0 57 183 49 147 216
17 6 0 100 45 0 180 137 38
18 6 0 100 45 38 180 137 76
19 9 0 89 0 76 170 90 100
20 13 1 0 149 78 84 187 130
21 13 1 0 149 130 84 187 182
22 16 1 0 187 52 78 232 79
23 10 1 49 57 183 98 147 216
24 16 1 0 149 182 78 194 209
25 17 1 77 0 100 179 38 127
26 17 1 77 0 127 179 38 154
27 17 1 77 0 154 179 38 181
28 17 1 77 0 181 179 38 208
29 12 1 98 38 100 198 98 140
30 12 1 98 38 140 198 98 180
31 13 1 0 194 79 84 232 131
32 14 1 98 38 180 187 105 214
33 11 1 84 177 0 161 231 46
34 15 1 102 105 76 178 162 104
35 15 1 84 176 46 160 233 74
36 18 1 98 105 104 179 195 128
37 18 1 98 105 128 179 195 152
38 20 2 84 147 152 186 174 190
39 20 2 84 174 152 186 201 190
40 19 2 78 147 190 168 228 214
41 22 2 98 105 152 182 143 204
42 22 2 179 0 27 263 38 79
43 22 2 179 0 79 263 38 131
44 21 2 179 0 131 269 33 180
45 21 2 182 105 0 272 138 49
46 21 2 182 105 49 272 138 98
47 23 2 187 98 98 279 178 136
48 19 2 186 105 136 276 186 160
49 19 2 186 105 160 276 186 184
50 32 3 168 201 0 270 228 38
51 32 3 270 201 0 372 228 38
52 32 3 372 201 0 474 228 38
53 32 3 474 201 0 576 228 38
54 31 3 168 201 38 246 228 83
55 24 3 186 105 184 276 186 208
56 30 3 187 0 180 263 57 208
57 33 3 186 186 83 275 220 150
58 26 3 186 186 150 286 226 210
59 28 3 198 57 0 282 95 52
60 28 3 282 57 0 366 95 52
61 33 3 198 57 52 287 91 119
62 29 3 198 57 119 288 90 168
63 29 3 198 57 168 288 90 217
64 29 3 269 0 0 359 33 49
65 25 3 269 0 49 346 54 95
66 30 3 269 0 95 345 57 123
67 27 3 279 95 0 371 175 38
68 27 3 279 95 38 371 175 76
69 24 3 279 91 76 360 181 100
70 24 3 279 91 100 360 181 124
71 38 4 269 0 123 353 52 161
72 35 4 269 0 161 346 54 207
73 42 4 279 90 124 369 171 148
74 34 4 276 90 148 365 124 215
75 34 4 276 124 148 365 158 215
76 39 4 288 57 52 378 90 101
77 41 4 288 57 101 366 84 146
78 36 4 286 181 38 386 221 98
79 38 4 286 181 98 370 233 136
80 38 4 286 181 136 370 233 174
81 35 4 286 158 174 363 212 220
82 40 4 359 0 0 435 57 28
83 37 4 371 90 0 463 170 38
84 48 5 288 54 146 378 87 195
85 43 5 359 0 28 461 27 66
86 43 5 359 27 28 461 54 66
87 43 5 359 0 66 461 27 104
88 43 5 359 27 66 461 54 104
89 43 5 359 0 104 461 27 142
90 43 5 359 27 104 461 54 142
91 44 5 353 0 142 430 54 188
92 50 5 346 0 188 424 45 215
93 51 5 371 90 38 447 147 66
94 51 5 371 90 66 447 147 94
95 49 5 369 90 94 458 157 128
96 48 5 430 0 142 479 90 175
97 48 5 430 0 175 479 90 208
98 47 5 369 87 128 407 171 180
99 45 5 365 87 180 425 187 220
100 47 5 386 187 38 470 225 90
101 45 5 386 187 90 486 227 150
102 49 5 370 187 150 459 221 217
103 49 5 425 90 128 459 179 195
104 49 5 463 90 0 530 179 34
105 49 5 463 90 34 530 179 68
106 46 5 459 90 68 539 182 106
107 59 6 459 90 106 539 182 144
108 59 6 459 90 144 539 182 182
109 58 6 459 90 182 511 174 220
110 60 6 479 0 0 579 60 40
111 54 6 479 60 0 557 87 45
112 55 6 479 0 40 555 57 68
113 57 6 479 0 68 546 89 102
114 52 6 479 0 102 569 81 126
115 52 6 479 0 126 569 81 150
116 52 6 479 0 150 569 81 174
117 52 6 479 0 174 569 81 198
118 53 6 511 81 182 538 183 220
119 61 6 486 183 38 540 229 115
120 61 6 486 183 115 540 229 192
121 57 6 539 89 0 573 178 67
122 57 6 539 89 67 573 178 134
123 56 6 539 81 134 572 171 183
