Utilizacion 67.091140 VolCajasEmpacado 68.007687 Duracion[s] 60.007000 Iteraciones 6078
0 0 0 0 0 0 70 111 48
1 3 1 0 111 0 76 219 30
2 2 1 0 0 48 92 55 129
3 1 1 0 111 30 25 144 53
4 4 2 0 0 129 25 23 162
5 6 3 0 0 162 23 33 187
6 5 3 0 144 30 84 229 60
7 7 4 0 55 48 98 101 120
8 8 5 0 0 187 36 34 212
9 9 5 0 55 120 95 121 151
10 10 6 0 34 151 97 96 218
11 11 7 0 121 60 76 229 90
12 11 7 0 121 90 76 229 120
13 13 8 0 121 120 44 215 201
14 14 8 44 121 120 90 219 192
15 12 8 90 121 0 156 216 31
16 17 9 44 96 192 87 206 217
17 18 9 0 96 151 36 121 185
18 16 9 90 121 31 163 220 151
19 15 9 97 0 0 189 55 81
20 19 10 36 0 129 146 25 172
21 19 10 36 0 172 146 25 215
22 20 11 98 25 81 209 73 151
23 21 12 98 73 0 132 109 25
24 21 12 98 73 25 132 109 50
25 22 12 132 73 0 227 99 27
26 23 12 163 99 0 248 183 30
27 24 13 163 73 30 258 139 61
28 26 14 163 183 0 244 211 33
29 25 14 163 139 30 258 165 57
30 27 14 163 73 61 271 149 91
31 29 15 163 73 91 188 183 134
32 30 15 163 73 134 196 154 162
33 28 15 90 96 151 162 194 197
34 31 16 90 194 151 115 230 185
35 32 16 163 183 33 257 227 114
36 33 17 97 25 151 178 58 179
37 34 17 97 25 179 192 91 210
38 36 17 163 183 114 261 229 186
39 35 17 196 73 91 240 167 172
40 37 18 162 91 172 273 161 220
41 38 18 209 0 0 290 55 92
42 42 19 209 0 92 307 72 138
43 39 19 209 0 138 319 25 181
44 39 19 192 0 181 302 43 206
45 40 19 273 72 0 349 180 30
46 41 19 273 72 30 358 156 60
47 43 20 192 43 151 226 68 187
48 44 20 273 72 60 381 148 90
49 45 21 44 206 192 77 231 215
50 47 21 192 43 187 228 77 212
51 46 21 162 161 186 187 232 218
52 48 21 228 43 138 323 70 164
53 50 21 261 180 0 372 228 70
54 49 21 273 72 90 367 153 134
55 51 22 261 161 70 355 205 151
56 52 22 372 148 0 471 221 120
57 53 23 228 43 164 323 70 190
58 55 23 261 161 151 372 231 199
59 54 23 273 72 134 367 153 178
60 56 24 323 0 0 417 44 81
61 59 25 228 43 190 309 76 218
62 57 25 273 76 178 357 161 208
63 58 25 319 0 81 414 27 107
64 61 26 323 0 107 421 46 179
65 60 26 381 46 0 462 138 55
66 62 27 319 0 179 414 26 206
67 64 27 381 46 55 443 143 122
68 63 27 367 46 122 437 157 170
69 67 28 367 46 170 437 157 218
70 65 28 372 157 120 467 223 151
71 65 28 372 157 151 467 223 182
72 66 28 421 0 0 515 44 81
73 68 28 443 0 81 563 73 180
74 69 29 437 0 180 522 84 210
75 70 30 372 157 182 467 223 213
76 71 30 462 84 0 529 146 97
77 74 31 443 84 97 553 127 122
78 72 31 467 84 122 578 132 192
79 73 31 471 146 0 566 212 31
80 76 32 437 84 192 547 127 217
81 75 32 471 132 97 542 157 129
82 77 33 522 0 180 555 23 205
83 78 33 437 132 129 508 157 161
84 79 33 437 132 161 473 157 195
85 81 34 471 157 31 570 230 151
