Utilizacion 70.679131 VolCajasEmpacado 71.613361 Duracion[s] 60.001000 Iteraciones 6917
0 1 0 0 0 0 110 34 40
1 1 0 0 34 0 110 68 40
2 2 0 0 68 0 52 162 77
3 0 0 0 0 40 47 67 103
4 3 1 0 0 103 94 52 180
5 4 2 0 0 180 39 41 206
6 4 2 39 0 180 80 26 219
7 5 2 0 67 77 77 119 171
8 7 3 0 162 0 47 225 67
9 6 3 0 52 171 39 93 197
10 6 3 0 93 171 39 134 197
11 8 4 0 162 67 63 209 134
12 9 4 0 134 134 52 228 211
13 9 4 63 119 0 157 196 52
14 10 4 63 119 52 134 215 171
15 11 5 39 26 180 80 52 219
16 13 5 52 52 171 92 162 205
17 12 5 110 0 0 181 119 96
18 14 6 52 162 171 115 229 218
19 15 6 92 52 96 186 104 173
20 16 7 80 0 180 106 41 219
21 17 7 92 52 173 202 86 213
22 17 7 92 86 173 202 120 213
23 18 7 106 0 96 200 52 173
24 18 7 157 120 0 209 214 77
25 21 8 92 120 171 131 146 212
26 19 8 134 120 77 186 214 154
27 20 8 134 120 154 181 187 217
28 22 9 200 0 0 267 47 63
29 23 10 106 0 173 147 26 212
30 25 10 200 0 63 294 52 140
31 24 10 200 0 140 267 47 203
32 26 10 209 52 0 305 123 119
33 28 11 202 52 119 296 129 171
34 27 11 202 47 171 265 114 218
35 29 12 209 129 0 303 181 77
36 30 13 209 181 0 303 233 77
37 31 14 294 0 0 388 52 77
38 32 15 115 187 171 141 228 210
39 32 15 141 187 154 167 228 193
40 33 16 265 47 171 305 157 205
41 36 17 186 157 77 305 228 173
42 34 17 181 157 173 244 224 220
43 34 17 244 157 173 307 224 220
44 35 17 305 52 0 399 129 52
45 35 17 305 0 77 382 52 171
46 37 18 305 52 52 382 146 104
47 38 19 305 0 171 372 63 218
48 39 19 305 63 104 382 157 156
49 40 20 305 63 156 331 104 195
50 40 20 305 104 156 344 130 197
51 40 20 305 130 156 344 156 197
52 40 20 331 63 156 370 104 182
53 42 21 307 157 0 348 183 39
54 43 21 307 183 0 417 217 40
55 41 21 307 157 40 426 228 136
56 44 22 307 157 136 333 198 175
57 45 22 399 0 0 495 119 71
58 46 23 382 52 71 453 148 190
59 47 24 307 198 136 346 224 177
60 48 24 426 148 0 522 219 119
61 49 25 346 157 136 409 224 183
62 50 26 307 156 183 417 196 217
63 51 26 388 0 71 482 52 148
64 51 26 426 148 119 478 225 213
65 52 27 382 0 148 449 47 211
66 56 28 372 47 190 413 86 216
67 55 28 449 0 148 512 47 215
68 54 28 453 52 71 524 148 190
69 53 28 524 0 0 564 110 34
70 57 29 478 148 119 525 215 182
71 58 30 524 0 34 576 77 128
72 59 31 413 47 190 454 86 216
73 60 31 512 0 128 579 47 191
74 61 31 525 110 0 577 204 77
75 61 31 525 110 77 577 204 154
