Utilizacion 78.805771 VolCajasEmpacado 80.761540 Duracion[s] 60.017000 Iteraciones 2213
0 3 0 0 0 0 77 114 69
1 3 0 0 0 69 77 114 138
2 3 0 0 0 138 77 114 207
3 1 0 0 114 0 54 177 51
4 1 0 0 114 51 54 177 102
5 1 0 0 114 102 54 177 153
6 4 0 0 114 153 36 154 174
7 4 0 0 114 174 36 154 195
8 4 0 0 114 195 36 154 216
9 2 0 0 177 0 95 230 57
10 2 0 0 177 57 95 230 114
11 2 0 0 177 114 95 230 171
12 0 0 0 154 171 31 230 216
13 0 0 31 154 171 62 230 216
14 0 0 62 154 171 93 230 216
15 3 0 77 0 0 191 77 69
16 3 0 77 77 0 191 154 69
17 3 0 77 0 69 146 77 183
18 3 0 77 77 69 146 154 183
19 3 0 95 154 0 209 231 69
20 3 0 95 154 69 209 231 138
21 3 0 95 154 138 209 231 207
22 3 0 146 0 69 223 69 183
23 2 0 146 69 69 199 126 164
24 5 1 77 0 183 117 21 219
25 5 1 77 21 183 117 42 219
26 5 1 77 42 183 117 63 219
27 5 1 77 63 183 117 84 219
28 6 1 77 84 183 153 129 214
29 6 1 117 0 183 193 45 214
30 6 1 153 45 183 229 90 214
31 7 1 153 90 164 216 141 218
32 7 1 209 141 0 272 195 51
33 7 1 209 141 51 272 195 102
34 7 1 209 141 102 272 195 153
35 7 1 209 141 153 272 195 204
36 6 1 209 195 0 285 226 45
37 6 1 209 195 45 285 226 90
38 6 1 209 195 90 285 226 135
39 6 1 209 195 135 285 226 180
40 8 1 229 0 0 324 57 53
41 8 1 229 0 53 324 57 106
42 8 1 229 0 106 324 57 159
43 8 1 229 0 159 324 57 212
44 8 1 229 57 0 324 110 57
45 9 1 229 57 57 343 126 134
46 9 1 229 57 134 343 126 211
47 9 1 272 126 0 386 195 77
48 9 1 272 126 77 386 195 154
49 14 2 209 195 180 230 231 220
50 14 2 230 195 180 251 231 220
51 10 2 272 126 154 326 189 205
52 13 2 285 195 0 361 226 45
53 13 2 285 195 45 361 226 90
54 13 2 285 195 90 361 226 135
55 13 2 285 195 135 361 226 180
56 12 2 324 0 0 419 53 57
57 10 2 326 126 154 377 180 217
58 10 2 324 0 57 387 51 111
59 12 2 324 0 111 419 57 164
60 12 2 324 0 164 419 57 217
61 12 2 343 57 0 396 114 95
62 11 2 343 57 95 420 126 209
63 13 2 361 195 0 437 226 45
64 13 2 437 195 0 513 226 45
65 13 2 361 195 45 437 226 90
66 13 2 437 195 45 513 226 90
67 11 2 386 126 0 500 195 77
68 15 3 251 195 180 287 216 220
69 15 3 287 189 180 323 210 220
70 15 3 287 210 180 323 231 220
71 15 3 323 189 180 344 229 216
72 16 3 361 195 90 437 226 135
73 16 3 361 195 135 437 226 180
74 18 3 386 126 77 443 179 172
75 16 3 377 126 172 453 157 217
76 16 3 377 157 172 453 188 217
77 16 3 344 188 180 420 233 211
78 18 3 419 0 0 472 57 95
79 18 3 419 0 95 514 53 152
80 18 3 419 0 152 514 53 209
81 19 3 420 57 0 497 126 114
82 19 3 497 57 0 574 126 114
83 18 3 420 53 114 515 110 167
84 16 3 420 53 167 496 98 198
85 19 3 453 126 77 530 195 191
86 18 3 514 0 0 571 53 95
87 19 3 515 0 114 584 114 191
88 17 3 530 126 0 584 189 51
89 17 3 530 126 51 584 189 102
90 17 3 530 126 102 584 189 153
91 17 3 530 126 153 584 189 204
