Utilizacion 82.666095 VolCajasEmpacado 83.645829 Duracion[s] 60.029000 Iteraciones 1268
0 8 0 0 0 0 73 109 73
1 8 0 73 0 0 146 109 73
2 8 0 146 0 0 219 109 73
3 8 0 219 0 0 292 109 73
4 8 0 292 0 0 365 109 73
5 8 0 0 109 0 73 218 73
6 8 0 73 109 0 146 218 73
7 8 0 146 109 0 219 218 73
8 8 0 219 109 0 292 218 73
9 8 0 292 109 0 365 218 73
10 1 0 0 0 73 49 40 146
11 1 0 0 40 73 49 80 146
12 1 0 0 80 73 49 120 146
13 1 0 0 0 146 49 40 219
14 1 0 0 40 146 49 80 219
15 1 0 0 80 146 49 120 219
16 6 0 0 120 73 58 172 146
17 6 0 0 172 73 58 224 146
18 6 0 0 120 146 58 172 219
19 6 0 0 172 146 58 224 219
20 4 0 49 0 73 118 81 123
21 4 0 118 0 73 187 81 123
22 4 0 187 0 73 256 81 123
23 7 0 49 0 123 139 78 178
24 9 0 49 81 73 149 118 117
25 9 0 49 81 117 149 118 161
26 3 0 49 78 161 114 120 218
27 3 0 114 78 161 179 120 218
28 2 0 49 0 178 134 58 219
29 6 0 139 0 123 191 73 181
30 5 0 58 120 73 142 171 151
31 5 0 58 171 73 142 222 151
32 3 0 58 120 151 115 185 193
33 2 0 58 185 151 143 226 209
34 0 0 142 120 73 262 180 112
35 0 0 142 120 112 262 180 151
36 0 0 142 120 151 262 180 190
37 5 0 191 0 123 269 51 207
38 2 0 143 180 73 228 221 131
39 2 0 143 180 131 228 221 189
40 5 0 191 51 123 269 102 207
41 5 0 228 180 73 306 231 157
42 7 0 262 102 73 317 180 163
43 5 0 262 102 163 346 180 214
44 7 0 269 0 73 324 90 151
45 7 0 269 0 151 359 78 206
46 5 0 306 180 73 384 231 157
47 15 1 228 180 157 293 222 214
48 12 1 293 180 157 366 232 215
49 19 1 346 78 73 383 178 117
50 19 1 346 78 117 383 178 161
51 19 1 346 78 161 383 178 205
52 13 1 365 0 0 416 78 84
53 13 1 365 0 84 416 78 168
54 12 1 359 0 168 417 73 220
55 10 1 383 78 0 456 151 109
56 10 1 456 78 0 529 151 109
57 10 1 383 78 109 456 151 218
58 10 1 456 78 109 529 151 218
59 14 1 384 151 0 453 232 50
60 14 1 384 151 50 453 232 100
61 14 1 384 151 100 453 232 150
62 14 1 384 151 150 453 232 200
63 13 1 417 0 0 501 78 51
64 13 1 417 0 51 501 78 102
65 13 1 417 0 102 501 78 153
66 16 1 417 0 153 502 41 211
67 19 1 417 41 153 517 78 197
68 11 1 453 151 0 543 229 55
69 11 1 453 151 55 543 229 110
70 11 1 453 151 110 543 229 165
71 11 1 453 151 165 543 229 220
72 16 1 502 0 0 587 41 58
73 17 1 502 0 58 551 40 131
74 17 1 502 0 131 575 40 180
75 17 1 517 0 180 566 73 220
76 17 1 529 73 0 569 146 49
77 15 1 529 73 49 586 115 114
78 15 1 529 73 114 586 115 179
79 17 1 529 73 179 578 146 219
80 16 1 543 146 0 584 231 58
81 16 1 543 146 58 584 231 116
82 16 1 543 146 116 584 231 174
