Utilizacion 71.942005 VolCajasEmpacado 72.502751 Duracion[s] 60.011000 Iteraciones 2494
0 6 0 0 0 0 101 75 75
1 5 0 0 0 75 55 79 146
2 5 0 0 0 146 55 79 217
3 3 0 0 79 0 57 188 41
4 3 0 0 79 41 57 188 82
5 3 0 0 79 82 57 188 123
6 3 0 0 79 123 57 188 164
7 3 0 0 79 164 57 188 205
8 6 0 55 0 75 130 75 176
9 7 0 55 0 176 106 42 204
10 0 0 0 188 0 49 218 32
11 1 0 55 42 176 121 74 219
12 2 0 0 188 32 98 224 85
13 4 0 57 75 0 127 151 51
14 16 1 0 188 85 49 220 115
15 16 1 0 188 115 49 220 145
16 13 1 0 188 145 77 231 182
17 13 1 0 188 182 77 231 219
18 9 1 57 75 51 150 130 124
19 8 1 57 75 124 117 139 170
20 8 1 57 75 170 117 139 216
21 15 1 57 151 0 155 187 53
22 14 1 117 75 124 159 126 152
23 12 1 57 139 53 166 180 110
24 11 1 57 139 110 177 186 181
25 18 1 57 139 181 146 186 219
26 10 1 130 0 0 181 70 76
27 17 1 130 0 76 230 70 104
28 26 2 77 186 85 119 214 136
29 25 2 77 186 136 107 218 185
30 26 2 77 186 185 128 228 213
31 24 2 117 75 152 149 139 205
32 19 2 128 187 0 202 224 67
33 22 2 130 0 104 250 71 151
34 22 2 130 0 151 250 71 198
35 22 2 128 186 67 248 233 138
36 22 2 128 186 138 248 233 209
37 20 2 159 71 0 230 126 79
38 20 2 159 71 79 230 126 158
39 21 2 149 71 158 238 124 216
40 20 2 177 126 0 248 181 79
41 23 2 177 126 79 286 183 120
42 33 3 146 139 181 195 171 211
43 29 3 195 126 120 284 184 173
44 34 3 195 124 173 284 162 220
45 27 3 238 71 0 266 122 42
46 27 3 266 71 0 294 122 42
47 32 3 248 162 173 314 194 216
48 33 3 238 71 42 268 120 74
49 31 3 248 194 0 325 231 43
50 34 3 248 194 43 337 232 90
51 31 3 248 194 90 325 231 133
52 28 3 250 0 0 343 55 73
53 28 3 250 0 73 343 55 146
54 30 3 250 0 146 370 47 217
55 47 4 238 71 74 289 99 116
56 43 4 248 194 133 346 230 186
57 48 4 238 71 116 323 97 156
58 48 4 238 71 156 323 97 196
59 42 4 286 122 0 363 159 43
60 41 4 286 99 43 395 156 84
61 45 4 286 99 84 404 130 137
62 45 4 286 130 84 404 161 137
63 40 4 284 97 137 360 148 207
64 44 4 314 161 0 378 193 53
65 43 4 323 55 0 421 91 53
66 35 4 343 47 53 463 94 124
67 40 4 360 47 124 430 98 200
68 38 4 360 98 137 415 169 216
69 39 4 378 169 0 467 227 53
70 39 4 378 169 53 467 227 106
71 37 4 346 169 106 439 224 179
72 46 4 415 98 0 515 168 28
73 46 4 415 98 28 515 168 56
74 36 4 430 94 56 505 169 157
75 58 5 248 194 186 297 224 218
76 58 5 297 194 186 346 224 218
77 59 5 346 169 179 399 233 211
78 54 5 370 0 0 430 46 64
79 57 5 370 0 64 398 42 115
80 57 5 370 0 115 398 42 166
81 59 5 398 0 64 462 32 117
82 56 5 398 0 117 472 37 184
83 60 5 370 0 184 436 43 216
84 60 5 436 0 184 479 66 216
85 52 5 415 98 157 494 169 212
86 53 5 439 169 106 492 227 195
87 50 5 479 0 0 534 93 73
88 55 5 479 0 73 577 36 126
89 49 5 492 169 0 560 228 109
90 51 5 534 36 0 587 154 31
91 71 6 430 66 124 472 94 175
92 70 6 430 66 175 479 98 205
93 64 6 479 0 126 534 71 205
94 61 6 534 0 126 580 60 190
95 72 6 534 0 190 574 85 216
96 67 6 492 169 109 524 233 162
97 70 6 492 169 162 522 201 211
98 65 6 515 93 31 585 169 82
99 62 6 505 85 82 580 160 183
100 68 6 494 85 183 537 151 215
101 63 6 524 160 109 583 228 218
