Utilizacion 75.884165 VolCajasEmpacado 76.650036 Duracion[s] 60.028000 Iteraciones 1634
0 6 0 0 0 0 95 60 55
1 6 0 0 60 0 95 120 55
2 6 0 0 120 0 95 180 55
3 3 0 0 0 55 51 118 134
4 3 0 51 0 55 102 118 134
5 3 0 0 0 134 51 118 213
6 3 0 51 0 134 102 118 213
7 7 0 0 118 55 73 227 78
8 7 0 0 118 78 73 227 101
9 4 0 0 118 101 64 170 159
10 4 0 0 170 101 64 222 159
11 4 0 0 118 159 64 170 217
12 4 0 0 170 159 64 222 217
13 0 0 73 118 55 115 160 87
14 5 0 73 180 0 153 232 66
15 2 0 73 160 66 128 224 109
16 2 0 73 160 109 128 224 152
17 6 0 64 118 152 119 213 212
18 3 0 102 0 0 181 118 51
19 1 0 102 0 51 178 57 87
20 1 0 102 57 51 178 114 87
21 5 0 102 0 87 182 52 153
22 5 0 102 52 87 182 104 153
23 5 0 102 0 153 182 52 219
24 5 0 102 52 153 182 104 219
25 0 0 119 118 0 161 160 32
26 1 0 119 118 32 195 154 89
27 5 0 119 104 89 185 156 169
28 4 0 153 160 0 205 224 58
29 12 1 119 104 169 189 188 204
30 8 1 128 188 66 170 230 98
31 8 1 128 188 98 170 230 130
32 11 1 128 188 130 183 231 194
33 10 1 182 0 0 300 51 79
34 10 1 182 51 0 300 102 79
35 12 1 182 0 79 266 70 114
36 12 1 182 0 114 266 70 149
37 12 1 182 0 149 266 70 184
38 12 1 182 0 184 266 70 219
39 13 1 182 70 79 268 102 110
40 13 1 182 70 110 268 102 141
41 10 1 189 70 141 307 121 220
42 14 1 205 121 0 278 230 23
43 14 1 205 121 23 278 230 46
44 14 1 205 121 46 278 230 69
45 14 1 205 121 69 278 230 92
46 14 1 205 121 92 278 230 115
47 14 1 205 121 115 278 230 138
48 14 1 205 121 138 278 230 161
49 11 1 183 188 161 247 231 216
50 9 1 189 121 161 269 187 213
51 9 1 266 0 79 318 66 159
52 9 1 266 0 159 346 66 211
53 10 1 278 121 0 396 172 79
54 10 1 278 121 79 396 172 158
55 21 2 247 187 161 279 229 203
56 19 2 278 121 158 333 185 201
57 18 2 333 66 158 412 184 209
58 24 2 279 185 0 355 221 57
59 24 2 355 185 0 431 221 57
60 24 2 431 185 0 507 221 57
61 24 2 507 185 0 583 221 57
62 19 2 279 185 57 334 228 121
63 21 2 279 185 121 321 227 153
64 21 2 279 185 153 321 227 185
65 21 2 279 185 185 321 227 217
66 19 2 334 184 57 398 227 112
67 22 2 334 184 112 420 215 144
68 22 2 334 184 144 420 215 176
69 22 2 334 184 176 420 215 208
70 16 2 346 0 0 406 55 95
71 16 2 406 0 0 466 55 95
72 16 2 466 0 0 526 55 95
73 16 2 526 0 0 586 55 95
74 17 2 346 0 95 398 66 175
75 19 2 346 0 175 410 55 218
76 15 2 410 0 95 474 58 147
77 15 2 410 0 147 474 58 199
78 24 2 412 58 0 488 94 57
79 17 2 412 58 57 464 124 137
80 17 2 412 58 137 464 124 217
81 15 2 412 124 0 470 176 64
82 15 2 412 124 64 470 176 128
83 21 2 412 124 128 454 166 160
84 23 2 470 94 0 579 167 23
85 20 2 470 94 23 540 178 58
86 23 2 474 0 95 583 73 118
87 23 2 474 0 118 583 73 141
88 31 3 412 124 160 454 166 192
89 26 3 420 178 57 515 233 117
90 33 3 474 0 141 583 73 164
91 33 3 474 0 164 583 73 187
92 33 3 474 0 187 583 73 210
93 26 3 420 176 117 515 231 177
94 32 3 420 166 177 506 197 209
95 31 3 420 197 177 462 229 219
96 31 3 454 124 128 486 166 170
97 31 3 454 124 170 496 166 202
98 27 3 464 73 58 582 124 137
99 28 3 464 73 137 519 116 201
100 29 3 496 124 58 572 160 115
101 29 3 496 124 115 572 160 172
102 29 3 506 116 172 582 173 208
103 28 3 519 73 137 574 116 201
104 25 3 515 178 57 573 230 121
105 26 3 515 173 121 570 233 216
