Utilizacion 86.130260 VolCajasEmpacado 87.900518 Duracion[s] 60.043000 Iteraciones 1132
0 1 0 0 0 0 22 109 42
1 1 0 0 109 0 22 218 42
2 1 0 0 0 42 22 109 84
3 1 0 0 109 42 22 218 84
4 1 0 0 0 84 22 109 126
5 1 0 0 109 84 22 218 126
6 1 0 0 0 126 22 109 168
7 1 0 0 109 126 22 218 168
8 1 0 0 0 168 22 109 210
9 1 0 0 109 168 22 218 210
10 7 0 22 0 0 91 81 69
11 7 0 91 0 0 160 81 69
12 7 0 160 0 0 229 81 69
13 7 0 229 0 0 298 81 69
14 7 0 298 0 0 367 81 69
15 7 0 367 0 0 436 81 69
16 7 0 436 0 0 505 81 69
17 7 0 505 0 0 574 81 69
18 7 0 22 81 0 91 162 69
19 7 0 91 81 0 160 162 69
20 7 0 160 81 0 229 162 69
21 7 0 229 81 0 298 162 69
22 7 0 298 81 0 367 162 69
23 7 0 367 81 0 436 162 69
24 7 0 436 81 0 505 162 69
25 7 0 505 81 0 574 162 69
26 6 0 22 0 69 99 66 166
27 6 0 99 0 69 176 66 166
28 6 0 176 0 69 253 66 166
29 6 0 253 0 69 330 66 166
30 6 0 330 0 69 407 66 166
31 6 0 407 0 69 484 66 166
32 6 0 484 0 69 561 66 166
33 6 0 22 66 69 99 132 166
34 6 0 99 66 69 176 132 166
35 6 0 176 66 69 253 132 166
36 6 0 253 66 69 330 132 166
37 6 0 330 66 69 407 132 166
38 6 0 407 66 69 484 132 166
39 6 0 484 66 69 561 132 166
40 1 0 22 0 166 131 42 188
41 1 0 22 0 188 131 42 210
42 5 0 22 162 0 64 231 82
43 5 0 64 162 0 106 231 82
44 5 0 106 162 0 148 231 82
45 5 0 148 162 0 190 231 82
46 5 0 190 162 0 232 231 82
47 5 0 232 162 0 274 231 82
48 5 0 274 162 0 316 231 82
49 5 0 316 162 0 358 231 82
50 5 0 358 162 0 400 231 82
51 5 0 400 162 0 442 231 82
52 5 0 442 162 0 484 231 82
53 5 0 484 162 0 526 231 82
54 5 0 526 162 0 568 231 82
55 1 0 22 132 69 131 154 111
56 1 0 131 132 69 240 154 111
57 2 0 22 42 166 131 95 190
58 2 0 22 95 166 131 148 190
59 2 0 22 42 190 131 95 214
60 2 0 22 95 190 131 148 214
61 4 0 131 0 166 207 35 216
62 4 0 207 0 166 283 35 216
63 4 0 283 0 166 359 35 216
64 4 0 359 0 166 435 35 216
65 4 0 131 35 166 207 70 216
66 4 0 207 35 166 283 70 216
67 4 0 283 35 166 359 70 216
68 4 0 359 35 166 435 70 216
69 4 0 131 70 166 207 105 216
70 4 0 207 70 166 283 105 216
71 4 0 283 70 166 359 105 216
72 4 0 359 70 166 435 105 216
73 4 0 131 105 166 207 140 216
74 4 0 207 105 166 283 140 216
75 4 0 283 105 166 359 140 216
76 4 0 359 105 166 435 140 216
77 5 0 22 154 82 64 223 164
78 5 0 64 154 82 106 223 164
79 5 0 106 154 82 148 223 164
80 5 0 148 154 82 190 223 164
81 5 0 190 154 82 232 223 164
82 5 0 232 154 82 274 223 164
83 5 0 274 154 82 316 223 164
84 3 0 22 148 164 108 182 220
85 0 0 22 182 164 120 215 184
86 0 0 120 182 164 218 215 184
87 0 0 218 182 164 316 215 184
88 0 0 22 182 184 120 215 204
89 0 0 120 182 184 218 215 204
90 0 0 218 182 184 316 215 204
91 0 0 108 148 164 206 181 184
92 0 0 108 148 184 206 168 217
93 2 0 435 0 166 488 109 190
94 2 0 488 0 166 541 109 190
95 2 0 435 0 190 488 109 214
96 2 0 488 0 190 541 109 214
97 3 0 206 140 164 292 174 220
98 0 0 316 140 69 414 160 102
99 0 0 414 140 69 512 160 102
100 0 0 316 140 102 414 160 135
101 0 0 414 140 102 512 160 135
102 0 0 316 140 135 414 160 168
103 0 0 414 140 135 512 160 168
104 0 0 316 140 168 414 160 201
105 0 0 414 140 168 512 160 201
106 3 0 316 160 82 402 194 138
107 3 0 316 194 82 402 228 138
108 3 0 316 160 138 402 194 194
109 3 0 316 194 138 402 228 194
110 2 0 316 160 194 425 213 218
111 0 0 435 109 166 533 129 199
112 0 0 402 213 82 500 233 115
113 2 0 425 160 82 534 213 106
114 2 0 425 160 106 534 213 130
115 2 0 425 160 130 534 213 154
116 2 0 425 160 154 534 213 178
117 2 0 425 160 178 534 213 202
118 3 0 534 132 82 568 218 138
119 3 0 534 132 138 568 218 194
120 2 0 534 109 194 587 218 218
