Utilizacion 71.484040 VolCajasEmpacado 71.998504 Duracion[s] 60.013000 Iteraciones 1356
0 5 0 0 0 0 44 53 68
1 5 0 0 53 0 44 106 68
2 5 0 0 106 0 44 159 68
3 8 0 0 159 0 73 192 57
4 8 0 0 192 0 73 225 57
5 8 0 0 159 57 73 192 114
6 8 0 0 192 57 73 225 114
7 0 0 0 0 68 26 87 117
8 0 0 0 0 117 26 87 166
9 0 0 0 0 166 26 87 215
10 9 0 0 87 68 32 139 95
11 9 0 0 87 95 32 139 122
12 1 0 0 139 114 26 211 149
13 1 0 0 139 149 26 211 184
14 1 0 0 139 184 26 211 219
15 3 0 0 87 122 47 136 187
16 0 0 0 87 187 87 136 213
17 2 0 26 139 114 80 218 163
18 2 0 26 139 163 80 218 212
19 6 0 26 0 68 61 80 133
20 6 0 26 0 133 61 80 198
21 10 0 61 0 0 134 73 36
22 10 0 61 0 36 134 73 72
23 10 0 61 0 72 134 73 108
24 2 0 61 0 108 110 54 187
25 4 0 80 136 0 173 233 45
26 7 0 80 136 45 184 189 79
27 4 0 80 136 79 173 233 124
28 4 0 80 136 124 173 233 169
29 4 0 80 136 169 173 233 214
30 19 1 61 0 187 118 73 220
31 19 1 87 73 0 160 130 33
32 19 1 87 73 33 160 130 66
33 19 1 87 73 66 160 130 99
34 19 1 87 73 99 160 130 132
35 15 1 87 73 132 140 117 200
36 20 1 118 0 108 145 52 140
37 20 1 118 0 140 145 52 172
38 21 1 118 0 172 144 72 207
39 21 1 144 52 132 170 124 167
40 21 1 144 52 167 179 124 193
41 21 1 144 52 193 179 124 219
42 21 1 145 0 0 217 26 35
43 21 1 145 26 0 217 52 35
44 12 1 145 0 35 224 49 89
45 17 1 145 0 89 225 35 154
46 17 1 145 0 154 225 35 219
47 15 1 173 189 0 226 233 68
48 16 1 173 189 68 241 229 143
49 16 1 173 189 143 241 229 218
50 13 1 179 52 0 226 117 49
51 12 1 179 49 49 233 128 98
52 18 1 179 35 98 232 139 132
53 18 1 179 35 132 232 139 166
54 18 1 179 35 166 232 139 200
55 13 1 184 139 0 249 188 47
56 16 1 184 139 47 259 179 115
57 17 1 173 139 115 253 174 180
58 11 1 233 0 0 306 73 36
59 11 1 233 0 36 306 73 72
60 14 1 233 0 72 330 93 117
61 14 1 233 0 117 330 93 162
62 30 2 173 139 180 260 188 206
63 29 2 225 0 162 298 33 219
64 22 2 232 33 162 281 112 216
65 29 2 281 33 162 354 66 219
66 30 2 233 112 0 320 138 49
67 30 2 233 112 49 320 138 98
68 30 2 233 112 98 320 138 147
69 31 2 232 112 147 304 138 182
70 29 2 281 66 162 354 99 219
71 27 2 241 188 0 321 223 65
72 27 2 241 188 65 321 223 130
73 27 2 241 188 130 321 223 195
74 23 2 260 138 0 307 187 65
75 23 2 307 138 0 354 187 65
76 23 2 354 138 0 401 187 65
77 23 2 401 138 0 448 187 65
78 26 2 260 138 65 335 178 133
79 26 2 335 138 65 410 178 133
80 26 2 410 138 65 485 178 133
81 26 2 260 138 133 328 178 208
82 28 2 320 99 0 424 133 53
83 28 2 320 99 53 424 133 106
84 28 2 320 99 106 424 133 159
85 28 2 320 99 159 424 133 212
86 25 2 321 187 0 389 231 53
87 25 2 389 187 0 457 231 53
88 28 2 321 187 53 425 221 106
89 28 2 321 187 106 425 221 159
90 22 2 321 178 159 400 232 208
91 26 2 328 133 133 396 173 208
92 27 2 396 133 133 476 168 198
93 24 2 354 0 0 451 93 45
94 32 2 354 0 45 427 73 81
95 24 2 354 0 81 451 93 126
96 24 2 354 0 126 451 93 171
97 24 2 354 0 171 451 93 216
98 32 2 451 0 0 524 73 36
99 32 2 451 0 36 524 73 72
100 35 3 400 168 159 449 233 206
101 43 3 451 0 72 524 73 108
102 43 3 451 0 108 524 73 144
103 43 3 451 0 144 524 73 180
104 43 3 451 0 180 524 73 216
105 38 3 424 93 0 504 128 65
106 38 3 424 93 65 504 128 130
107 37 3 424 93 130 492 133 205
108 36 3 457 178 0 525 231 44
109 41 3 457 178 44 544 204 93
110 41 3 457 204 44 544 230 93
111 35 3 449 178 93 514 227 140
112 35 3 449 178 140 514 227 187
113 42 3 449 168 187 521 203 213
114 42 3 485 133 0 557 168 26
115 40 3 485 133 26 558 166 83
116 42 3 485 133 83 557 159 118
117 42 3 485 133 118 557 168 144
118 39 3 476 133 144 580 167 197
119 37 3 504 73 0 579 113 68
120 37 3 504 73 68 579 113 136
121 40 3 492 73 136 565 130 169
122 40 3 492 73 169 565 130 202
123 40 3 524 0 0 581 73 33
124 34 3 524 0 33 573 54 112
