Utilizacion 70.900822 VolCajasEmpacado 73.731333 Duracion[s] 60.012000 Iteraciones 3876
0 4 0 0 0 0 49 77 25
1 4 0 0 77 0 49 154 25
2 4 0 0 154 0 49 231 25
3 0 0 0 0 25 40 37 47
4 0 0 0 0 47 37 22 87
5 2 0 0 37 25 68 140 90
6 2 0 0 37 90 68 140 155
7 2 0 0 37 155 68 140 220
8 1 0 0 140 25 87 193 46
9 1 0 0 140 46 87 193 67
10 5 0 0 140 67 69 230 95
11 3 0 68 0 0 165 96 46
12 8 1 0 140 95 95 183 120
13 9 1 0 140 120 77 165 169
14 9 1 0 140 169 77 165 218
15 13 1 0 183 95 56 232 146
16 11 1 0 165 146 88 206 208
17 10 1 40 0 46 145 28 93
18 6 1 68 0 93 155 53 114
19 15 1 68 53 46 161 133 164
20 7 1 95 133 0 176 217 23
21 14 1 95 133 23 160 201 126
22 12 1 88 133 126 185 229 172
23 21 2 68 0 114 108 37 136
24 19 2 68 0 136 124 47 177
25 21 2 68 0 177 108 37 199
26 20 2 68 47 164 117 124 189
27 20 2 117 47 164 166 124 189
28 23 2 68 37 189 173 84 217
29 22 2 68 84 189 155 137 210
30 16 2 88 137 172 185 233 218
31 18 2 166 84 0 254 125 62
32 17 2 173 0 0 288 72 64
33 17 2 173 0 64 245 115 128
34 16 2 173 0 128 270 96 174
35 25 3 173 0 174 270 96 220
36 28 3 166 96 128 243 121 177
37 27 3 185 96 177 241 143 218
38 24 3 185 143 0 303 223 93
39 24 3 185 143 93 303 223 186
40 29 3 185 143 186 266 227 209
41 27 3 254 96 0 310 143 41
42 26 3 254 96 41 342 137 103
43 30 3 288 0 0 375 53 21
44 30 3 288 0 21 375 53 42
45 29 3 288 0 42 369 84 65
46 29 3 270 0 65 351 84 88
47 32 4 245 96 103 301 137 150
48 32 4 243 96 150 299 143 191
49 31 4 266 143 186 337 221 213
50 34 4 270 0 88 388 93 168
51 33 4 337 137 0 402 205 103
52 42 5 241 96 191 278 136 213
53 38 5 270 0 168 367 96 214
54 39 5 301 96 103 342 143 159
55 40 5 337 205 0 442 233 47
56 37 5 337 143 103 401 215 218
57 44 5 342 96 0 430 137 62
58 43 5 388 0 0 441 87 21
59 43 5 388 0 21 441 87 42
60 36 5 388 0 42 453 68 145
61 41 5 388 0 145 466 71 172
62 41 5 367 0 172 445 71 199
63 35 5 430 87 0 510 205 93
64 45 6 278 96 191 318 133 213
65 48 6 318 96 159 365 137 215
66 51 6 388 71 93 503 135 165
67 47 6 365 96 165 470 143 193
68 46 6 365 96 193 460 139 218
69 49 6 402 143 93 464 231 134
70 49 6 401 143 134 489 205 175
71 52 6 466 0 0 569 68 65
72 50 6 466 0 65 515 56 116
73 50 6 466 0 116 515 56 167
74 52 6 515 0 65 583 103 130
75 57 7 401 143 175 489 205 216
76 58 7 401 205 134 506 233 181
77 59 7 466 0 167 517 56 216
78 54 7 517 0 130 585 103 195
79 55 7 510 103 0 574 175 115
80 53 7 506 103 115 586 221 208
