Utilizacion 82.160745 VolCajasEmpacado 83.462736 Duracion[s] 60.008000 Iteraciones 926
0 6 0 0 0 0 47 67 84
1 6 0 47 0 0 94 67 84
2 6 0 94 0 0 141 67 84
3 6 0 141 0 0 188 67 84
4 6 0 188 0 0 235 67 84
5 6 0 235 0 0 282 67 84
6 6 0 0 0 84 47 67 168
7 6 0 47 0 84 94 67 168
8 6 0 94 0 84 141 67 168
9 6 0 141 0 84 188 67 168
10 6 0 188 0 84 235 67 168
11 6 0 235 0 84 282 67 168
12 10 0 0 67 0 95 124 79
13 10 0 95 67 0 190 124 79
14 10 0 190 67 0 285 124 79
15 10 0 285 67 0 380 124 79
16 10 0 380 67 0 475 124 79
17 10 0 475 67 0 570 124 79
18 10 0 0 67 79 95 124 158
19 10 0 95 67 79 190 124 158
20 10 0 190 67 79 285 124 158
21 10 0 285 67 79 380 124 158
22 10 0 380 67 79 475 124 158
23 10 0 475 67 79 570 124 158
24 3 0 0 0 168 61 42 202
25 4 0 0 124 0 40 215 56
26 3 0 0 42 168 61 84 202
27 3 0 61 42 168 122 84 202
28 3 0 122 42 168 183 84 202
29 3 0 183 42 168 244 84 202
30 3 0 244 42 168 305 84 202
31 5 0 0 124 56 71 170 139
32 5 0 0 170 56 71 216 139
33 3 0 0 84 158 61 126 192
34 2 0 0 126 139 43 195 167
35 2 0 0 126 167 43 195 195
36 0 0 0 84 195 80 174 218
37 3 0 0 195 139 61 229 181
38 3 0 61 0 168 122 42 202
39 2 0 71 174 0 140 202 43
40 2 0 71 174 43 140 202 86
41 2 0 71 174 86 140 202 129
42 2 0 71 174 129 140 202 172
43 2 0 71 174 172 140 202 215
44 3 0 122 0 168 183 42 202
45 3 0 183 0 168 244 42 202
46 3 0 244 0 168 305 42 202
47 2 0 80 84 158 149 127 186
48 2 0 71 202 0 140 230 43
49 2 0 71 202 43 140 230 86
50 2 0 71 202 86 140 230 129
51 2 0 71 202 129 140 230 172
52 5 0 80 127 0 151 173 83
53 5 0 151 127 0 222 173 83
54 5 0 222 127 0 293 173 83
55 5 0 293 127 0 364 173 83
56 5 0 364 127 0 435 173 83
57 5 0 435 127 0 506 173 83
58 5 0 80 127 83 151 173 166
59 5 0 151 127 83 222 173 166
60 5 0 222 127 83 293 173 166
61 5 0 293 127 83 364 173 166
62 5 0 364 127 83 435 173 166
63 5 0 435 127 83 506 173 166
64 0 0 80 84 186 170 164 209
65 7 0 140 173 0 212 221 69
66 7 0 212 173 0 284 221 69
67 7 0 284 173 0 356 221 69
68 7 0 356 173 0 428 221 69
69 7 0 428 173 0 500 221 69
70 0 0 170 84 166 250 174 189
71 0 0 250 84 166 330 174 189
72 0 0 330 84 166 410 174 189
73 0 0 410 84 166 490 174 189
74 0 0 170 84 189 250 174 212
75 0 0 250 84 189 330 174 212
76 0 0 330 84 189 410 174 212
77 0 0 410 84 189 490 174 212
78 4 0 140 174 69 231 230 109
79 4 0 231 174 69 322 230 109
80 4 0 322 174 69 413 230 109
81 4 0 413 174 69 504 230 109
82 4 0 140 174 109 231 230 149
83 4 0 231 174 109 322 230 149
84 4 0 322 174 109 413 230 149
85 4 0 413 174 109 504 230 149
86 11 0 140 174 149 223 232 213
87 8 0 223 174 149 319 227 218
88 11 0 305 0 0 363 64 83
89 11 0 363 0 0 421 64 83
90 11 0 421 0 0 479 64 83
91 11 0 479 0 0 537 64 83
92 11 0 305 0 83 363 64 166
93 11 0 363 0 83 421 64 166
94 11 0 421 0 83 479 64 166
95 11 0 479 0 83 537 64 166
96 9 0 305 0 166 381 63 220
97 8 0 319 174 149 415 227 218
98 8 0 415 174 149 511 227 218
99 0 0 381 0 166 471 80 189
100 9 0 471 0 166 547 63 220
101 9 0 490 64 158 566 127 212
102 8 0 511 127 0 580 223 53
103 9 0 511 127 53 587 190 107
104 9 0 511 127 107 587 190 161
105 9 0 511 127 161 587 190 215
