Utilizacion 79.829955 VolCajasEmpacado 82.379468 Duracion[s] 60.030000 Iteraciones 1089
0 2 0 0 0 0 44 36 60
1 2 0 0 36 0 44 72 60
2 2 0 0 72 0 44 108 60
3 2 0 0 108 0 44 144 60
4 2 0 0 144 0 44 180 60
5 2 0 0 180 0 44 216 60
6 4 0 0 0 60 48 65 109
7 4 0 0 65 60 48 130 109
8 4 0 0 0 109 48 65 158
9 4 0 0 65 109 48 130 158
10 4 0 0 0 158 48 65 207
11 4 0 0 65 158 48 130 207
12 0 0 0 130 60 52 161 102
13 0 0 0 161 60 52 192 102
14 0 0 0 130 102 52 161 144
15 0 0 0 161 102 52 192 144
16 0 0 0 130 144 52 161 186
17 0 0 0 161 144 52 192 186
18 0 0 0 130 186 42 182 217
19 3 0 0 192 60 42 232 136
20 3 0 0 192 136 42 232 212
21 3 0 44 192 0 86 232 76
22 3 0 44 192 76 86 232 152
23 3 0 42 192 152 118 232 194
24 1 0 48 0 0 141 31 42
25 1 0 48 31 0 141 62 42
26 1 0 48 62 0 141 93 42
27 1 0 48 93 0 141 124 42
28 1 0 48 0 42 141 31 84
29 1 0 48 31 42 141 62 84
30 1 0 48 62 42 141 93 84
31 1 0 48 93 42 141 124 84
32 7 0 48 0 84 131 64 143
33 7 0 48 64 84 131 128 143
34 7 0 48 0 143 131 64 202
35 7 0 48 64 143 131 128 202
36 3 0 52 128 0 128 170 40
37 3 0 52 128 40 128 170 80
38 7 0 52 128 80 111 192 163
39 4 0 52 128 163 117 177 211
40 6 0 118 170 0 214 225 90
41 6 0 118 170 90 214 225 180
42 6 0 141 0 0 237 55 90
43 6 0 141 55 0 237 110 90
44 6 0 141 110 0 237 165 90
45 5 0 131 0 90 223 109 141
46 7 0 131 0 141 214 59 205
47 7 0 131 59 141 214 118 205
48 5 0 131 118 90 240 169 182
49 7 0 214 169 0 273 233 83
50 7 0 273 169 0 332 233 83
51 7 0 332 169 0 391 233 83
52 5 0 214 169 83 323 220 175
53 5 0 237 0 0 329 109 51
54 5 0 237 0 51 329 109 102
55 5 0 237 0 102 329 109 153
56 5 0 237 0 153 329 109 204
57 5 0 240 109 0 349 160 92
58 5 0 240 109 92 349 160 184
59 10 1 214 109 184 274 153 220
60 11 1 118 169 180 194 211 220
61 10 1 214 169 175 274 205 219
62 10 1 274 109 184 318 169 220
63 10 1 274 169 175 310 229 219
64 10 1 318 109 184 362 169 220
65 8 1 323 169 83 375 200 125
66 8 1 323 200 83 375 231 125
67 8 1 323 169 125 375 200 167
68 8 1 323 200 125 375 231 167
69 8 1 323 169 167 375 200 209
70 8 1 323 200 167 375 231 209
71 13 1 329 0 0 380 109 92
72 13 1 380 0 0 431 109 92
73 13 1 431 0 0 482 109 92
74 13 1 482 0 0 533 109 92
75 13 1 533 0 0 584 109 92
76 9 1 329 0 92 360 93 134
77 9 1 360 0 92 391 93 134
78 9 1 391 0 92 422 93 134
79 9 1 422 0 92 453 93 134
80 9 1 453 0 92 484 93 134
81 9 1 484 0 92 515 93 134
82 9 1 515 0 92 546 93 134
83 15 1 329 0 134 393 59 217
84 12 1 329 59 134 378 107 199
85 14 1 362 109 0 452 164 96
86 14 1 362 109 96 452 164 192
87 8 1 375 164 83 406 216 125
88 8 1 375 164 125 406 216 167
89 12 1 375 164 167 423 229 216
90 12 1 378 59 134 443 108 182
91 10 1 378 59 182 438 103 218
92 11 1 393 0 134 469 40 176
93 11 1 469 0 134 545 40 176
94 11 1 393 0 176 469 40 218
95 11 1 469 0 176 545 40 218
96 15 1 423 164 0 482 228 83
97 15 1 423 164 83 482 228 166
98 11 1 423 164 166 499 204 208
99 11 1 443 40 134 519 82 174
100 11 1 443 40 174 519 80 216
101 14 1 452 109 0 542 164 96
102 14 1 452 109 96 542 164 192
103 15 1 499 164 0 582 223 64
104 15 1 499 164 64 582 223 128
105 15 1 499 164 128 582 223 192
106 12 1 519 40 134 568 105 182
