Utilizacion 71.633281 VolCajasEmpacado 72.999176 Duracion[s] 60.005000 Iteraciones 2527
0 2 0 0 0 0 81 52 45
1 2 0 81 0 0 162 52 45
2 0 0 0 0 45 26 64 87
3 0 0 0 0 87 26 64 129
4 0 0 0 0 129 26 64 171
5 0 0 0 0 171 26 64 213
6 3 0 26 0 45 121 62 90
7 4 0 26 0 90 105 87 145
8 4 0 26 0 145 105 87 200
9 0 0 0 64 0 26 128 42
10 5 0 105 0 90 131 64 124
11 3 0 0 128 0 45 223 62
12 1 0 0 87 62 86 181 100
13 1 0 0 87 100 86 181 138
14 1 0 0 87 138 86 181 176
15 1 0 0 87 176 86 181 214
16 1 0 86 87 0 172 181 38
17 4 0 86 87 38 165 142 125
18 12 1 0 181 62 81 226 114
19 10 1 0 181 114 72 227 163
20 14 1 0 181 163 54 229 197
21 14 1 54 181 163 88 229 217
22 15 1 86 142 38 150 168 80
23 16 1 86 142 80 150 168 114
24 7 1 86 87 125 154 167 206
25 9 1 88 181 0 146 233 92
26 9 1 88 168 92 140 226 184
27 14 1 88 167 184 142 215 218
28 12 1 105 0 124 150 81 176
29 13 1 146 181 0 259 233 42
30 11 1 146 168 42 241 230 87
31 8 1 146 168 87 259 222 177
32 17 1 162 0 0 254 85 21
33 17 1 162 0 21 254 85 42
34 17 1 162 0 42 254 85 63
35 6 1 150 0 63 244 86 101
36 6 1 150 0 101 244 86 139
37 22 2 105 0 176 131 64 210
38 21 2 142 167 177 255 219 219
39 20 2 150 0 139 195 81 191
40 18 2 131 0 191 223 85 212
41 19 2 172 86 0 264 144 52
42 18 2 254 0 0 346 85 21
43 33 3 165 86 52 246 154 132
44 24 3 154 86 132 179 142 174
45 24 3 154 86 174 179 142 216
46 25 3 179 86 132 243 120 158
47 25 3 179 86 158 243 120 184
48 25 3 179 86 184 243 120 210
49 25 3 223 0 139 249 64 173
50 26 3 223 0 173 265 64 199
51 31 3 179 120 132 228 166 204
52 30 3 259 144 0 354 206 45
53 30 3 354 144 0 449 206 45
54 30 3 449 144 0 544 206 45
55 28 3 259 144 45 353 230 83
56 32 3 264 85 0 356 137 58
57 29 3 246 85 58 327 137 103
58 29 3 246 85 103 327 137 148
59 27 3 228 120 148 318 153 197
60 33 3 259 153 83 340 233 151
61 23 3 265 0 21 357 85 42
62 36 4 243 64 148 289 113 220
63 35 4 259 153 151 346 232 206
64 37 4 353 137 45 447 223 83
65 37 4 447 137 45 541 223 83
66 40 4 265 0 42 378 52 84
67 39 4 265 0 84 291 64 126
68 38 4 265 0 126 299 54 174
69 34 4 299 0 84 380 68 164
70 36 4 289 68 148 338 114 220
71 37 4 380 0 0 474 86 38
72 37 4 380 0 38 474 86 76
73 42 5 265 0 174 313 54 208
74 41 5 313 0 164 403 33 213
75 42 5 313 33 164 367 67 212
76 43 5 356 86 0 469 128 52
77 46 5 380 33 76 435 120 155
78 46 5 435 33 76 490 120 155
79 44 5 338 68 155 430 120 213
80 45 5 346 120 83 436 233 137
81 56 6 327 120 137 391 146 179
82 47 6 346 120 179 436 169 212
83 48 6 346 169 137 433 224 216
84 55 6 380 33 155 428 67 209
85 51 6 430 0 155 492 95 200
86 52 6 436 120 83 517 172 128
87 52 6 436 120 128 517 172 173
88 52 6 436 120 173 517 172 218
89 50 6 436 172 83 528 230 135
90 53 6 436 172 135 549 224 177
91 53 6 436 172 177 549 224 219
92 48 6 492 0 0 579 55 79
93 51 6 492 55 0 587 117 45
94 50 6 492 55 45 584 107 103
95 49 6 492 0 103 546 113 193
96 57 6 492 0 193 584 85 214
