Utilizacion 82.464936 VolCajasEmpacado 83.884526 Duracion[s] 60.011000 Iteraciones 703
0 1 0 0 0 0 85 93 23
1 1 0 85 0 0 170 93 23
2 1 0 170 0 0 255 93 23
3 1 0 255 0 0 340 93 23
4 1 0 340 0 0 425 93 23
5 1 0 425 0 0 510 93 23
6 1 0 0 93 0 85 186 23
7 1 0 85 93 0 170 186 23
8 1 0 170 93 0 255 186 23
9 1 0 255 93 0 340 186 23
10 1 0 340 93 0 425 186 23
11 1 0 425 93 0 510 186 23
12 10 0 0 0 23 52 62 82
13 10 0 52 0 23 104 62 82
14 10 0 0 62 23 52 124 82
15 10 0 52 62 23 104 124 82
16 10 0 0 124 23 52 186 82
17 10 0 52 124 23 104 186 82
18 10 0 0 0 82 52 62 141
19 10 0 52 0 82 104 62 141
20 10 0 0 62 82 52 124 141
21 10 0 52 62 82 104 124 141
22 10 0 0 124 82 52 186 141
23 10 0 52 124 82 104 186 141
24 10 0 0 0 141 52 62 200
25 10 0 52 0 141 104 62 200
26 10 0 0 62 141 52 124 200
27 10 0 52 62 141 104 124 200
28 10 0 0 124 141 52 186 200
29 10 0 52 124 141 104 186 200
30 8 0 0 186 0 97 232 76
31 3 0 0 186 76 92 233 110
32 6 0 0 186 110 90 224 148
33 6 0 0 186 148 90 224 186
34 2 0 0 186 186 38 217 212
35 2 0 38 186 186 69 224 212
36 2 0 69 186 186 100 224 212
37 2 0 100 186 0 138 212 31
38 2 0 100 186 31 138 212 62
39 2 0 100 186 62 138 212 93
40 2 0 100 186 93 138 212 124
41 2 0 100 186 124 138 212 155
42 2 0 100 186 155 138 212 186
43 2 0 100 186 186 138 212 217
44 1 0 104 0 23 189 93 46
45 1 0 104 93 23 189 186 46
46 1 0 104 0 46 189 93 69
47 1 0 104 93 46 189 186 69
48 3 0 104 0 69 138 92 116
49 3 0 104 92 69 138 184 116
50 3 0 104 0 116 138 92 163
51 3 0 104 92 116 138 184 163
52 3 0 104 0 163 138 92 210
53 3 0 104 92 163 138 184 210
54 7 0 138 0 69 198 40 135
55 7 0 138 40 69 198 80 135
56 7 0 138 80 69 198 120 135
57 7 0 138 120 69 198 160 135
58 7 0 138 160 69 198 200 135
59 7 0 138 0 135 198 40 201
60 7 0 138 40 135 198 80 201
61 7 0 138 80 135 198 120 201
62 7 0 138 120 135 198 160 201
63 7 0 138 160 135 198 200 201
64 5 0 198 0 23 250 50 60
65 5 0 198 50 23 250 100 60
66 5 0 198 100 23 250 150 60
67 5 0 198 0 60 250 50 97
68 5 0 198 50 60 250 100 97
69 5 0 198 100 60 250 150 97
70 5 0 198 0 97 250 50 134
71 5 0 198 50 97 250 100 134
72 5 0 198 100 97 250 150 134
73 5 0 198 0 134 250 50 171
74 5 0 198 50 134 250 100 171
75 5 0 198 100 134 250 150 171
76 5 0 198 0 171 250 50 208
77 5 0 198 50 171 250 100 208
78 5 0 198 100 171 250 150 208
79 2 0 198 150 23 224 181 61
80 2 0 198 150 61 224 181 99
81 2 0 198 150 99 224 181 137
82 2 0 198 150 137 224 181 175
83 2 0 198 150 175 224 181 213
84 2 0 138 200 0 176 231 26
85 2 0 138 200 26 176 231 52
86 8 0 198 186 0 295 232 76
87 8 0 198 186 76 295 232 152
88 3 0 198 181 152 290 228 186
89 3 0 198 181 186 290 228 220
90 11 0 250 0 23 319 102 88
91 11 0 319 0 23 388 102 88
92 11 0 388 0 23 457 102 88
93 11 0 250 0 88 319 102 153
94 11 0 319 0 88 388 102 153
95 11 0 388 0 88 457 102 153
96 11 0 250 0 153 319 102 218
97 11 0 319 0 153 388 102 218
98 11 0 388 0 153 457 102 218
99 5 0 250 102 23 302 139 73
100 5 0 250 139 23 302 176 73
101 3 0 250 102 73 342 136 120
102 3 0 250 102 120 342 136 167
103 3 0 250 102 167 342 136 214
104 7 0 250 136 73 316 176 133
105 7 0 250 136 133 316 176 193
106 8 0 295 186 0 392 232 76
107 8 0 295 186 76 392 232 152
108 9 0 316 136 23 368 186 77
109 9 0 368 136 23 420 186 77
110 9 0 420 136 23 472 186 77
111 9 0 472 136 23 524 186 77
112 9 0 316 136 77 368 186 131
113 9 0 368 136 77 420 186 131
114 9 0 420 136 77 472 186 131
115 9 0 472 136 77 524 186 131
116 9 0 316 136 131 368 186 185
117 9 0 368 136 131 420 186 185
118 9 0 420 136 131 472 186 185
119 9 0 472 136 131 524 186 185
120 3 0 316 136 185 408 183 219
121 3 0 408 136 185 500 183 219
122 3 0 290 186 152 382 233 186
123 8 0 392 186 0 489 232 76
124 7 0 392 186 76 452 226 142
125 7 0 392 186 142 452 226 208
126 7 0 452 186 76 512 226 142
127 7 0 452 186 142 512 226 208
128 4 0 457 0 23 543 60 59
129 4 0 457 60 23 543 120 59
130 7 0 457 0 59 517 66 99
131 7 0 457 66 59 517 132 99
132 7 0 457 0 99 517 40 165
133 4 0 457 0 165 543 60 201
134 6 0 457 60 99 547 98 137
135 6 0 457 98 99 547 136 137
136 6 0 457 60 137 547 98 175
137 6 0 457 98 137 547 136 175
138 6 0 457 60 175 547 98 213
139 6 0 457 98 175 547 136 213
140 7 0 512 186 0 572 226 66
141 7 0 512 186 66 572 226 132
142 5 0 512 186 132 562 223 184
143 6 0 547 0 0 585 90 38
144 6 0 547 0 38 585 90 76
145 6 0 547 0 76 585 90 114
146 6 0 547 0 114 585 90 152
147 4 0 547 0 152 583 86 212
148 4 0 547 90 0 583 176 60
149 4 0 547 90 60 583 176 120
150 4 0 547 90 120 583 176 180
