Utilizacion 83.542025 VolCajasEmpacado 85.830081 Duracion[s] 60.038000 Iteraciones 1538
0 7 0 0 0 0 88 74 72
1 7 0 88 0 0 176 74 72
2 7 0 176 0 0 264 74 72
3 7 0 264 0 0 352 74 72
4 7 0 0 0 72 88 74 144
5 7 0 88 0 72 176 74 144
6 7 0 176 0 72 264 74 144
7 7 0 264 0 72 352 74 144
8 7 0 0 0 144 88 74 216
9 7 0 88 0 144 176 74 216
10 7 0 176 0 144 264 74 216
11 7 0 264 0 144 352 74 216
12 6 0 0 74 0 67 164 77
13 6 0 67 74 0 134 164 77
14 6 0 134 74 0 201 164 77
15 6 0 201 74 0 268 164 77
16 6 0 268 74 0 335 164 77
17 6 0 335 74 0 402 164 77
18 6 0 402 74 0 469 164 77
19 6 0 469 74 0 536 164 77
20 6 0 0 74 77 67 164 154
21 6 0 67 74 77 134 164 154
22 6 0 134 74 77 201 164 154
23 6 0 201 74 77 268 164 154
24 6 0 268 74 77 335 164 154
25 6 0 335 74 77 402 164 154
26 6 0 402 74 77 469 164 154
27 6 0 469 74 77 536 164 154
28 1 0 0 164 0 96 223 36
29 1 0 96 164 0 192 223 36
30 1 0 0 164 36 96 223 72
31 1 0 96 164 36 192 223 72
32 1 0 0 164 72 96 223 108
33 1 0 96 164 72 192 223 108
34 1 0 0 164 108 96 223 144
35 1 0 96 164 108 192 223 144
36 1 0 0 164 144 96 223 180
37 1 0 96 164 144 192 223 180
38 1 0 0 164 180 96 223 216
39 1 0 96 164 180 192 223 216
40 0 0 0 74 154 46 146 181
41 0 0 0 74 181 46 146 208
42 3 0 46 74 154 125 120 217
43 2 0 46 120 154 141 158 212
44 1 0 125 74 154 221 110 213
45 5 0 141 110 154 200 158 203
46 5 0 200 110 154 259 158 203
47 5 0 259 110 154 318 158 203
48 5 0 318 110 154 377 158 203
49 5 0 377 110 154 436 158 203
50 5 0 436 110 154 495 158 203
51 5 0 495 110 154 554 158 203
52 3 0 192 164 0 271 227 46
53 3 0 271 164 0 350 227 46
54 3 0 350 164 0 429 227 46
55 3 0 429 164 0 508 227 46
56 3 0 508 164 0 587 227 46
57 0 0 221 74 154 293 101 200
58 0 0 293 74 154 365 101 200
59 0 0 365 74 154 437 101 200
60 0 0 437 74 154 509 101 200
61 2 0 192 164 46 287 202 104
62 2 0 192 164 104 287 202 162
63 2 0 192 164 162 287 202 220
64 0 0 192 202 46 264 229 92
65 0 0 192 202 92 264 229 138
66 0 0 192 202 138 264 229 184
67 0 0 264 202 46 336 229 92
68 0 0 264 202 92 336 229 138
69 0 0 264 202 138 336 229 184
70 2 0 287 164 46 382 202 104
71 2 0 382 164 46 477 202 104
72 2 0 477 164 46 572 202 104
73 2 0 287 164 104 382 202 162
74 2 0 287 164 162 382 202 220
75 7 0 352 0 0 440 72 74
76 7 0 352 0 74 426 72 162
77 3 0 352 0 162 431 63 208
78 3 0 382 164 104 461 227 150
79 3 0 461 164 104 540 227 150
80 3 0 382 164 150 461 227 196
81 3 0 461 164 150 540 227 196
82 3 0 540 158 104 586 221 183
83 3 0 440 0 0 486 63 79
84 6 0 431 0 79 508 67 169
85 2 0 431 0 169 526 58 207
86 4 0 536 0 0 583 95 79
87 4 0 536 0 79 583 95 158
88 2 0 526 0 158 564 95 216
