Utilizacion 85.472080 VolCajasEmpacado 86.146418 Duracion[s] 60.024000 Iteraciones 1326
0 1 0 0 0 0 31 42 31
1 1 0 31 0 0 62 42 31
2 1 0 62 0 0 93 42 31
3 1 0 93 0 0 124 42 31
4 1 0 124 0 0 155 42 31
5 1 0 155 0 0 186 42 31
6 1 0 186 0 0 217 42 31
7 1 0 217 0 0 248 42 31
8 1 0 248 0 0 279 42 31
9 1 0 279 0 0 310 42 31
10 1 0 310 0 0 341 42 31
11 1 0 341 0 0 372 42 31
12 1 0 372 0 0 403 42 31
13 1 0 403 0 0 434 42 31
14 1 0 434 0 0 465 42 31
15 1 0 465 0 0 496 42 31
16 1 0 496 0 0 527 42 31
17 1 0 527 0 0 558 42 31
18 4 0 0 0 31 68 63 84
19 4 0 68 0 31 136 63 84
20 4 0 136 0 31 204 63 84
21 4 0 204 0 31 272 63 84
22 4 0 272 0 31 340 63 84
23 4 0 340 0 31 408 63 84
24 4 0 408 0 31 476 63 84
25 4 0 0 0 84 68 63 137
26 4 0 68 0 84 136 63 137
27 4 0 136 0 84 204 63 137
28 4 0 204 0 84 272 63 137
29 4 0 272 0 84 340 63 137
30 4 0 340 0 84 408 63 137
31 4 0 408 0 84 476 63 137
32 4 0 0 0 137 68 63 190
33 4 0 68 0 137 136 63 190
34 4 0 136 0 137 204 63 190
35 4 0 204 0 137 272 63 190
36 4 0 272 0 137 340 63 190
37 4 0 340 0 137 408 63 190
38 4 0 408 0 137 476 63 190
39 0 0 0 0 190 64 32 218
40 0 0 0 32 190 64 64 218
41 3 0 0 64 0 90 158 44
42 3 0 90 64 0 180 158 44
43 3 0 0 64 44 90 158 88
44 3 0 90 64 44 180 158 88
45 3 0 0 64 88 90 158 132
46 3 0 90 64 88 180 158 132
47 3 0 0 64 132 90 158 176
48 3 0 90 64 132 180 158 176
49 3 0 0 64 176 90 158 220
50 3 0 90 64 176 180 158 220
51 2 0 0 158 0 90 192 41
52 2 0 0 192 0 90 226 41
53 2 0 0 158 41 90 192 82
54 2 0 0 192 41 90 226 82
55 2 0 0 158 82 90 192 123
56 2 0 0 192 82 90 226 123
57 2 0 0 158 123 90 192 164
58 2 0 0 192 123 90 226 164
59 2 0 0 158 164 90 192 205
60 2 0 0 192 164 90 226 205
61 0 0 64 0 190 96 64 218
62 0 0 96 0 190 128 64 218
63 0 0 128 0 190 160 64 218
64 0 0 160 0 190 192 64 218
65 0 0 192 0 190 224 64 218
66 0 0 224 0 190 256 64 218
67 0 0 256 0 190 288 64 218
68 0 0 288 0 190 320 64 218
69 0 0 320 0 190 352 64 218
70 2 0 90 158 0 180 192 41
71 2 0 90 158 41 180 192 82
72 2 0 90 158 82 180 192 123
73 2 0 90 158 123 180 192 164
74 2 0 90 158 164 180 192 205
75 2 0 90 192 0 180 233 34
76 2 0 90 192 34 180 233 68
77 2 0 90 192 68 180 233 102
78 2 0 90 192 102 180 233 136
79 2 0 90 192 136 180 233 170
80 2 0 90 192 170 180 233 204
81 2 0 180 64 0 270 98 41
82 2 0 180 64 41 270 98 82
83 2 0 180 64 82 270 98 123
84 2 0 180 64 123 270 98 164
85 2 0 180 64 164 270 98 205
86 1 0 180 98 0 211 140 31
87 1 0 211 98 0 242 140 31
88 1 0 242 98 0 273 140 31
89 1 0 273 98 0 304 140 31
90 3 0 180 140 0 274 230 44
91 3 0 180 98 44 274 188 88
92 3 0 180 98 88 274 188 132
93 3 0 180 98 132 274 188 176
94 6 1 180 188 44 222 219 75
95 6 1 222 188 44 264 219 75
96 6 1 180 188 75 222 219 106
97 6 1 222 188 75 264 219 106
98 6 1 180 188 106 222 219 137
99 6 1 222 188 106 264 219 137
100 6 1 180 188 137 222 219 168
101 6 1 222 188 137 264 219 168
102 6 1 180 188 168 222 219 199
103 6 1 222 188 168 264 219 199
104 7 1 180 98 176 270 139 210
105 7 1 180 139 176 270 173 217
106 5 1 352 0 190 416 32 218
107 5 1 352 32 190 416 64 218
108 6 1 270 64 0 301 95 42
109 6 1 270 64 42 301 95 84
110 6 1 270 64 84 301 95 126
111 6 1 270 64 126 301 95 168
112 5 1 416 0 190 480 32 218
113 8 1 274 140 0 368 230 44
114 8 1 368 140 0 462 230 44
115 8 1 462 140 0 556 230 44
116 8 1 274 140 44 368 230 88
117 8 1 368 140 44 462 230 88
118 8 1 462 140 44 556 230 88
119 8 1 274 140 88 368 230 132
120 8 1 368 140 88 462 230 132
121 8 1 462 140 88 556 230 132
122 8 1 274 140 132 368 230 176
123 8 1 368 140 132 462 230 176
124 8 1 462 140 132 556 230 176
125 8 1 274 140 176 368 230 220
126 8 1 368 140 176 462 230 220
127 8 1 462 140 176 556 230 220
128 5 1 301 64 0 365 92 32
129 5 1 416 32 190 480 64 218
130 7 1 301 64 32 391 105 66
131 7 1 301 64 66 391 105 100
132 7 1 301 64 100 391 105 134
133 7 1 301 64 134 391 105 168
134 7 1 301 64 168 391 105 202
135 9 1 480 0 31 533 68 94
136 9 1 480 0 94 533 68 157
137 9 1 480 0 157 533 68 220
138 5 1 533 0 31 561 64 63
139 9 1 533 0 63 586 68 126
140 9 1 533 0 126 586 68 189
141 5 1 533 0 189 565 64 217
142 7 1 304 105 0 394 139 41
143 7 1 274 105 41 364 139 82
144 7 1 274 105 82 364 139 123
145 7 1 274 105 123 364 139 164
146 7 1 274 105 164 364 139 205
147 5 1 391 64 0 455 96 28
148 5 1 391 64 28 455 96 56
149 5 1 391 64 56 455 96 84
150 5 1 391 64 84 455 96 112
151 5 1 391 64 112 455 96 140
152 5 1 391 64 140 455 96 168
153 5 1 391 64 168 455 96 196
154 5 1 394 96 0 458 124 32
155 7 1 394 96 32 484 137 66
156 7 1 394 96 66 484 137 100
157 7 1 394 96 100 484 137 134
158 7 1 394 96 134 484 137 168
159 7 1 394 96 168 484 137 202
160 9 1 484 68 0 547 121 68
161 9 1 484 68 68 552 121 131
162 9 1 484 68 131 552 121 194
