Utilizacion 71.546533 VolCajasEmpacado 72.556392 Duracion[s] 60.003000 Iteraciones 9520
0 0 0 0 0 0 85 92 34
1 1 1 0 0 34 68 96 129
2 2 2 0 0 129 96 95 197
3 3 3 0 96 0 60 192 31
4 4 4 0 96 31 68 192 126
5 5 5 0 96 126 92 181 160
6 6 6 0 95 160 31 191 220
7 7 6 0 192 0 69 227 61
8 8 7 0 192 61 96 223 121
9 9 8 0 192 121 69 227 182
10 10 8 92 95 0 188 163 95
11 10 8 92 95 95 187 163 191
12 12 9 31 163 182 92 232 217
13 11 9 96 0 0 181 92 34
14 11 9 96 0 34 188 85 68
15 14 10 96 163 0 151 233 107
16 13 10 96 0 68 181 92 102
17 16 11 96 163 107 151 233 214
18 15 11 96 0 102 192 31 162
19 15 11 96 31 102 192 62 162
20 17 12 96 0 162 203 70 217
21 18 13 151 163 0 247 223 31
22 18 13 247 163 0 343 223 31
23 18 13 343 163 0 439 223 31
24 19 13 151 163 31 220 224 66
25 21 14 151 163 66 247 231 161
26 22 14 151 163 161 212 232 196
27 20 14 188 70 0 273 162 34
28 23 15 188 70 34 284 130 65
29 24 16 188 70 65 243 140 172
30 25 17 187 70 172 272 162 206
31 26 17 203 0 0 310 70 55
32 28 18 212 162 161 281 223 196
33 29 18 203 0 55 298 68 151
34 27 18 281 130 31 373 215 65
35 30 19 203 0 151 299 31 211
36 31 20 310 0 0 395 92 34
37 31 20 310 0 34 395 92 68
38 32 20 272 92 65 367 160 161
39 33 21 203 31 151 299 62 211
40 34 21 299 0 68 394 68 164
41 38 22 272 68 161 379 138 216
42 35 22 281 160 65 377 220 96
43 37 22 299 0 164 368 61 199
44 36 22 377 138 31 469 223 65
45 40 23 281 160 96 336 230 203
46 41 23 336 160 96 371 221 165
47 39 23 377 138 65 462 230 99
48 39 23 377 138 99 462 230 133
49 42 24 336 138 165 397 207 200
50 43 24 395 0 0 450 107 70
51 45 25 379 68 70 486 138 125
52 46 25 379 68 125 475 136 220
53 44 25 397 136 133 489 221 167
54 44 25 397 136 167 489 221 201
55 47 26 394 0 70 489 68 166
56 48 27 368 0 166 464 60 197
57 50 27 486 68 0 581 136 96
58 49 27 489 136 0 574 228 34
59 52 28 486 68 96 582 136 191
60 51 28 489 0 0 559 55 107
61 53 29 489 0 107 559 55 214
62 54 30 489 136 34 574 228 68
63 57 31 489 136 68 585 204 163
64 55 31 489 136 163 558 197 198
