Utilizacion 74.137310 VolCajasEmpacado 74.996050 Duracion[s] 60.002000 Iteraciones 1218
0 7 0 0 0 0 78 113 28
1 7 0 0 113 0 78 226 28
2 4 0 0 0 28 85 59 77
3 4 0 0 59 28 85 118 77
4 4 0 0 0 77 85 59 126
5 4 0 0 59 77 85 118 126
6 4 0 0 0 126 85 59 175
7 4 0 0 59 126 85 118 175
8 0 0 0 0 175 71 35 196
9 0 0 0 35 175 71 70 196
10 0 0 0 70 175 71 105 196
11 0 0 0 0 196 71 35 217
12 0 0 0 35 196 71 70 217
13 0 0 0 70 196 71 105 217
14 2 0 0 118 28 94 188 92
15 2 0 0 118 92 94 188 156
16 2 0 0 118 156 94 188 220
17 5 0 0 188 28 120 223 60
18 5 0 0 188 60 120 223 92
19 6 0 0 188 92 64 221 124
20 6 0 0 188 124 64 221 156
21 6 0 0 188 156 64 221 188
22 6 0 0 188 188 64 221 220
23 6 0 64 188 92 128 220 125
24 6 0 64 188 125 128 220 158
25 6 0 64 188 158 128 220 191
26 7 0 85 0 0 163 113 28
27 2 0 85 0 28 149 70 122
28 2 0 85 0 122 149 70 216
29 5 0 85 70 28 205 102 63
30 1 0 94 70 63 165 123 83
31 1 0 94 70 83 165 123 103
32 1 0 94 70 103 165 123 123
33 1 0 94 70 123 165 123 143
34 1 0 94 70 143 165 123 163
35 3 0 94 70 163 159 120 214
36 3 0 94 123 0 144 174 65
37 3 0 94 123 65 144 188 116
38 3 0 94 123 116 144 188 167
39 3 0 94 123 167 144 188 218
40 9 1 64 188 191 135 223 212
41 12 1 135 188 0 255 220 35
42 12 1 255 188 0 375 220 35
43 12 1 375 188 0 495 220 35
44 9 1 135 188 35 206 223 56
45 9 1 135 188 56 206 223 77
46 9 1 135 188 77 206 223 98
47 11 1 135 188 98 199 220 131
48 11 1 135 188 131 199 220 164
49 11 1 135 188 164 199 220 197
50 13 1 144 123 0 203 172 85
51 13 1 144 123 85 203 172 170
52 8 1 144 120 170 215 173 190
53 8 1 144 120 190 215 173 210
54 8 1 144 173 197 215 226 217
55 15 1 163 0 0 257 70 64
56 14 1 149 0 64 200 50 129
57 14 1 200 0 64 251 50 129
58 14 1 149 0 129 200 50 194
59 14 1 200 0 129 251 50 194
60 8 1 149 0 194 220 53 214
61 14 1 165 70 63 230 120 114
62 14 1 165 53 114 215 118 165
63 11 1 159 53 165 191 117 198
64 15 1 215 120 0 285 184 94
65 15 1 285 120 0 355 184 94
66 15 1 215 120 94 285 184 188
67 15 1 285 120 94 355 184 188
68 14 1 230 70 0 281 120 65
69 10 1 281 0 0 394 78 28
70 10 1 394 0 0 507 78 28
71 21 2 220 0 194 255 71 215
72 18 2 215 184 35 300 233 94
73 18 2 215 184 94 300 233 153
74 18 2 215 184 153 300 233 212
75 20 2 215 71 188 293 184 216
76 20 2 293 71 188 371 184 216
77 16 2 257 0 28 351 70 92
78 23 2 255 0 92 319 32 125
79 23 2 255 0 125 319 32 158
80 23 2 255 0 158 319 32 191
81 21 2 255 0 191 326 35 212
82 19 2 255 35 92 375 70 124
83 19 2 255 35 124 375 70 156
84 19 2 255 35 156 375 70 188
85 21 2 255 35 188 326 70 209
86 21 2 300 184 35 371 205 70
87 21 2 300 205 35 371 226 70
88 22 2 326 0 188 379 71 208
89 21 2 300 184 70 371 205 105
90 21 2 300 205 70 371 226 105
91 21 2 300 184 105 371 219 126
92 23 2 300 184 126 364 216 159
93 17 2 371 78 0 421 129 65
94 17 2 371 129 0 421 180 65
95 16 2 371 71 65 465 141 129
96 16 2 371 141 65 465 211 129
97 22 2 371 71 129 442 124 149
98 22 2 371 124 129 442 177 149
99 22 2 371 177 129 442 230 149
100 16 2 371 71 149 441 165 213
101 28 3 300 184 159 364 217 191
102 30 3 300 184 191 371 219 212
103 25 3 371 165 149 465 229 219
104 31 3 379 0 28 432 71 48
105 24 3 379 0 48 430 65 98
106 24 3 379 0 98 430 65 148
107 24 3 379 0 148 430 65 198
108 30 3 379 0 198 450 35 219
109 30 3 379 35 198 450 70 219
110 30 3 442 70 129 463 141 164
111 30 3 442 70 164 463 141 199
112 25 3 450 0 28 544 70 92
113 27 3 450 0 92 570 35 124
114 27 3 450 35 92 570 70 124
115 28 3 450 0 124 514 33 156
116 28 3 514 0 124 578 33 156
117 28 3 450 33 124 514 66 156
118 28 3 514 33 124 578 66 156
119 27 3 450 0 156 570 35 188
120 27 3 450 35 156 570 70 188
121 27 3 450 0 188 570 35 220
122 27 3 450 35 188 570 70 220
123 27 3 465 78 0 585 110 35
124 27 3 465 110 0 585 142 35
125 28 3 465 142 0 529 175 32
126 31 3 495 175 0 566 228 20
127 31 3 495 175 20 566 228 40
128 31 3 495 175 40 566 228 60
129 31 3 495 175 60 566 228 80
130 25 3 465 70 35 529 164 105
131 24 3 465 164 80 530 215 130
132 26 3 465 70 105 524 155 154
133 26 3 465 70 154 524 155 203
134 26 3 465 155 130 550 204 189
135 29 3 465 155 189 578 233 217
136 26 3 529 70 35 578 155 94
137 26 3 529 70 94 578 129 179
