Utilizacion 71.417718 VolCajasEmpacado 72.148734 Duracion[s] 60.021000 Iteraciones 1454
0 0 0 0 0 0 42 56 25
1 0 0 42 0 0 84 56 25
2 0 0 84 0 0 126 56 25
3 0 0 126 0 0 168 56 25
4 0 0 168 0 0 210 56 25
5 5 0 0 56 0 49 102 72
6 3 0 0 102 0 54 150 34
7 3 0 54 102 0 108 150 34
8 3 0 0 150 0 54 198 34
9 3 0 54 150 0 108 198 34
10 4 0 0 102 34 95 147 96
11 4 0 0 102 96 95 147 158
12 4 0 0 102 158 95 147 220
13 6 0 0 147 34 52 205 126
14 6 0 0 147 126 52 205 218
15 1 0 52 147 34 116 173 76
16 1 0 52 173 34 116 199 76
17 1 0 52 147 76 116 173 118
18 1 0 52 173 76 116 199 118
19 2 0 52 147 118 142 196 151
20 2 0 52 147 151 142 196 184
21 2 0 52 147 184 142 196 217
22 2 0 0 0 25 90 49 58
23 1 0 0 205 0 64 231 42
24 4 0 0 0 58 95 45 120
25 7 0 0 0 120 92 85 141
26 9 1 0 0 141 58 92 193
27 9 1 58 0 141 116 92 193
28 13 1 0 205 42 64 231 84
29 8 1 0 0 193 56 42 218
30 8 1 0 42 193 42 98 218
31 13 1 0 205 84 64 231 126
32 13 1 0 205 126 64 231 168
33 13 1 0 205 168 64 231 210
34 13 1 42 42 193 106 84 219
35 8 1 56 0 193 112 42 218
36 11 1 64 199 0 118 233 48
37 12 1 64 199 48 154 232 97
38 12 1 64 199 97 154 232 146
39 12 1 64 199 146 154 232 195
40 9 1 108 92 0 166 144 92
41 9 1 166 92 0 224 144 92
42 10 1 95 92 92 190 137 154
43 10 1 95 92 154 190 137 216
44 14 1 116 0 25 208 85 46
45 14 1 116 0 46 208 85 67
46 14 1 116 0 67 208 85 88
47 14 1 116 0 88 208 85 109
48 10 1 116 0 109 211 45 171
49 10 1 116 45 109 211 90 171
50 16 2 116 0 171 188 46 220
51 16 2 116 46 171 188 92 220
52 16 2 188 0 171 234 72 220
53 18 2 142 144 0 206 186 26
54 18 2 190 90 92 254 116 134
55 17 2 142 144 26 237 189 88
56 17 2 142 144 88 237 189 150
57 15 2 142 137 150 234 195 202
58 20 2 190 90 134 280 123 183
59 19 2 234 0 0 326 85 21
60 24 3 154 195 0 202 229 54
61 24 3 154 195 54 202 229 108
62 24 3 154 195 108 202 229 162
63 23 3 190 72 183 232 136 209
64 22 3 154 195 162 210 220 204
65 23 3 210 195 0 274 221 42
66 23 3 210 195 42 274 221 84
67 22 3 232 72 183 274 128 208
68 26 3 234 0 21 283 72 67
69 26 3 234 0 67 280 72 116
70 27 3 234 0 116 326 58 168
71 27 3 234 0 168 326 58 220
72 25 3 237 128 0 332 190 45
73 25 3 237 128 45 332 190 90
74 25 3 237 128 90 332 190 135
75 21 3 237 128 135 322 220 156
76 21 3 237 128 156 322 220 177
77 21 3 237 128 177 322 220 198
78 21 3 237 128 198 322 220 219
79 21 3 326 0 0 418 85 21
80 21 3 418 0 0 510 85 21
81 21 3 326 0 21 418 85 42
82 21 3 418 0 21 510 85 42
83 21 3 326 0 42 411 92 63
84 32 4 280 92 0 328 126 54
85 32 4 280 92 54 328 126 108
86 32 4 280 92 108 328 126 162
87 32 4 280 92 162 328 126 216
88 33 4 283 58 63 373 91 112
89 32 4 280 58 112 328 92 166
90 34 4 274 58 166 338 84 208
91 28 4 322 190 0 378 232 25
92 28 4 322 190 25 378 232 50
93 30 4 326 0 63 398 49 109
94 30 4 326 0 109 398 49 155
95 33 4 322 190 50 412 223 99
96 29 4 326 0 155 418 52 213
97 31 4 332 92 0 427 154 45
98 31 4 332 92 45 427 154 90
99 35 4 332 91 90 417 183 111
100 35 4 332 91 111 417 183 132
101 42 5 328 84 132 376 118 186
102 42 5 376 84 132 424 118 186
103 36 5 322 190 99 378 232 124
104 36 5 322 190 124 378 232 149
105 36 5 322 190 149 378 232 174
106 36 5 322 190 174 378 232 199
107 41 5 328 84 186 392 126 212
108 39 5 332 126 132 427 188 177
109 40 5 322 126 177 412 175 210
110 38 5 418 0 42 467 72 88
111 38 5 418 0 88 467 72 134
112 38 5 418 0 134 467 72 180
113 39 5 412 188 0 507 233 62
114 40 5 412 188 62 502 221 111
115 39 5 378 188 111 473 233 173
116 37 5 467 0 42 519 92 100
117 37 5 467 0 100 519 92 158
118 37 5 467 0 158 519 92 216
119 45 6 378 175 177 442 201 219
120 45 6 378 201 173 442 227 215
121 44 6 412 118 177 437 174 219
122 44 6 427 92 0 483 117 42
123 44 6 427 92 42 483 117 84
124 44 6 427 92 84 483 117 126
125 44 6 427 92 126 483 117 168
126 45 6 424 92 168 488 118 210
127 47 6 437 118 0 471 172 48
128 47 6 437 118 48 471 172 96
129 45 6 437 118 96 501 144 138
130 45 6 437 144 96 501 170 138
131 46 6 437 118 138 527 167 171
132 49 6 437 118 171 509 167 217
133 50 6 473 170 111 531 222 203
134 48 6 519 0 0 581 95 45
135 50 6 519 0 45 571 58 137
136 50 6 519 58 45 571 116 137
137 48 6 519 0 137 564 95 199
138 46 6 531 116 0 580 206 33
139 46 6 531 116 33 580 206 66
140 46 6 531 116 66 580 206 99
141 46 6 531 116 99 580 206 132
142 48 6 531 116 132 576 211 194
