Utilizacion 72.428632 VolCajasEmpacado 73.507761 Duracion[s] 60.007000 Iteraciones 7059
0 0 0 0 0 0 102 95 33
1 0 0 0 95 0 102 190 33
2 1 1 0 0 33 37 90 106
3 3 2 0 190 0 117 228 30
4 2 2 0 190 30 90 227 103
5 4 3 0 90 33 37 180 106
6 5 4 37 0 33 139 95 66
7 5 4 37 95 33 139 190 66
8 6 5 0 180 103 117 210 141
9 9 6 0 0 106 37 90 179
10 7 6 0 0 179 38 117 209
11 8 6 38 0 66 133 102 99
12 11 7 37 117 66 127 154 139
13 10 7 38 0 99 140 95 132
14 13 8 0 117 139 90 154 212
15 13 8 0 154 141 90 227 178
16 12 8 38 0 132 140 95 165
17 14 9 38 0 165 133 102 198
18 14 9 139 95 0 234 197 33
19 14 9 139 95 33 234 197 66
20 15 10 0 154 178 117 192 208
21 15 10 0 192 178 117 222 216
22 16 10 140 0 0 242 95 33
23 17 11 117 197 0 234 227 38
24 17 11 117 197 38 234 227 76
25 18 11 117 154 66 207 191 139
26 18 11 117 154 139 207 191 212
27 19 12 117 191 76 207 228 149
28 19 12 127 102 66 217 139 139
29 21 13 117 191 149 234 221 187
30 21 13 117 191 187 234 229 217
31 20 13 133 95 139 223 132 212
32 22 13 140 0 33 242 95 66
33 23 14 140 0 66 257 30 104
34 23 14 140 30 66 257 60 104
35 24 14 140 0 104 242 95 137
36 26 15 140 0 137 230 37 210
37 26 15 140 37 137 230 74 210
38 25 15 234 95 0 351 133 30
39 28 16 234 95 30 324 132 103
40 27 16 234 133 0 336 228 33
41 27 16 234 133 33 336 228 66
42 30 17 223 95 103 313 168 140
43 29 17 207 132 140 324 170 170
44 31 18 207 132 170 324 170 200
45 32 18 257 0 0 359 95 33
46 32 18 257 0 33 359 95 66
47 33 19 234 170 66 351 200 104
48 34 20 234 200 66 351 230 104
49 34 20 234 170 104 351 200 142
50 34 20 234 170 142 351 200 180
51 34 20 234 170 180 351 200 218
52 36 20 257 0 66 330 90 103
53 35 20 257 0 103 359 95 136
54 37 21 234 200 104 351 230 142
55 38 21 242 0 136 315 90 173
56 39 22 230 0 173 325 102 206
57 40 23 351 95 0 453 190 33
58 42 24 223 102 140 340 132 178
59 41 24 351 95 33 453 190 66
60 43 25 223 102 178 340 132 216
61 44 25 351 95 66 453 190 99
62 45 26 234 200 142 351 230 180
63 46 26 351 95 99 446 197 132
64 48 27 324 132 132 414 169 205
65 47 27 359 0 0 461 95 33
66 50 28 325 0 136 362 90 209
67 50 28 340 95 132 430 132 205
68 50 28 351 169 132 441 206 205
69 50 28 362 0 33 435 90 70
70 50 28 362 0 70 435 90 107
71 49 28 362 0 107 464 95 140
72 51 29 362 0 140 464 95 173
73 51 29 362 0 173 464 95 206
74 52 30 441 197 0 558 227 38
75 53 31 446 190 38 536 227 111
76 53 31 446 190 111 536 227 184
77 54 31 453 95 0 555 190 33
78 55 32 453 95 33 570 133 63
79 55 32 453 95 63 570 133 93
80 55 32 453 95 93 570 133 123
81 56 32 464 0 0 566 95 33
82 57 33 446 95 123 563 125 161
83 57 33 446 95 161 563 125 199
84 57 33 453 133 33 570 163 71
85 58 33 464 0 33 566 95 66
86 58 33 464 0 66 566 95 99
87 59 34 453 133 71 570 171 101
88 59 34 453 133 101 570 171 131
89 61 34 446 125 131 536 162 204
90 61 34 464 0 99 537 90 136
91 60 34 464 0 136 566 95 169
92 62 35 464 0 169 537 90 206
93 63 36 536 125 131 573 215 204
