Utilizacion 73.736112 VolCajasEmpacado 74.420056 Duracion[s] 60.010000 Iteraciones 2115
0 0 0 0 0 0 89 100 31
1 0 0 0 100 0 89 200 31
2 1 0 0 200 0 91 227 49
3 7 0 0 0 31 96 56 75
4 7 0 0 56 31 96 112 75
5 7 0 0 112 31 96 168 75
6 8 0 0 168 49 117 232 91
7 9 0 0 0 75 103 48 113
8 9 0 0 48 75 103 96 113
9 4 0 0 0 113 50 73 184
10 6 0 0 96 75 74 158 121
11 10 0 0 0 184 98 44 220
12 2 0 0 73 121 106 136 199
13 3 0 0 158 91 100 231 144
14 5 0 0 136 144 49 214 191
15 24 1 0 136 191 75 172 219
16 24 1 0 172 191 75 208 219
17 25 1 49 208 144 90 232 189
18 25 1 50 44 113 91 68 158
19 16 1 75 136 144 125 207 217
20 13 1 103 0 0 185 62 68
21 13 1 103 0 68 185 62 136
22 21 1 98 0 136 196 44 172
23 21 1 98 0 172 196 44 208
24 12 1 106 62 0 184 125 106
25 12 1 184 62 0 262 125 106
26 15 1 106 62 106 179 115 206
27 15 1 179 62 106 252 115 206
28 11 1 125 125 0 228 163 48
29 11 1 125 125 48 228 163 96
30 14 1 125 163 0 233 219 82
31 20 1 125 163 82 242 227 124
32 17 1 125 115 124 201 223 171
33 18 1 125 115 171 203 162 220
34 18 1 125 162 171 203 209 220
35 19 1 196 0 0 292 44 56
36 23 1 242 125 0 342 214 31
37 23 1 342 125 0 442 214 31
38 22 1 242 125 31 361 203 65
39 30 2 196 0 56 304 47 132
40 30 2 196 0 132 304 47 208
41 27 2 203 115 124 266 221 202
42 26 2 262 47 0 333 97 73
43 26 2 333 47 0 404 97 73
44 26 2 262 47 73 333 97 146
45 26 2 333 47 73 404 97 146
46 26 2 262 47 146 333 97 219
47 26 2 333 47 146 404 97 219
48 33 2 266 97 65 355 197 96
49 29 2 266 97 96 348 205 152
50 29 2 266 97 152 348 205 208
51 31 2 361 97 31 407 171 93
52 31 2 361 97 93 407 171 155
53 31 2 361 97 155 407 171 217
54 37 2 304 0 0 350 43 45
55 31 2 304 0 45 378 46 107
56 31 2 304 0 107 378 46 169
57 32 2 304 0 169 402 36 213
58 36 2 361 171 31 452 220 58
59 35 2 348 203 58 423 231 94
60 36 2 348 197 94 439 224 143
61 28 2 348 171 143 430 233 211
62 34 2 404 0 0 481 78 28
63 34 2 404 0 28 481 78 56
64 34 2 404 0 56 481 78 84
65 27 2 404 0 84 510 78 147
66 27 2 404 0 147 510 78 210
67 33 2 442 78 0 542 167 31
68 52 3 452 78 31 543 127 58
69 52 3 452 127 31 543 176 58
70 41 3 407 78 58 507 151 111
71 41 3 407 78 111 507 151 164
72 41 3 407 78 164 507 151 217
73 47 3 430 151 58 547 193 122
74 54 3 430 151 122 526 195 178
75 51 3 430 151 178 505 179 214
76 53 3 430 179 178 475 203 219
77 53 3 475 179 178 520 203 219
78 52 3 452 203 0 543 230 49
79 46 3 507 78 58 552 124 101
80 42 3 507 78 101 580 128 172
81 44 3 507 78 172 568 126 219
82 48 3 526 128 122 564 231 170
83 43 3 526 128 170 575 206 217
84 50 3 510 0 0 587 78 28
85 50 3 510 0 28 587 78 56
86 50 3 510 0 56 587 78 84
87 45 3 510 0 84 572 74 130
88 39 3 510 0 130 572 68 212
