Utilizacion 71.299372 VolCajasEmpacado 72.287330 Duracion[s] 60.010000 Iteraciones 923
0 7 0 0 0 0 80 48 39
1 7 0 80 0 0 160 48 39
2 3 0 0 0 39 54 49 123
3 3 0 0 0 123 54 49 207
4 9 0 0 49 0 62 141 34
5 9 0 0 141 0 62 233 34
6 4 0 54 0 39 174 46 94
7 4 0 54 0 94 174 46 149
8 4 0 54 0 149 174 46 204
9 0 0 0 49 34 103 120 62
10 0 0 0 120 34 103 191 62
11 11 0 0 191 34 114 233 81
12 11 0 0 191 81 114 233 128
13 11 0 0 191 128 114 233 175
14 5 0 0 49 62 72 115 105
15 5 0 0 115 62 72 181 105
16 6 0 0 49 105 70 138 147
17 6 0 0 49 147 89 91 217
18 6 0 0 91 147 89 133 217
19 5 0 0 138 105 66 181 177
20 10 0 0 133 177 72 186 211
21 8 0 0 186 175 74 221 219
22 9 0 103 48 0 165 140 34
23 1 0 103 48 34 165 154 59
24 1 0 103 48 59 165 154 84
25 1 0 103 48 84 165 154 109
26 1 0 103 48 109 165 154 134
27 1 0 103 48 134 165 154 159
28 1 0 103 48 159 165 154 184
29 10 0 89 46 184 142 118 218
30 2 0 114 154 0 184 217 49
31 18 1 74 154 175 109 228 219
32 21 1 109 118 184 212 189 212
33 16 1 114 189 49 186 232 115
34 16 1 114 189 115 186 232 181
35 18 1 109 189 181 183 233 216
36 19 1 165 46 0 257 108 34
37 17 1 165 46 34 279 93 76
38 21 1 165 46 76 268 117 104
39 20 1 165 46 104 218 118 138
40 20 1 218 46 104 271 118 138
41 19 1 165 46 138 257 108 172
42 12 1 165 46 172 245 85 220
43 15 1 174 0 0 294 46 55
44 12 1 174 0 55 254 39 103
45 12 1 212 85 172 292 124 220
46 15 1 174 0 103 294 46 158
47 19 1 174 0 158 266 34 220
48 17 1 186 189 0 300 231 47
49 15 1 212 124 0 332 179 46
50 14 1 266 0 158 320 84 207
51 13 1 212 124 46 282 187 95
52 14 1 212 124 95 266 208 144
53 22 1 212 124 144 318 186 169
54 27 2 186 189 144 260 224 188
55 31 2 212 124 169 318 186 194
56 31 2 212 124 194 318 186 219
57 32 2 292 84 0 372 123 48
58 32 2 292 84 48 372 123 96
59 32 2 292 84 96 372 123 144
60 27 2 292 84 144 366 119 188
61 29 2 300 186 0 372 220 53
62 25 2 266 187 53 386 233 108
63 25 2 266 186 108 386 232 163
64 27 2 260 186 163 334 221 207
65 29 2 320 0 0 373 72 34
66 24 2 320 0 34 369 84 88
67 24 2 320 0 88 369 84 142
68 24 2 320 0 142 369 84 196
69 23 2 332 123 0 395 172 70
70 23 2 318 123 70 367 186 140
71 28 2 318 123 140 410 185 174
72 31 2 318 119 174 424 181 199
73 26 2 372 72 0 461 114 70
74 26 2 372 72 70 461 114 140
75 26 2 372 72 140 461 114 210
76 30 2 373 0 0 476 71 28
77 30 2 476 0 0 579 71 28
78 30 2 373 0 28 476 71 56
79 30 2 369 0 56 472 71 84
80 39 3 334 185 163 406 219 216
81 34 3 369 0 84 432 70 133
82 37 3 369 0 133 458 70 175
83 40 3 369 0 175 472 71 203
84 35 3 406 185 0 526 231 55
85 35 3 406 185 55 526 231 110
86 38 3 406 185 110 498 219 172
87 42 3 406 185 172 520 227 219
88 36 3 424 114 0 467 180 72
89 36 3 467 114 0 510 180 72
90 37 3 424 114 72 513 184 114
91 37 3 424 114 114 513 184 156
92 37 3 424 114 156 513 184 198
93 42 3 461 71 0 575 113 47
94 42 3 461 71 47 575 113 94
95 42 3 461 71 94 575 113 141
96 42 3 461 71 141 575 113 188
97 34 3 476 0 28 539 70 77
98 34 3 476 0 77 539 70 126
99 42 3 472 0 126 586 42 173
100 42 3 472 0 173 586 42 220
101 41 3 472 42 188 578 104 213
102 33 3 513 113 0 562 167 84
103 38 3 526 113 84 560 205 146
104 38 3 526 113 146 560 205 208
