Utilizacion 85.871932 VolCajasEmpacado 87.816522 Duracion[s] 60.046000 Iteraciones 968
0 3 0 0 0 0 35 90 36
1 3 0 35 0 0 70 90 36
2 3 0 70 0 0 105 90 36
3 3 0 0 0 36 35 90 72
4 3 0 35 0 36 70 90 72
5 3 0 70 0 36 105 90 72
6 3 0 0 0 72 35 90 108
7 3 0 35 0 72 70 90 108
8 3 0 70 0 72 105 90 108
9 3 0 0 0 108 35 90 144
10 3 0 35 0 108 70 90 144
11 3 0 70 0 108 105 90 144
12 3 0 0 0 144 35 90 180
13 3 0 35 0 144 70 90 180
14 3 0 70 0 144 105 90 180
15 3 0 0 0 180 35 90 216
16 3 0 35 0 180 70 90 216
17 3 0 70 0 180 105 90 216
18 6 0 0 90 0 77 161 41
19 6 0 77 90 0 154 161 41
20 6 0 154 90 0 231 161 41
21 6 0 231 90 0 308 161 41
22 6 0 308 90 0 385 161 41
23 6 0 385 90 0 462 161 41
24 6 0 462 90 0 539 161 41
25 6 0 0 161 0 77 232 41
26 6 0 77 161 0 154 232 41
27 6 0 154 161 0 231 232 41
28 6 0 231 161 0 308 232 41
29 6 0 308 161 0 385 232 41
30 6 0 385 161 0 462 232 41
31 6 0 462 161 0 539 232 41
32 9 0 0 90 41 108 159 125
33 9 0 0 159 41 108 228 125
34 9 0 0 90 125 108 159 209
35 9 0 0 159 125 108 228 209
36 4 0 105 0 0 153 45 35
37 4 0 105 45 0 153 90 35
38 4 0 105 0 35 153 45 70
39 4 0 105 45 35 153 90 70
40 4 0 105 0 70 153 45 105
41 4 0 105 45 70 153 90 105
42 4 0 105 0 105 153 45 140
43 4 0 105 45 105 153 90 140
44 4 0 105 0 140 153 45 175
45 4 0 105 45 140 153 90 175
46 4 0 105 0 175 153 45 210
47 4 0 105 45 175 153 90 210
48 0 0 108 90 41 209 171 65
49 0 0 209 90 41 310 171 65
50 0 0 108 90 65 209 171 89
51 0 0 209 90 65 310 171 89
52 0 0 108 90 89 209 171 113
53 0 0 209 90 89 310 171 113
54 0 0 108 90 113 209 171 137
55 0 0 209 90 113 310 171 137
56 0 0 108 90 137 209 171 161
57 0 0 209 90 137 310 171 161
58 0 0 108 90 161 209 171 185
59 0 0 209 90 161 310 171 185
60 0 0 108 90 185 209 171 209
61 0 0 209 90 185 310 171 209
62 2 0 108 171 41 199 202 86
63 2 0 199 171 41 290 202 86
64 2 0 290 171 41 381 202 86
65 2 0 381 171 41 472 202 86
66 2 0 472 171 41 563 202 86
67 2 0 108 202 41 199 233 86
68 2 0 199 202 41 290 233 86
69 2 0 290 202 41 381 233 86
70 2 0 381 202 41 472 233 86
71 2 0 472 202 41 563 233 86
72 2 0 108 171 86 199 202 131
73 2 0 199 171 86 290 202 131
74 2 0 290 171 86 381 202 131
75 2 0 381 171 86 472 202 131
76 2 0 472 171 86 563 202 131
77 2 0 108 202 86 199 233 131
78 2 0 199 202 86 290 233 131
79 2 0 290 202 86 381 233 131
80 2 0 381 202 86 472 233 131
81 2 0 472 202 86 563 233 131
82 8 0 108 171 131 188 233 215
83 4 0 153 0 0 201 45 35
84 4 0 153 45 0 201 90 35
85 4 0 153 0 35 188 45 83
86 4 0 153 45 35 188 90 83
87 8 0 188 171 131 272 233 211
88 8 0 272 171 131 356 233 211
89 8 0 356 171 131 440 233 211
90 8 0 440 171 131 524 233 211
91 5 0 153 0 83 204 40 151
92 5 0 153 40 83 204 80 151
93 5 0 153 0 151 204 40 219
94 5 0 153 40 151 204 80 219
95 7 0 204 0 0 251 72 79
96 7 0 251 0 0 298 72 79
97 7 0 298 0 0 345 72 79
98 7 0 345 0 0 392 72 79
99 7 0 392 0 0 439 72 79
100 7 0 439 0 0 486 72 79
101 7 0 486 0 0 533 72 79
102 7 0 533 0 0 580 72 79
103 7 0 204 0 79 251 72 158
104 7 0 251 0 79 298 72 158
105 7 0 298 0 79 345 72 158
106 7 0 345 0 79 392 72 158
107 7 0 392 0 79 439 72 158
108 7 0 439 0 79 486 72 158
109 7 0 486 0 79 533 72 158
110 7 0 533 0 79 580 72 158
111 6 0 204 0 158 281 71 199
112 6 0 281 0 158 358 71 199
113 6 0 358 0 158 435 71 199
114 6 0 435 0 158 512 71 199
115 1 0 512 0 158 584 94 187
116 1 0 512 0 187 584 94 216
117 1 0 310 72 41 382 166 70
118 1 0 310 72 70 382 166 99
119 1 0 310 72 99 382 166 128
120 1 0 310 72 128 382 166 157
121 1 0 310 72 157 382 166 186
122 1 0 310 72 186 382 166 215
123 5 0 382 72 41 422 140 92
124 5 0 422 72 41 462 140 92
125 5 0 462 72 41 502 140 92
126 8 0 382 72 92 462 156 154
127 8 0 382 72 154 462 156 216
128 5 0 462 72 92 502 140 143
129 7 0 462 72 143 509 151 215
130 4 0 509 94 41 544 139 89
131 7 0 509 94 89 556 166 168
132 5 0 509 94 168 549 162 219
133 5 0 524 166 131 575 206 199
