Utilizacion 78.078656 VolCajasEmpacado 79.283654 Duracion[s] 60.044000 Iteraciones 737
0 14 0 0 0 0 75 36 28
1 14 0 0 36 0 75 72 28
2 1 0 0 0 28 24 45 69
3 1 0 0 45 28 24 90 69
4 1 0 0 0 69 24 45 110
5 1 0 0 45 69 24 90 110
6 1 0 0 0 110 24 45 151
7 1 0 0 45 110 24 90 151
8 1 0 0 0 151 24 45 192
9 1 0 0 45 151 24 90 192
10 10 0 24 0 28 66 117 92
11 7 0 0 90 92 74 136 154
12 0 0 0 136 0 49 227 27
13 0 0 49 136 0 98 227 27
14 0 0 98 136 0 147 227 27
15 0 0 147 136 0 196 227 27
16 0 0 196 136 0 245 227 27
17 7 0 0 90 154 74 136 216
18 5 0 0 136 27 49 214 74
19 9 0 24 0 92 70 45 135
20 9 0 24 45 92 70 90 135
21 9 0 24 0 135 70 45 178
22 9 0 24 45 135 70 90 178
23 7 0 0 136 74 74 198 120
24 7 0 0 136 120 74 198 166
25 7 0 0 136 166 74 198 212
26 7 0 74 72 0 148 134 46
27 12 0 74 134 27 110 232 71
28 12 0 75 0 0 173 36 44
29 12 0 75 36 0 173 72 44
30 8 0 70 0 44 166 56 88
31 8 0 70 0 88 166 56 132
32 8 0 70 0 132 166 56 176
33 8 0 70 0 176 166 56 220
34 4 0 74 56 46 182 132 93
35 4 0 74 56 93 182 132 140
36 4 0 74 56 140 182 132 187
37 6 0 74 132 71 122 179 132
38 6 0 74 179 71 122 226 132
39 13 0 74 56 187 174 145 218
40 3 0 74 145 132 124 218 203
41 10 0 124 145 27 241 209 69
42 10 0 124 145 69 241 209 111
43 10 0 124 145 111 241 209 153
44 10 0 124 145 153 241 209 195
45 2 0 173 0 0 281 56 82
46 2 0 173 0 82 281 56 164
47 11 0 166 0 164 269 38 212
48 11 0 182 56 0 285 104 38
49 13 0 182 56 38 282 145 69
50 13 0 182 56 69 282 145 100
51 7 0 182 56 100 244 130 146
52 2 0 182 56 146 290 138 202
53 2 0 245 145 0 353 227 56
54 2 0 245 145 56 353 227 112
55 11 0 241 138 112 344 176 160
56 5 0 241 176 112 290 223 190
57 8 0 290 176 112 386 232 156
58 29 1 124 145 195 169 186 219
59 29 1 169 145 195 214 186 219
60 29 1 214 145 195 259 186 219
61 29 1 124 186 195 169 227 219
62 29 1 169 186 195 214 227 219
63 29 1 214 186 195 259 227 219
64 29 1 259 138 160 300 162 205
65 29 1 259 162 190 304 203 214
66 15 1 281 0 0 389 56 82
67 15 1 281 0 82 389 56 164
68 15 1 290 56 0 372 112 108
69 15 1 372 56 0 454 112 108
70 15 1 454 56 0 536 112 108
71 15 1 290 56 108 372 112 216
72 15 1 372 56 108 454 112 216
73 15 1 454 56 108 536 112 216
74 27 1 290 203 156 365 231 192
75 28 1 304 176 156 395 203 205
76 20 1 304 112 160 378 174 206
77 20 1 378 112 0 452 158 62
78 20 1 452 112 0 526 158 62
79 20 1 378 112 62 452 158 124
80 20 1 452 112 62 526 158 124
81 19 1 378 112 124 439 160 171
82 19 1 378 112 171 439 160 218
83 27 1 386 203 0 461 231 36
84 27 1 386 203 36 461 231 72
85 22 1 439 112 124 484 158 167
86 22 1 439 112 167 484 158 210
87 18 1 484 112 124 531 161 202
88 28 1 386 203 72 477 230 121
89 28 1 386 203 121 477 230 170
90 28 1 386 203 170 477 230 219
91 25 1 389 0 0 487 44 36
92 25 1 389 0 36 487 44 72
93 25 1 389 0 72 487 44 108
94 25 1 389 0 108 487 44 144
95 25 1 389 0 144 487 44 180
96 25 1 389 0 180 487 44 216
97 28 1 269 0 164 360 49 191
98 28 1 269 0 191 360 49 218
99 22 1 395 160 0 440 203 46
100 24 1 440 161 0 543 199 48
101 23 1 395 161 48 512 203 112
102 24 1 395 161 112 498 199 160
103 24 1 395 161 160 498 199 208
104 28 1 477 203 0 568 230 49
105 28 1 477 203 49 568 230 98
106 21 1 487 0 0 583 56 44
107 21 1 487 0 44 583 56 88
108 21 1 487 0 88 583 56 132
109 19 1 487 0 132 548 48 179
110 18 1 531 112 0 578 161 78
111 16 1 531 112 78 581 185 149
112 16 1 531 112 149 581 185 220
113 20 1 512 185 98 586 231 160
114 18 1 498 185 160 576 232 209
115 24 1 548 0 132 586 103 180
116 24 1 536 0 180 584 103 218
