Utilizacion 77.817809 VolCajasEmpacado 78.787197 Duracion[s] 60.021000 Iteraciones 1918
0 3 0 0 0 0 84 78 51
1 3 0 0 0 51 84 78 102
2 3 0 0 0 102 84 78 153
3 3 0 0 0 153 84 78 204
4 4 0 0 78 0 73 136 52
5 4 0 0 78 52 73 136 104
6 4 0 0 78 104 73 136 156
7 4 0 0 78 156 73 136 208
8 1 0 0 136 0 65 193 42
9 1 0 0 136 42 65 193 84
10 5 0 0 136 84 78 226 139
11 5 0 0 136 139 78 226 194
12 4 0 73 78 0 146 130 58
13 3 0 73 78 58 157 129 136
14 0 0 73 78 136 158 136 177
15 0 0 73 78 177 158 136 218
16 6 0 78 136 0 151 209 109
17 6 0 78 136 109 151 209 218
18 7 0 84 0 0 184 44 37
19 2 0 84 0 37 134 69 118
20 7 0 84 0 118 184 37 162
21 7 0 84 0 162 184 37 206
22 14 1 84 37 118 169 78 176
23 15 1 84 37 176 184 74 220
24 13 1 151 136 0 232 186 69
25 13 1 151 136 69 232 186 138
26 13 1 151 136 138 232 186 207
27 15 1 151 186 0 251 230 37
28 8 1 151 186 37 216 228 94
29 15 1 151 186 94 251 230 131
30 8 1 151 186 131 208 228 196
31 8 1 208 186 131 265 228 196
32 10 1 158 78 0 248 133 78
33 13 1 158 78 78 239 128 147
34 13 1 158 78 147 239 128 216
35 12 1 184 0 0 268 78 51
36 12 1 184 0 51 268 78 102
37 11 1 184 0 102 236 73 160
38 14 1 184 0 160 269 41 218
39 13 1 232 133 0 301 183 81
40 13 1 232 133 81 301 183 162
41 9 1 268 41 0 377 114 73
42 9 1 268 41 73 377 114 146
43 9 1 268 41 146 377 114 219
44 21 2 232 128 162 317 169 220
45 20 2 265 183 0 346 233 69
46 16 2 265 183 69 330 225 126
47 22 2 265 183 126 365 220 170
48 22 2 265 183 170 365 220 214
49 21 2 269 0 0 354 41 58
50 21 2 269 0 58 354 41 116
51 22 2 269 0 116 369 37 160
52 20 2 317 114 0 367 183 81
53 20 2 317 114 81 367 183 162
54 16 2 317 114 162 359 179 219
55 16 2 365 183 0 430 225 57
56 16 2 365 183 57 430 225 114
57 18 2 367 114 0 445 169 90
58 19 2 367 114 90 440 172 142
59 23 2 367 114 142 445 198 193
60 23 2 377 0 0 428 78 84
61 23 2 428 0 0 479 78 84
62 23 2 479 0 0 530 78 84
63 23 2 377 0 84 428 78 168
64 23 2 428 0 84 479 78 168
65 23 2 479 0 84 530 78 168
66 18 2 445 78 0 535 156 55
67 18 2 445 78 55 535 156 110
68 18 2 445 78 110 535 156 165
69 17 2 445 156 0 518 229 109
70 17 2 445 156 109 518 229 218
71 24 3 377 0 168 435 73 220
72 27 3 435 0 168 519 78 219
73 26 3 445 78 165 535 156 220
74 29 3 518 156 0 560 221 57
75 28 3 518 156 57 587 206 138
76 28 3 518 156 138 587 206 219
77 26 3 530 0 0 585 78 90
78 26 3 530 0 90 585 78 180
79 27 3 535 78 0 586 156 84
80 29 3 535 78 84 577 135 149
81 29 3 535 78 149 577 135 214
