Utilizacion 82.636863 VolCajasEmpacado 83.494705 Duracion[s] 60.007000 Iteraciones 1412
0 3 0 0 0 0 79 95 47
1 3 0 79 0 0 158 95 47
2 3 0 158 0 0 237 95 47
3 3 0 237 0 0 316 95 47
4 3 0 316 0 0 395 95 47
5 3 0 395 0 0 474 95 47
6 3 0 474 0 0 553 95 47
7 3 0 0 0 47 79 95 94
8 3 0 79 0 47 158 95 94
9 3 0 158 0 47 237 95 94
10 3 0 237 0 47 316 95 94
11 3 0 316 0 47 395 95 94
12 3 0 395 0 47 474 95 94
13 3 0 474 0 47 553 95 94
14 4 0 0 0 94 48 49 153
15 4 0 0 0 153 48 49 212
16 4 0 0 95 0 59 143 49
17 4 0 0 143 0 59 191 49
18 4 0 0 95 49 59 143 98
19 4 0 0 143 49 59 191 98
20 4 0 0 95 98 59 143 147
21 4 0 0 143 98 59 191 147
22 4 0 0 95 147 59 143 196
23 4 0 0 143 147 59 191 196
24 1 0 0 191 0 95 229 58
25 1 0 95 191 0 190 229 58
26 1 0 190 191 0 285 229 58
27 1 0 285 191 0 380 229 58
28 1 0 380 191 0 475 229 58
29 1 0 475 191 0 570 229 58
30 1 0 0 191 58 95 229 116
31 1 0 0 191 116 95 229 174
32 0 0 0 191 174 72 218 220
33 2 0 0 49 94 79 95 157
34 0 0 0 49 157 72 95 184
35 0 0 0 49 184 72 95 211
36 2 0 48 0 94 111 46 173
37 0 0 48 0 173 120 46 200
38 1 0 59 95 0 117 190 38
39 1 0 59 95 38 117 190 76
40 1 0 59 95 76 117 190 114
41 1 0 59 95 114 117 190 152
42 1 0 59 95 152 117 190 190
43 0 0 59 95 190 131 141 217
44 0 0 59 141 190 131 187 217
45 2 0 79 46 94 158 92 157
46 1 0 95 190 58 190 228 116
47 1 0 120 0 157 158 95 215
48 0 0 95 190 116 167 217 162
49 0 0 95 190 162 167 217 208
50 2 0 131 95 0 194 174 46
51 2 0 131 95 46 194 174 92
52 2 0 131 95 92 194 174 138
53 2 0 131 95 138 194 174 184
54 0 0 131 95 184 203 141 211
55 0 0 131 141 184 203 187 211
56 2 0 158 0 94 237 46 157
57 2 0 158 46 94 237 92 157
58 2 0 158 0 157 204 79 220
59 2 0 204 0 157 250 79 220
60 2 0 250 0 94 296 79 157
61 2 0 250 0 157 296 79 220
62 2 0 190 187 58 269 233 121
63 5 1 167 187 121 239 233 148
64 5 1 167 187 148 239 233 175
65 5 1 167 187 175 239 233 202
66 7 1 203 95 0 266 141 79
67 7 1 266 95 0 329 141 79
68 7 1 329 95 0 392 141 79
69 7 1 392 95 0 455 141 79
70 7 1 455 95 0 518 141 79
71 7 1 518 95 0 581 141 79
72 7 1 203 141 0 266 187 79
73 7 1 266 141 0 329 187 79
74 7 1 329 141 0 392 187 79
75 7 1 392 141 0 455 187 79
76 7 1 455 141 0 518 187 79
77 7 1 518 141 0 581 187 79
78 5 1 203 95 79 249 167 106
79 6 1 203 92 106 241 187 164
80 5 1 203 79 164 275 106 210
81 5 1 203 106 164 275 133 210
82 5 1 203 133 164 275 160 210
83 5 1 203 160 164 275 187 210
84 5 1 269 187 58 341 233 85
85 5 1 341 187 58 413 233 85
86 5 1 413 187 58 485 233 85
87 5 1 485 187 58 557 233 85
88 5 1 269 187 85 341 233 112
89 5 1 341 187 85 413 233 112
90 5 1 413 187 85 485 233 112
91 5 1 485 187 85 557 233 112
92 7 1 269 187 112 348 233 175
93 7 1 348 187 112 427 233 175
94 5 1 239 187 175 311 233 202
95 5 1 275 79 94 347 106 140
96 8 1 275 106 79 370 185 126
97 8 1 370 106 79 465 185 126
98 8 1 465 106 79 560 185 126
99 8 1 275 106 126 370 185 173
100 8 1 370 106 126 465 185 173
101 8 1 465 106 126 560 185 173
102 8 1 275 106 173 370 185 220
103 8 1 370 106 173 465 185 220
104 8 1 465 106 173 560 185 220
105 5 1 275 79 140 347 106 186
106 8 1 296 0 94 391 79 141
107 8 1 296 0 141 391 79 188
108 6 1 391 0 94 486 38 152
109 6 1 486 0 94 581 38 152
110 6 1 391 38 94 486 76 152
111 6 1 486 38 94 581 76 152
112 6 1 391 0 152 486 38 210
113 6 1 486 0 152 581 38 210
114 6 1 391 38 152 486 76 210
115 6 1 486 38 152 581 76 210
116 8 1 427 185 112 522 232 191
117 9 1 522 185 112 571 233 171
118 9 1 522 185 171 581 233 220
