Utilizacion 77.820235 VolCajasEmpacado 79.725739 Duracion[s] 60.073000 Iteraciones 891
0 2 0 0 0 0 69 75 73
1 2 0 0 75 0 69 150 73
2 2 0 0 150 0 69 225 73
3 0 0 0 0 73 33 73 101
4 0 0 33 0 73 66 73 101
5 0 0 0 73 73 33 146 101
6 0 0 33 73 73 66 146 101
7 0 0 0 146 73 33 219 101
8 0 0 33 146 73 66 219 101
9 3 0 0 0 101 71 116 167
10 3 0 0 116 101 66 187 217
11 11 0 0 187 101 54 232 129
12 7 0 0 0 167 63 44 220
13 7 0 0 44 167 63 88 220
14 0 0 0 187 129 73 220 157
15 0 0 0 187 157 73 220 185
16 0 0 0 187 185 73 220 213
17 11 0 0 88 167 54 116 212
18 9 0 69 116 0 125 182 40
19 9 0 125 116 0 181 182 40
20 9 0 181 116 0 237 182 40
21 9 0 237 116 0 293 182 40
22 9 0 293 116 0 349 182 40
23 9 0 349 116 0 405 182 40
24 9 0 405 116 0 461 182 40
25 11 0 69 116 40 97 170 85
26 11 0 69 116 85 97 170 130
27 11 0 69 116 130 97 170 175
28 11 0 69 116 175 97 170 220
29 5 0 71 0 0 152 56 107
30 5 0 71 0 107 152 56 214
31 4 0 71 56 0 147 116 91
32 4 0 147 56 0 223 116 91
33 4 0 71 56 91 147 116 182
34 4 0 147 56 91 223 116 182
35 0 0 54 88 182 127 116 215
36 0 0 63 56 182 136 84 215
37 0 0 136 56 182 209 84 215
38 6 0 73 182 0 161 232 75
39 10 0 73 170 75 163 222 103
40 10 0 73 170 103 163 222 131
41 10 0 73 170 131 163 222 159
42 10 0 73 170 159 163 222 187
43 10 0 73 170 187 163 222 215
44 7 0 97 116 40 160 169 84
45 0 0 127 84 182 200 117 210
46 6 0 97 117 84 185 167 159
47 8 0 97 117 159 161 168 200
48 10 0 152 0 0 242 28 52
49 10 0 152 28 0 242 56 52
50 5 0 152 0 52 259 56 133
51 8 0 163 117 159 204 181 210
52 5 0 152 0 133 259 56 214
53 0 0 209 56 182 237 129 215
54 10 0 204 129 40 256 219 68
55 6 0 163 181 68 251 231 143
56 6 0 163 181 143 251 231 218
57 8 0 204 129 68 268 170 119
58 8 0 204 129 119 268 180 160
59 8 0 204 129 160 268 180 201
60 4 0 237 56 0 313 116 91
61 8 0 237 56 91 288 120 132
62 6 0 237 56 132 325 106 207
63 6 0 256 182 0 344 232 75
64 1 0 313 106 40 392 182 60
65 1 0 313 106 60 392 182 80
66 1 0 313 106 80 392 182 100
67 19 1 251 182 75 307 222 141
68 19 1 251 182 141 307 222 207
69 14 1 268 120 100 359 180 176
70 21 1 259 0 0 287 45 54
71 21 1 259 0 54 287 45 108
72 21 1 259 0 108 287 45 162
73 17 1 268 106 176 321 169 220
74 17 1 321 106 176 374 169 220
75 19 1 287 0 0 353 56 40
76 19 1 287 0 40 353 56 80
77 19 1 287 0 80 353 56 120
78 15 1 287 0 120 394 56 201
79 18 1 307 182 75 348 233 139
80 18 1 307 182 139 348 233 203
81 16 1 325 56 0 413 106 75
82 16 1 325 56 75 413 106 150
83 22 1 325 56 150 398 84 183
84 22 1 325 56 183 398 84 216
85 18 1 374 84 150 438 125 201
86 18 1 348 182 0 389 233 64
87 18 1 348 182 64 389 233 128
88 18 1 348 182 128 389 233 192
89 18 1 389 182 0 453 233 41
90 16 1 389 182 41 464 232 129
91 15 1 392 125 40 499 181 121
92 15 1 374 125 121 481 181 202
93 20 1 389 181 129 479 233 157
94 20 1 389 181 157 479 233 185
95 20 1 389 181 185 479 233 213
96 15 1 394 0 0 475 56 107
97 15 1 394 0 107 501 56 188
98 20 1 394 0 188 484 52 216
99 20 1 413 56 0 503 84 52
100 20 1 413 56 52 503 84 104
101 20 1 413 56 104 503 84 156
102 18 1 438 56 156 489 97 220
103 16 1 479 181 0 567 231 75
104 16 1 479 181 75 567 231 150
105 17 1 479 181 150 542 225 203
106 14 1 499 84 0 559 175 76
107 14 1 499 84 76 559 175 152
108 23 1 481 97 152 557 176 172
109 23 1 481 97 172 557 176 192
110 23 1 481 97 192 557 176 212
111 15 1 501 0 0 582 56 107
112 15 1 501 0 107 582 56 214
