Utilizacion 69.625057 VolCajasEmpacado 70.340340 Duracion[s] 60.006000 Iteraciones 2560
0 7 0 0 0 0 90 74 58
1 7 0 0 74 0 90 148 58
2 7 0 0 148 0 90 222 58
3 3 0 0 0 58 96 45 124
4 3 0 0 0 124 96 45 190
5 1 0 0 45 58 37 155 101
6 1 0 0 45 101 37 155 144
7 1 0 0 45 144 37 155 187
8 5 0 0 155 58 50 228 154
9 6 0 0 155 154 51 230 220
10 2 0 37 45 58 82 104 115
11 0 0 37 45 115 122 80 176
12 9 0 37 45 176 151 98 211
13 0 0 37 104 58 122 139 119
14 2 0 37 98 119 96 155 164
15 4 0 51 98 164 123 159 212
16 8 0 90 159 0 169 217 98
17 17 1 51 159 98 140 193 159
18 17 1 51 159 159 140 193 220
19 15 1 51 193 98 161 230 141
20 16 1 51 193 141 165 228 194
21 10 1 96 0 0 147 34 55
22 18 1 96 0 55 131 31 96
23 18 1 96 0 96 137 35 127
24 18 1 96 0 127 137 35 158
25 10 1 96 0 158 147 34 213
26 14 1 123 98 0 195 159 48
27 12 1 123 98 48 202 156 146
28 13 1 123 98 146 219 148 219
29 11 1 151 0 0 250 64 62
30 19 1 151 0 62 249 73 83
31 19 1 151 0 83 224 98 104
32 24 2 147 0 104 257 43 141
33 24 2 147 0 141 257 43 178
34 24 2 147 0 178 257 43 215
35 25 2 151 43 104 236 78 165
36 20 2 151 43 165 253 89 197
37 27 2 169 159 0 230 231 48
38 25 2 202 148 48 237 233 109
39 21 2 165 156 109 254 233 195
40 26 2 140 148 195 238 221 216
41 23 2 224 89 0 322 147 79
42 23 2 224 89 79 322 147 158
43 22 2 238 89 158 337 153 220
44 26 2 254 153 0 352 226 21
45 28 3 254 153 21 364 190 64
46 28 3 254 190 21 364 227 64
47 32 3 254 153 64 350 219 109
48 32 3 254 153 109 350 219 154
49 37 3 253 43 0 284 78 41
50 30 3 254 153 154 344 227 212
51 35 3 257 0 41 291 89 102
52 35 3 257 0 102 291 89 163
53 33 3 257 0 163 318 85 198
54 31 3 318 0 0 391 50 96
55 31 3 318 0 96 391 50 192
56 34 3 318 50 0 432 85 53
57 36 3 318 50 53 420 82 99
58 29 3 337 50 99 416 108 197
59 46 4 257 0 198 362 27 220
60 42 4 337 108 0 447 151 37
61 45 4 337 108 37 372 139 78
62 39 4 372 108 37 446 166 127
63 39 4 372 108 127 446 166 217
64 40 4 364 166 0 425 213 55
65 40 4 425 166 0 486 213 55
66 44 4 364 166 55 466 198 101
67 38 4 350 166 101 449 228 165
68 43 4 344 166 165 455 211 198
69 41 4 391 0 0 487 45 66
70 44 4 391 0 66 493 46 98
71 47 4 391 0 98 505 35 151
72 47 4 391 0 151 505 35 204
73 50 5 432 46 0 531 108 64
74 52 5 420 46 64 505 81 125
75 51 5 416 35 125 475 92 170
76 55 5 416 35 170 518 67 216
77 48 5 416 67 170 526 104 213
78 48 5 447 108 0 557 151 37
79 49 5 486 151 0 572 228 89
80 53 5 446 108 37 560 143 90
81 54 5 446 104 90 535 165 124
82 59 6 446 104 124 519 154 220
83 62 6 455 198 89 569 233 142
84 65 6 466 165 89 568 197 135
85 56 6 455 154 135 490 195 166
86 64 6 455 154 166 489 209 217
87 56 6 489 195 142 520 230 183
88 63 6 490 154 135 579 188 196
89 61 6 518 0 0 577 45 57
90 60 6 531 0 57 586 47 118
91 57 6 518 0 118 582 62 217
