Utilizacion 73.440898 VolCajasEmpacado 74.188751 Duracion[s] 60.049000 Iteraciones 1637
0 2 0 0 0 0 91 57 58
1 2 0 0 57 0 91 114 58
2 10 0 0 0 58 28 112 106
3 10 0 0 0 106 28 112 154
4 10 0 0 0 154 28 112 202
5 7 0 28 0 58 66 81 100
6 7 0 66 0 58 104 81 100
7 11 0 0 114 0 41 142 40
8 11 0 0 142 0 41 170 40
9 11 0 0 170 0 41 198 40
10 11 0 0 198 0 41 226 40
11 6 0 0 114 40 39 200 99
12 6 0 0 114 99 39 200 158
13 6 0 0 114 158 39 200 217
14 0 0 0 200 40 78 226 87
15 9 0 0 200 87 47 232 144
16 11 0 0 200 144 40 228 185
17 4 0 28 0 100 69 61 173
18 4 0 69 0 100 110 61 173
19 6 0 28 61 100 114 100 159
20 6 0 28 61 159 114 100 218
21 1 0 41 114 0 126 194 25
22 1 0 126 114 0 211 194 25
23 1 0 211 114 0 296 194 25
24 1 0 296 114 0 381 194 25
25 5 0 41 114 25 132 181 65
26 5 0 39 100 65 106 191 105
27 8 0 39 100 105 102 198 141
28 3 0 39 100 141 92 192 219
29 18 1 28 0 173 82 40 220
30 12 1 47 198 87 104 230 134
31 22 1 47 198 134 159 226 182
32 23 1 40 192 182 80 233 210
33 18 1 82 0 173 122 54 220
34 20 1 106 100 65 144 181 107
35 20 1 106 100 107 144 181 149
36 21 1 92 100 149 155 198 185
37 22 1 92 100 185 140 212 213
38 19 1 114 54 0 200 93 59
39 19 1 114 54 59 200 93 118
40 17 1 114 54 118 205 94 185
41 22 1 122 0 0 234 48 28
42 15 1 122 0 28 211 54 114
43 16 1 122 0 114 200 53 206
44 24 1 122 53 185 200 100 211
45 16 1 155 100 25 247 178 78
46 21 1 155 100 78 218 198 114
47 21 1 155 100 114 218 198 150
48 21 1 155 100 150 218 198 186
49 25 1 140 100 186 225 180 211
50 21 1 205 54 0 303 90 63
51 17 1 205 54 63 296 94 130
52 17 1 205 54 130 296 94 197
53 17 1 225 94 78 265 185 145
54 14 1 225 94 145 282 185 203
55 15 1 234 0 0 323 54 86
56 15 1 234 0 86 323 54 172
57 13 1 282 94 25 350 188 143
58 16 1 282 94 143 374 172 196
59 32 2 200 0 172 312 28 220
60 33 2 159 198 0 199 226 41
61 33 2 199 198 0 239 226 41
62 33 2 239 198 0 279 226 41
63 34 2 200 28 172 278 54 219
64 32 2 159 198 41 271 226 89
65 30 2 218 188 89 279 229 162
66 36 2 218 185 162 272 232 202
67 36 2 296 28 172 350 68 219
68 26 2 279 194 0 365 233 59
69 26 2 279 194 59 365 233 118
70 26 2 279 194 118 365 233 177
71 36 2 272 185 177 326 232 217
72 36 2 326 185 177 380 232 217
73 31 2 350 0 0 417 91 40
74 31 2 417 0 0 484 91 40
75 31 2 484 0 0 551 91 40
76 27 2 350 0 40 468 94 108
77 29 2 350 0 108 428 92 161
78 36 2 350 0 161 390 47 215
79 36 2 350 47 161 390 94 215
80 28 2 381 94 0 435 183 86
81 35 2 374 94 86 454 179 111
82 27 2 374 94 111 492 162 205
83 27 2 468 0 40 586 94 108
84 48 3 380 194 0 461 232 42
85 41 3 390 0 161 444 40 208
86 41 3 390 40 161 444 80 208
87 42 3 380 183 42 466 222 101
88 46 3 380 179 101 458 205 148
89 46 3 380 205 101 458 231 148
90 45 3 380 162 148 421 202 176
91 45 3 380 162 176 421 202 204
92 45 3 380 202 148 420 230 189
93 44 3 421 162 148 453 209 205
94 38 3 444 0 108 501 91 166
95 38 3 501 0 108 558 91 166
96 39 3 444 0 166 530 89 220
97 40 3 466 162 0 557 229 40
98 39 3 466 162 40 552 216 129
99 39 3 466 162 129 552 216 218
100 37 3 492 94 0 584 147 78
101 37 3 492 94 78 584 147 156
102 48 3 492 91 156 573 133 194
103 46 3 492 89 194 570 136 220
104 48 3 530 0 166 572 81 204
