Utilizacion 69.744301 VolCajasEmpacado 70.460809 Duracion[s] 60.003000 Iteraciones 2392
0 7 0 0 0 0 58 74 90
1 7 0 0 74 0 58 148 90
2 7 0 0 148 0 58 222 90
3 1 0 0 0 90 37 110 133
4 1 0 0 0 133 37 110 176
5 1 0 0 0 176 37 110 219
6 0 0 0 110 90 85 145 151
7 0 0 0 110 151 85 145 212
8 4 0 0 145 90 72 206 138
9 6 0 0 145 138 66 196 213
10 2 0 58 0 0 117 57 45
11 2 0 58 0 45 117 57 90
12 5 0 85 0 90 135 73 186
13 3 0 37 0 90 82 96 156
14 8 0 72 145 0 130 224 98
15 3 0 72 145 98 168 190 164
16 9 0 66 145 164 180 180 217
17 18 1 37 73 156 78 108 187
18 19 1 37 0 186 135 73 207
19 18 1 37 73 187 78 108 218
20 10 1 72 190 98 127 224 149
21 10 1 72 190 149 127 224 200
22 18 1 82 73 0 123 108 31
23 17 1 85 108 0 174 142 61
24 14 1 85 73 61 133 145 122
25 17 1 82 73 122 171 107 183
26 15 1 85 73 183 195 116 220
27 16 1 130 190 0 244 225 53
28 13 1 135 0 0 231 73 50
29 19 1 135 0 50 233 73 71
30 12 1 135 0 71 214 58 169
31 11 1 180 116 0 279 180 62
32 24 2 130 190 53 240 227 96
33 24 2 130 190 96 240 227 139
34 24 2 130 190 139 240 227 182
35 20 2 127 180 182 229 226 214
36 26 2 135 0 169 233 73 190
37 26 2 135 0 190 233 73 211
38 22 2 180 116 62 279 180 124
39 25 2 180 116 124 265 177 159
40 25 2 180 116 159 265 177 194
41 23 2 233 0 0 312 58 98
42 23 2 233 58 0 312 116 98
43 21 2 233 0 98 310 89 184
44 27 2 244 180 0 316 228 61
45 33 3 233 0 184 294 85 219
46 31 3 240 180 61 313 230 157
47 35 3 240 177 157 329 211 218
48 37 3 294 0 184 325 41 219
49 35 3 279 116 0 368 177 34
50 30 3 279 116 34 353 174 124
51 31 3 312 41 0 362 114 96
52 32 3 312 41 96 408 107 141
53 32 3 312 41 141 408 107 186
54 29 3 265 107 124 363 165 203
55 36 3 294 41 186 396 87 218
56 28 3 325 0 0 435 37 43
57 28 3 325 0 43 435 37 86
58 34 3 325 0 86 439 35 139
59 45 4 363 87 186 404 122 217
60 46 4 240 211 157 345 233 184
61 42 4 325 0 139 435 37 182
62 44 4 329 177 0 431 209 46
63 44 4 329 177 46 431 209 92
64 43 4 329 174 92 440 207 137
65 41 4 329 165 137 425 210 203
66 47 4 368 122 0 482 157 53
67 47 4 368 122 53 482 157 106
68 39 4 404 107 106 494 165 180
69 38 4 408 37 0 470 101 99
70 40 4 408 37 99 463 98 146
71 40 4 408 37 146 455 92 207
72 39 4 440 165 0 530 223 74
73 48 5 363 122 180 473 165 217
74 52 5 440 165 74 525 226 109
75 48 5 439 0 0 549 37 43
76 50 5 440 165 109 539 227 173
77 51 5 425 165 173 482 224 218
78 55 5 482 165 173 584 197 219
79 54 5 439 0 43 528 34 104
80 53 5 439 0 104 553 35 157
81 49 5 494 37 0 580 126 77
82 56 6 325 0 182 366 35 213
83 56 6 366 0 182 407 31 217
84 62 6 435 0 157 549 35 210
85 65 6 482 197 173 584 229 219
86 57 6 470 35 77 569 99 139
87 58 6 463 35 139 553 93 213
88 64 6 494 99 77 549 150 111
89 63 6 494 99 111 583 160 145
90 60 6 494 93 145 541 154 200
91 61 6 541 93 145 586 152 202
