Utilizacion 83.275508 VolCajasEmpacado 84.031257 Duracion[s] 60.074000 Iteraciones 1016
0 6 0 0 0 0 71 52 61
1 6 0 71 0 0 142 52 61
2 6 0 0 0 61 71 52 122
3 6 0 71 0 61 142 52 122
4 6 0 0 0 122 71 52 183
5 6 0 71 0 122 142 52 183
6 5 0 0 52 0 69 115 46
7 5 0 0 115 0 69 178 46
8 5 0 0 52 46 69 115 92
9 5 0 0 115 46 69 178 92
10 5 0 0 52 92 69 115 138
11 5 0 0 115 92 69 178 138
12 2 0 0 0 183 70 54 220
13 2 0 70 0 183 140 54 220
14 2 0 0 54 138 70 108 175
15 2 0 0 54 175 70 108 212
16 7 0 0 108 138 72 175 194
17 2 0 0 178 0 37 232 70
18 2 0 0 178 70 70 232 107
19 3 0 0 178 107 78 218 180
20 2 0 0 175 180 70 229 217
21 2 0 70 54 0 107 108 70
22 2 0 107 54 0 144 108 70
23 2 0 144 54 0 181 108 70
24 2 0 70 54 70 107 108 140
25 2 0 107 54 70 144 108 140
26 2 0 144 54 70 181 108 140
27 2 0 70 54 140 107 108 210
28 2 0 107 54 140 144 108 210
29 2 0 144 54 140 181 108 210
30 7 0 72 108 0 144 175 56
31 7 0 72 108 56 144 175 112
32 7 0 72 108 112 144 175 168
33 6 0 72 108 168 143 169 220
34 7 0 78 175 0 150 231 67
35 7 0 78 175 67 150 231 134
36 7 0 78 175 134 150 231 201
37 3 0 142 0 0 220 40 73
38 3 0 220 0 0 298 40 73
39 3 0 142 0 73 220 40 146
40 3 0 220 0 73 298 40 146
41 3 0 142 0 146 220 40 219
42 3 0 220 0 146 298 40 219
43 4 0 144 108 0 230 153 84
44 4 0 144 108 84 230 153 168
45 0 0 150 108 168 231 153 202
46 1 0 150 153 0 225 228 36
47 0 0 150 153 36 231 187 81
48 0 0 150 187 36 231 232 70
49 0 0 150 187 70 231 232 104
50 0 0 150 187 104 231 232 138
51 0 0 150 187 138 231 232 172
52 0 0 150 187 172 231 232 206
53 0 0 150 153 81 231 187 126
54 0 0 150 153 126 231 187 171
55 0 0 150 153 171 231 187 216
56 0 0 181 40 0 262 85 34
57 4 0 181 40 34 265 85 120
58 4 0 181 40 120 265 85 206
59 4 0 231 85 0 315 130 86
60 4 0 231 130 0 315 175 86
61 4 0 231 175 0 315 220 86
62 4 0 231 85 86 315 130 172
63 4 0 231 130 86 315 175 172
64 4 0 231 175 86 315 220 172
65 4 0 231 85 172 317 169 217
66 0 0 231 169 172 312 203 217
67 4 0 265 40 0 349 85 86
68 4 0 265 40 86 351 85 170
69 1 0 317 85 0 392 160 36
70 1 0 317 85 36 392 160 72
71 1 0 317 85 72 392 160 108
72 1 0 317 85 108 392 160 144
73 1 0 317 85 144 392 160 180
74 1 0 317 85 180 392 160 216
75 8 1 265 40 170 346 85 204
76 11 1 298 0 0 376 40 73
77 11 1 376 0 0 454 40 73
78 11 1 454 0 0 532 40 73
79 11 1 298 0 73 376 40 146
80 11 1 376 0 73 454 40 146
81 11 1 454 0 73 532 40 146
82 11 1 298 0 146 376 40 219
83 11 1 376 0 146 454 40 219
84 11 1 454 0 146 532 40 219
85 14 1 315 169 0 386 230 52
86 14 1 315 169 52 367 230 123
87 14 1 315 169 123 367 230 194
88 10 1 367 160 52 404 230 106
89 10 1 367 160 106 404 230 160
90 10 1 367 160 160 404 230 214
91 10 1 351 40 0 421 77 54
92 10 1 421 40 0 491 77 54
93 10 1 491 40 0 561 77 54
94 12 1 351 40 54 437 85 138
95 8 1 351 40 138 432 85 172
96 8 1 351 40 172 432 85 206
97 14 1 392 85 0 463 146 52
98 14 1 392 85 52 463 146 104
99 15 1 392 85 104 448 157 171
100 9 1 392 85 171 467 160 207
101 12 1 437 40 54 521 85 140
102 11 1 404 160 0 444 233 78
103 11 1 404 160 78 444 233 156
104 13 1 404 160 156 450 229 219
105 8 1 432 40 140 513 85 174
106 8 1 432 40 174 513 85 208
107 15 1 450 160 0 506 232 67
108 15 1 450 160 67 506 232 134
109 15 1 450 160 134 506 232 201
110 15 1 467 85 0 539 152 56
111 15 1 467 85 56 539 152 112
112 13 1 467 85 112 530 154 158
113 13 1 467 85 158 530 154 204
114 13 1 506 154 0 569 223 46
115 13 1 506 154 46 569 223 92
116 13 1 506 154 92 569 223 138
117 13 1 506 154 138 569 223 184
118 8 1 506 154 184 587 199 218
119 10 1 521 40 54 575 77 124
120 13 1 530 40 124 576 103 193
