Utilizacion 86.215206 VolCajasEmpacado 87.518424 Duracion[s] 60.019000 Iteraciones 1042
0 5 0 0 0 0 96 50 73
1 5 0 0 50 0 96 100 73
2 5 0 0 100 0 96 150 73
3 5 0 0 150 0 96 200 73
4 5 0 0 0 73 96 50 146
5 5 0 0 50 73 96 100 146
6 5 0 0 100 73 96 150 146
7 5 0 0 150 73 96 200 146
8 5 0 0 0 146 96 50 219
9 5 0 0 50 146 96 100 219
10 5 0 0 100 146 96 150 219
11 5 0 0 150 146 96 200 219
12 0 0 0 200 0 105 222 27
13 0 0 0 200 27 105 222 54
14 0 0 0 200 54 105 222 81
15 0 0 0 200 81 105 222 108
16 0 0 0 200 108 105 222 135
17 0 0 0 200 135 105 222 162
18 0 0 0 200 162 105 222 189
19 0 0 0 200 189 105 222 216
20 1 0 96 0 0 198 46 32
21 1 0 96 46 0 198 92 32
22 1 0 96 92 0 198 138 32
23 1 0 96 0 32 198 46 64
24 1 0 96 46 32 198 92 64
25 1 0 96 92 32 198 138 64
26 1 0 96 0 64 198 46 96
27 1 0 96 46 64 198 92 96
28 1 0 96 92 64 198 138 96
29 1 0 96 0 96 198 46 128
30 1 0 96 46 96 198 92 128
31 1 0 96 92 96 198 138 128
32 1 0 96 0 128 198 46 160
33 1 0 96 46 128 198 92 160
34 1 0 96 92 128 198 138 160
35 1 0 96 0 160 198 46 192
36 1 0 96 46 160 198 92 192
37 1 0 96 92 160 198 138 192
38 0 0 96 0 192 201 27 214
39 0 0 96 27 192 201 54 214
40 0 0 96 54 192 201 81 214
41 0 0 96 81 192 201 108 214
42 0 0 96 108 192 201 135 214
43 6 0 96 138 0 162 189 75
44 6 0 96 138 75 162 189 150
45 6 0 96 138 150 171 189 216
46 0 0 105 189 0 210 211 27
47 0 0 105 211 0 210 233 27
48 0 0 105 189 27 210 211 54
49 0 0 105 211 27 210 233 54
50 3 0 105 189 54 215 226 97
51 3 0 105 189 97 215 226 140
52 3 0 105 189 140 215 226 183
53 3 0 105 189 183 215 232 220
54 5 0 171 138 0 244 188 96
55 6 0 171 138 96 237 189 171
56 3 0 171 138 171 281 175 214
57 7 0 201 0 0 265 62 99
58 7 0 265 0 0 329 62 99
59 7 0 329 0 0 393 62 99
60 7 0 393 0 0 457 62 99
61 7 0 457 0 0 521 62 99
62 7 0 201 62 0 265 124 99
63 7 0 265 62 0 329 124 99
64 7 0 329 62 0 393 124 99
65 7 0 393 62 0 457 124 99
66 7 0 457 62 0 521 124 99
67 7 0 201 0 99 265 62 198
68 7 0 265 0 99 329 62 198
69 7 0 329 0 99 393 62 198
70 7 0 393 0 99 457 62 198
71 7 0 457 0 99 521 62 198
72 7 0 201 62 99 265 124 198
73 7 0 265 62 99 329 124 198
74 7 0 329 62 99 393 124 198
75 7 0 393 62 99 457 124 198
76 7 0 457 62 99 521 124 198
77 0 0 201 0 198 228 105 220
78 1 0 215 189 0 317 221 46
79 3 0 215 189 46 325 226 89
80 3 0 215 189 89 325 226 132
81 3 0 215 189 132 325 226 175
82 3 0 215 189 175 325 226 218
83 2 0 281 124 0 395 159 53
84 2 0 281 124 53 395 159 106
85 2 0 281 124 106 395 159 159
86 2 0 281 124 159 395 159 212
87 4 0 325 159 0 386 207 72
88 4 0 325 159 72 386 207 144
89 4 0 325 159 144 386 207 216
90 6 0 386 159 0 461 225 51
91 6 0 461 159 0 536 225 51
92 6 0 386 159 51 461 225 102
93 6 0 461 159 51 536 225 102
94 6 0 386 159 102 461 225 153
95 6 0 461 159 102 536 225 153
96 6 0 386 159 153 461 225 204
97 6 0 461 159 153 536 225 204
98 2 0 395 124 0 509 159 53
99 2 0 395 124 53 509 159 106
100 2 0 395 124 106 509 159 159
101 2 0 395 124 159 509 159 212
102 7 0 521 0 0 585 99 62
103 4 0 521 0 62 582 48 134
104 4 0 521 48 62 582 96 134
105 4 0 521 0 134 582 48 206
106 4 0 521 48 134 582 96 206
107 6 0 521 99 0 587 150 75
108 4 0 521 96 75 569 157 147
109 4 0 521 96 147 569 157 219
110 4 0 536 157 0 584 229 61
111 6 0 536 157 61 587 223 136
112 6 0 536 157 136 587 223 211
