Utilizacion 82.931017 VolCajasEmpacado 84.507528 Duracion[s] 60.037000 Iteraciones 677
0 1 0 0 0 0 79 69 86
1 1 0 0 69 0 79 138 86
2 1 0 0 138 0 79 207 86
3 1 0 0 0 86 79 69 172
4 1 0 0 69 86 79 138 172
5 1 0 0 138 86 79 207 172
6 10 0 0 0 172 67 72 194
7 10 0 0 72 172 67 144 194
8 10 0 0 0 194 67 72 216
9 10 0 0 72 194 67 144 216
10 15 0 0 144 172 36 181 220
11 15 0 36 144 172 72 181 220
12 15 0 0 181 172 36 218 220
13 15 0 36 181 172 72 218 220
14 3 0 79 0 0 140 88 71
15 3 0 79 88 0 140 176 71
16 3 0 79 0 71 140 88 142
17 3 0 79 88 71 140 176 142
18 3 0 79 0 142 140 88 213
19 3 0 79 88 142 140 176 213
20 8 0 79 176 0 198 231 54
21 8 0 79 176 54 198 231 108
22 8 0 79 176 108 198 231 162
23 8 0 79 176 162 198 231 216
24 5 0 140 0 0 199 68 109
25 5 0 199 0 0 258 68 109
26 5 0 140 68 0 199 136 109
27 5 0 199 68 0 258 136 109
28 5 0 140 0 109 199 68 218
29 5 0 199 0 109 258 68 218
30 5 0 140 68 109 199 136 218
31 5 0 199 68 109 258 136 218
32 15 0 140 136 0 177 172 48
33 15 0 140 136 48 177 172 96
34 15 0 140 136 96 177 172 144
35 14 0 140 136 144 209 172 201
36 4 0 198 172 0 270 233 69
37 14 0 198 172 69 267 229 105
38 3 0 198 172 105 286 233 176
39 14 0 198 172 176 267 229 212
40 18 0 209 136 0 255 167 53
41 18 0 209 136 53 255 167 106
42 18 0 209 136 106 255 167 159
43 14 0 209 136 159 278 172 216
44 11 0 258 0 0 309 43 68
45 11 0 258 43 0 309 86 68
46 11 0 258 86 0 309 129 68
47 6 0 258 0 68 325 54 143
48 6 0 258 0 143 325 54 218
49 6 0 258 54 68 312 121 143
50 6 0 258 54 143 312 121 218
51 11 0 278 129 0 346 172 51
52 13 0 278 129 51 374 166 102
53 13 0 278 129 102 374 166 153
54 13 0 278 129 153 374 166 204
55 7 0 286 172 0 340 229 78
56 7 0 340 172 0 394 229 78
57 7 0 394 172 0 448 229 78
58 7 0 448 172 0 502 229 78
59 7 0 286 172 78 340 229 156
60 7 0 340 172 78 394 229 156
61 7 0 394 172 78 448 229 156
62 7 0 448 172 78 502 229 156
63 6 0 286 166 156 361 233 210
64 6 0 361 166 156 436 233 210
65 6 0 436 166 156 511 233 210
66 4 0 312 54 0 373 126 69
67 4 0 312 54 69 373 126 138
68 4 0 312 54 138 373 126 207
69 9 0 325 0 0 443 53 71
70 9 0 443 0 0 561 53 71
71 9 0 325 0 71 443 53 142
72 9 0 443 0 71 561 53 142
73 9 0 325 0 142 443 53 213
74 4 0 443 0 142 504 69 214
75 2 0 373 53 0 443 122 104
76 2 0 373 53 104 443 122 208
77 13 0 374 122 0 470 159 51
78 13 0 374 122 51 470 159 102
79 2 0 470 69 0 574 138 70
80 2 0 470 69 70 574 138 140
81 2 0 470 69 140 574 138 210
82 6 0 504 0 142 579 54 209
83 17 0 511 138 0 583 212 33
84 17 0 511 138 33 583 212 66
85 17 0 511 138 66 583 212 99
86 17 0 511 138 99 583 212 132
87 17 0 511 138 132 583 212 165
88 17 0 511 138 165 583 212 198
