Utilizacion 79.004820 VolCajasEmpacado 80.264668 Duracion[s] 60.007000 Iteraciones 1491
0 1 0 0 0 0 71 46 83
1 1 0 0 46 0 71 92 83
2 1 0 0 92 0 71 138 83
3 1 0 0 138 0 71 184 83
4 1 0 0 184 0 71 230 83
5 3 0 0 0 83 63 54 159
6 3 0 0 54 83 63 108 159
7 3 0 0 108 83 63 162 159
8 3 0 0 162 83 63 216 159
9 4 0 0 0 159 42 61 193
10 4 0 42 0 159 84 61 193
11 4 0 0 61 159 42 95 220
12 4 0 0 95 159 42 129 220
13 4 0 0 129 159 42 163 220
14 4 0 0 163 159 42 197 220
15 4 0 0 197 159 42 231 220
16 4 0 42 61 159 76 103 220
17 0 0 42 103 159 82 194 215
18 0 0 76 61 0 167 101 56
19 0 0 76 61 56 167 101 112
20 0 0 76 61 112 167 101 168
21 3 0 82 101 0 136 164 76
22 3 0 82 164 0 136 227 76
23 1 0 82 61 168 165 132 214
24 2 0 82 132 76 149 216 123
25 2 0 82 132 123 149 216 170
26 2 0 82 132 170 149 216 217
27 0 0 84 0 0 175 56 40
28 0 0 84 0 40 175 56 80
29 0 0 84 0 80 175 56 120
30 0 0 84 0 120 175 56 160
31 2 0 149 132 0 216 179 84
32 5 1 84 0 160 118 61 202
33 5 1 118 0 160 160 61 194
34 8 1 149 132 84 196 216 151
35 8 1 149 132 151 196 216 218
36 9 1 167 56 0 221 132 63
37 9 1 221 56 0 275 132 63
38 9 1 167 56 63 221 132 126
39 9 1 221 56 63 275 132 126
40 9 1 167 56 126 221 132 189
41 9 1 221 56 126 275 132 189
42 6 1 175 0 0 266 56 40
43 6 1 175 0 40 266 56 80
44 6 1 175 0 80 266 56 120
45 6 1 175 0 120 266 56 160
46 7 1 196 179 0 279 225 71
47 7 1 196 179 71 279 225 142
48 7 1 196 179 142 279 225 213
49 7 1 216 132 0 299 178 71
50 8 1 216 132 71 300 179 138
51 8 1 216 132 138 300 179 205
52 8 1 266 0 0 350 47 67
53 7 1 266 0 67 349 46 138
54 11 2 266 0 138 329 54 214
55 13 2 160 0 160 251 56 200
56 11 2 275 54 0 338 130 54
57 11 2 275 54 54 338 130 108
58 11 2 275 54 108 338 130 162
59 11 2 275 54 162 338 130 216
60 11 2 279 179 0 342 233 76
61 14 2 329 0 138 363 42 199
62 14 2 279 179 76 340 213 118
63 12 2 279 179 118 346 226 202
64 12 2 300 130 0 384 177 67
65 12 2 300 130 67 384 177 134
66 12 2 300 130 134 384 177 201
67 10 2 338 47 0 384 130 71
68 10 2 384 47 0 430 130 71
69 10 2 338 47 71 384 130 142
70 10 2 384 47 71 430 130 142
71 10 2 338 47 142 384 130 213
72 10 2 384 47 142 430 130 213
73 13 2 346 177 0 437 233 40
74 13 2 346 177 40 437 233 80
75 12 2 346 177 80 430 224 147
76 12 2 346 177 147 430 224 214
77 10 2 363 0 0 446 46 71
78 10 2 363 0 71 446 46 142
79 15 3 363 0 142 405 34 203
80 15 3 384 130 0 445 172 34
81 17 3 384 130 34 467 176 105
82 17 3 384 130 105 455 176 188
83 15 3 405 0 142 466 42 176
84 15 3 405 0 176 466 42 210
85 16 3 430 46 0 521 86 56
86 16 3 430 86 0 521 126 56
87 16 3 430 46 56 521 86 112
88 16 3 430 86 56 521 126 112
89 16 3 430 46 112 521 86 168
90 16 3 430 86 112 521 126 168
91 17 3 430 42 168 501 125 214
92 19 3 437 176 0 500 230 76
93 19 3 437 176 76 500 230 152
94 15 3 430 176 152 491 210 194
95 15 3 466 0 0 508 34 61
96 15 3 466 0 61 508 34 122
97 15 3 466 0 122 508 34 183
98 18 3 467 126 0 534 173 84
99 18 3 467 126 84 534 173 168
100 19 3 500 173 0 563 227 76
101 19 3 500 173 76 563 227 152
102 17 3 508 0 0 579 46 83
103 17 3 508 0 83 579 46 166
104 19 3 521 46 0 575 122 63
105 18 3 521 46 63 568 113 147
106 17 3 534 46 147 580 129 218
107 18 3 491 129 168 558 213 215
