Utilizacion 80.675622 VolCajasEmpacado 81.667780 Duracion[s] 60.021000 Iteraciones 2048
0 4 0 0 0 0 62 59 103
1 4 0 0 59 0 62 118 103
2 4 0 0 0 103 62 59 206
3 4 0 0 59 103 62 118 206
4 6 0 0 118 0 71 183 52
5 6 0 0 118 52 71 183 104
6 6 0 0 118 104 71 183 156
7 6 0 0 118 156 71 183 208
8 10 0 0 183 0 44 223 44
9 9 0 0 183 44 60 223 109
10 8 0 0 183 109 89 228 164
11 8 0 0 183 164 89 228 219
12 0 0 62 0 0 120 54 35
13 0 0 62 54 0 120 108 35
14 0 0 62 0 35 120 54 70
15 0 0 62 54 35 120 108 70
16 0 0 62 0 70 120 54 105
17 0 0 62 54 70 120 108 105
18 0 0 62 0 105 120 54 140
19 0 0 62 54 105 120 108 140
20 6 0 62 0 140 114 71 205
21 10 0 62 71 140 102 115 184
22 3 0 71 115 0 144 179 98
23 3 0 71 115 98 144 179 196
24 6 0 89 179 0 154 231 71
25 10 0 89 179 71 129 223 115
26 10 0 89 179 115 133 223 155
27 10 0 89 179 155 133 223 195
28 7 0 120 0 0 215 92 46
29 7 0 120 0 46 215 92 92
30 7 0 120 0 92 215 92 138
31 7 0 120 0 138 215 92 184
32 11 0 114 0 184 183 70 219
33 1 0 144 92 0 263 179 28
34 3 0 144 92 28 242 165 92
35 3 0 144 92 92 242 165 156
36 3 0 144 92 156 242 165 220
37 8 0 154 179 0 209 224 89
38 5 0 144 165 89 263 226 147
39 5 0 144 165 147 263 226 205
40 2 0 215 0 0 307 78 109
41 2 0 307 0 0 399 78 109
42 2 0 399 0 0 491 78 109
43 2 0 491 0 0 583 78 109
44 2 0 215 0 109 307 78 218
45 2 0 307 0 109 399 78 218
46 2 0 399 0 109 491 78 218
47 2 0 491 0 109 583 78 218
48 5 0 263 78 0 324 197 58
49 5 0 324 78 0 385 197 58
50 12 1 242 78 58 334 156 167
51 21 1 242 78 167 311 148 202
52 22 1 263 156 58 298 214 112
53 22 1 263 156 112 298 214 166
54 22 1 263 156 166 298 214 220
55 21 1 298 197 0 368 232 69
56 21 1 298 197 69 368 232 138
57 19 1 298 156 58 358 196 123
58 19 1 298 156 123 358 196 188
59 20 1 311 78 167 355 122 207
60 16 1 355 78 58 407 149 123
61 20 1 355 78 123 399 122 163
62 19 1 355 78 163 415 143 203
63 20 1 358 149 58 398 193 102
64 18 1 358 149 102 413 194 191
65 23 1 311 143 191 430 230 219
66 18 1 415 78 0 504 133 45
67 18 1 415 78 45 504 133 90
68 19 1 415 78 90 455 138 155
69 19 1 455 78 90 495 138 155
70 19 1 415 78 155 455 138 220
71 19 1 455 78 155 495 138 220
72 13 1 430 138 0 528 202 73
73 13 1 430 138 73 528 202 146
74 13 1 430 138 146 528 202 219
75 19 1 504 78 0 569 138 40
76 19 1 504 78 40 569 138 80
77 14 1 504 78 80 566 137 183
78 14 1 528 138 0 587 200 103
79 14 1 528 137 103 587 199 206
