Utilizacion 72.392918 VolCajasEmpacado 73.941161 Duracion[s] 60.018000 Iteraciones 2814
0 3 0 0 0 0 94 64 70
1 3 0 0 64 0 94 128 70
2 3 0 0 128 0 94 192 70
3 1 0 0 192 0 120 227 32
4 1 0 120 192 0 240 227 32
5 2 0 0 0 70 65 51 120
6 2 0 0 0 120 65 51 170
7 2 0 0 0 170 65 51 220
8 2 0 0 51 70 50 102 135
9 2 0 0 51 135 50 102 200
10 4 0 0 51 200 53 122 220
11 0 0 0 122 70 113 200 98
12 4 0 0 122 98 53 193 118
13 4 0 0 122 118 53 193 138
14 4 0 0 122 138 53 193 158
15 4 0 0 122 158 53 193 178
16 4 0 0 122 178 53 193 198
17 0 0 94 0 0 207 78 28
18 7 1 0 200 32 120 232 67
19 7 1 120 200 32 240 232 67
20 7 1 0 200 67 120 232 102
21 5 1 0 122 198 71 175 218
22 8 1 53 175 102 104 225 167
23 8 1 53 175 167 118 225 218
24 8 1 53 51 70 103 102 135
25 8 1 53 51 135 103 102 200
26 5 1 53 51 200 124 104 220
27 9 1 71 104 98 135 174 192
28 9 1 124 0 28 188 70 122
29 9 1 124 0 122 188 70 216
30 6 1 135 78 0 213 191 28
31 6 1 207 0 0 320 78 28
32 6 1 207 0 28 320 78 56
33 14 2 71 104 192 142 157 212
34 14 2 120 174 67 191 227 87
35 10 2 120 174 87 185 225 137
36 10 2 118 174 137 169 224 202
37 11 2 142 78 28 212 172 92
38 11 2 142 78 92 212 172 156
39 11 2 142 78 156 212 172 220
40 12 2 188 0 56 308 35 88
41 12 2 188 35 56 308 70 88
42 11 2 188 0 88 282 70 152
43 11 2 188 0 152 282 70 216
44 13 2 213 78 0 291 191 28
45 13 2 213 78 28 291 191 56
46 12 2 240 191 0 360 223 35
47 17 3 240 191 35 360 223 70
48 17 3 240 191 70 360 223 105
49 18 3 282 0 88 333 65 138
50 18 3 282 0 138 333 65 188
51 15 3 282 0 188 335 71 208
52 19 3 212 70 56 282 164 120
53 19 3 212 70 120 282 164 184
54 19 3 212 164 105 282 228 199
55 15 3 212 70 184 265 141 204
56 15 3 212 141 199 265 212 219
57 18 3 282 71 56 332 136 107
58 18 3 282 71 107 332 136 158
59 18 3 282 71 158 332 136 209
60 15 3 291 136 0 362 189 20
61 16 3 335 0 0 413 113 28
62 16 3 413 0 0 491 113 28
63 16 3 491 0 0 569 113 28
64 16 3 335 0 28 413 113 56
65 16 3 413 0 28 491 113 56
66 16 3 491 0 28 569 113 56
67 21 4 291 136 20 411 168 55
68 22 4 332 71 56 383 136 106
69 20 4 291 136 55 362 189 75
70 20 4 291 136 75 362 189 95
71 23 4 332 71 106 402 135 200
72 23 4 335 0 56 399 70 150
73 28 5 282 136 95 402 168 130
74 28 5 282 136 130 402 168 165
75 28 5 282 136 165 402 168 200
76 24 5 265 136 200 336 189 220
77 28 5 282 189 105 402 224 137
78 24 5 332 71 200 403 124 220
79 28 5 282 189 137 402 224 169
80 24 5 336 124 200 389 195 220
81 25 5 335 0 150 429 70 214
82 25 5 402 168 0 472 232 94
83 25 5 402 124 94 466 218 164
84 26 5 402 124 164 467 174 215
85 25 5 429 0 56 493 94 126
86 25 5 493 0 56 557 94 126
87 27 5 429 0 126 507 113 154
88 27 5 507 0 126 585 113 154
89 31 6 282 195 169 402 230 201
90 32 6 402 174 164 467 224 215
91 32 6 403 70 154 468 121 204
92 33 6 429 0 154 523 70 218
93 31 6 467 121 0 587 156 32
94 33 6 468 70 154 562 140 218
95 33 6 472 156 0 566 226 64
96 32 6 472 140 64 523 205 114
97 29 6 467 140 114 520 211 134
98 29 6 467 140 134 538 193 154
99 30 6 467 140 154 580 218 182
100 30 6 467 140 182 580 218 210
