Utilizacion 68.501806 VolCajasEmpacado 68.873979 Duracion[s] 60.003000 Iteraciones 1785
0 1 0 0 0 0 35 90 44
1 4 0 0 90 0 38 209 41
2 5 0 0 0 44 51 90 99
3 5 0 0 0 99 51 90 154
4 3 0 0 0 154 53 87 190
5 6 0 0 0 190 67 55 217
6 6 0 0 55 190 67 110 217
7 0 0 0 110 41 34 223 88
8 0 0 0 110 88 34 223 135
9 2 0 0 110 135 36 181 182
10 4 0 0 110 182 41 229 220
11 3 0 41 110 0 128 163 36
12 3 0 128 110 0 215 163 36
13 8 1 41 110 36 92 165 126
14 8 1 41 110 126 92 165 216
15 14 1 41 165 0 108 220 27
16 14 1 41 165 27 108 220 54
17 13 1 41 165 54 154 199 101
18 13 1 41 199 54 154 233 101
19 9 1 41 165 101 128 233 141
20 11 1 41 165 141 128 218 177
21 11 1 41 165 177 128 218 213
22 7 1 67 0 0 111 90 35
23 12 1 67 0 35 114 71 71
24 9 1 67 0 71 107 87 139
25 10 1 111 71 0 230 109 41
26 10 1 111 71 41 230 109 82
27 22 2 67 0 139 134 55 166
28 22 2 67 0 166 134 55 193
29 22 2 67 0 193 134 55 220
30 22 2 67 55 139 134 110 166
31 19 2 67 55 166 154 91 219
32 20 2 92 91 166 163 127 213
33 20 2 92 127 36 139 163 107
34 20 2 92 127 107 139 163 178
35 16 2 128 163 101 179 218 191
36 16 2 134 0 0 224 51 55
37 19 2 134 0 55 221 53 91
38 21 2 134 0 91 247 47 125
39 21 2 134 0 125 247 47 159
40 21 2 134 0 159 247 47 193
41 20 2 139 127 36 210 163 83
42 15 2 139 127 83 229 162 127
43 15 2 139 127 127 229 162 171
44 18 2 154 53 82 273 91 123
45 17 2 154 47 123 241 87 191
46 23 3 134 0 193 201 55 220
47 25 3 139 127 171 229 162 215
48 23 3 128 162 191 195 217 218
49 26 3 163 91 82 234 127 129
50 26 3 163 91 129 234 127 176
51 28 3 163 87 176 282 125 217
52 24 3 195 163 0 308 197 47
53 24 3 195 197 0 308 231 47
54 24 3 195 163 47 308 197 94
55 24 3 195 197 47 308 231 94
56 29 3 195 162 94 282 230 134
57 30 3 195 162 134 285 213 189
58 25 3 229 127 0 319 162 44
59 25 3 319 127 0 409 162 44
60 27 3 234 125 44 321 161 97
61 27 3 321 125 44 408 161 97
62 27 3 234 125 97 321 161 150
63 30 3 247 0 0 302 51 90
64 30 3 247 0 90 302 51 180
65 29 3 247 0 180 315 87 220
66 37 4 195 162 189 250 229 216
67 37 4 250 162 189 305 229 216
68 35 4 229 127 150 319 162 194
69 38 4 282 87 0 353 123 47
70 38 4 282 87 47 353 123 94
71 38 4 282 87 94 353 123 141
72 38 4 282 87 141 353 123 188
73 34 4 308 162 0 395 215 36
74 34 4 308 162 36 395 215 72
75 34 4 308 162 72 395 215 108
76 34 4 308 162 108 395 215 144
77 34 4 308 162 144 395 215 180
78 31 4 305 162 180 424 203 218
79 33 4 315 0 0 383 87 40
80 33 4 315 0 40 383 87 80
81 33 4 315 0 80 383 87 120
82 32 4 315 0 120 370 51 210
83 36 4 315 51 120 428 85 167
84 36 4 315 51 167 428 85 214
85 36 4 321 123 97 434 157 144
86 31 4 321 123 144 440 161 185
87 36 4 353 87 0 466 121 47
88 32 4 383 0 0 473 51 55
89 46 5 319 85 188 386 140 215
90 39 5 383 0 55 473 51 110
91 39 5 383 0 110 473 51 165
92 39 5 383 0 165 473 51 220
93 41 5 386 85 47 505 123 88
94 43 5 386 85 88 433 121 159
95 43 5 433 85 88 480 121 159
96 42 5 386 85 159 473 121 212
97 42 5 424 161 0 511 197 53
98 42 5 424 161 53 511 197 106
99 42 5 424 161 106 511 197 159
100 42 5 424 161 159 511 197 212
101 45 5 424 197 0 537 231 47
102 42 5 424 197 47 511 233 100
103 44 5 424 197 100 514 232 144
104 41 5 440 123 0 559 161 41
105 46 5 473 0 0 528 67 27
106 46 5 528 0 0 583 67 27
107 40 5 473 0 27 560 40 95
108 40 5 473 40 27 560 80 95
109 39 5 473 0 95 528 51 185
110 48 6 473 0 185 517 90 220
111 49 6 424 197 144 511 233 197
112 50 6 440 123 41 559 161 82
113 50 6 440 123 82 559 161 123
114 51 6 440 121 123 527 161 191
115 52 6 517 51 95 568 106 185
116 52 6 527 106 123 578 196 178
117 48 6 527 106 178 571 196 213
118 52 6 528 0 95 583 51 185
