Utilizacion 78.575156 VolCajasEmpacado 80.267425 Duracion[s] 60.006000 Iteraciones 6411
0 0 0 0 0 0 69 78 37
1 0 0 0 0 37 69 78 74
2 0 0 0 0 74 69 78 111
3 0 0 0 0 111 69 78 148
4 2 0 0 78 0 68 131 20
5 2 0 0 131 0 68 184 20
6 2 0 0 78 20 68 131 40
7 2 0 0 131 20 68 184 40
8 1 0 0 78 40 58 193 130
9 1 0 0 78 130 115 136 220
10 3 1 0 0 148 68 53 168
11 3 1 0 0 168 53 68 188
12 3 1 0 0 188 53 68 208
13 4 1 0 136 130 115 194 220
14 4 1 69 0 0 184 58 90
15 4 1 184 0 0 299 58 90
16 3 1 69 0 90 137 53 110
17 6 2 0 194 0 78 231 69
18 7 2 69 0 110 184 58 200
19 5 2 53 0 200 106 68 220
20 5 2 106 0 200 159 68 220
21 7 2 184 0 90 274 58 205
22 5 2 115 68 0 168 136 20
23 9 3 0 194 69 78 231 138
24 9 3 0 194 138 78 231 207
25 9 3 78 194 0 156 231 69
26 9 3 156 194 0 234 231 69
27 9 3 234 194 0 312 231 69
28 10 3 115 136 0 230 194 90
29 10 3 230 136 0 345 194 90
30 10 3 115 136 90 230 194 180
31 10 3 230 136 90 345 194 180
32 8 3 115 68 20 168 136 40
33 8 3 115 68 40 168 136 60
34 8 3 115 68 60 168 136 80
35 12 4 78 194 69 156 231 138
36 12 4 156 194 69 234 231 138
37 12 4 234 194 69 312 231 138
38 13 4 115 68 80 168 136 100
39 13 4 115 68 100 168 136 120
40 13 4 115 68 120 168 136 140
41 13 4 115 68 140 168 136 160
42 11 4 168 58 0 283 116 90
43 11 4 168 58 90 283 116 180
44 11 4 283 58 0 398 116 90
45 11 4 283 58 90 398 116 180
46 15 5 78 194 138 156 231 207
47 14 5 156 68 180 209 136 200
48 14 5 209 68 180 262 136 200
49 14 5 156 68 200 209 136 220
50 14 5 209 68 200 262 136 220
51 16 5 299 0 0 389 58 115
52 16 5 274 0 115 389 58 205
53 16 5 345 116 0 435 231 58
54 16 5 345 116 58 435 231 116
55 16 5 345 116 116 435 231 174
56 17 6 115 136 180 183 189 200
57 17 6 115 136 200 183 189 220
58 17 6 183 136 180 236 204 200
59 17 6 183 136 200 236 204 220
60 18 6 236 136 180 314 205 217
61 18 6 262 58 180 331 136 217
62 18 6 331 58 180 400 136 217
63 19 6 389 0 0 504 58 90
64 19 6 389 0 90 504 58 180
65 19 6 400 58 0 515 116 90
66 19 6 400 58 90 515 116 180
67 19 6 435 116 0 525 231 58
68 19 6 435 116 58 550 206 116
69 19 6 435 116 116 550 206 174
70 19 6 515 0 0 573 115 90
71 20 7 314 136 180 367 204 200
72 20 7 314 136 200 382 189 220
73 21 7 382 136 174 451 214 211
74 21 7 451 136 174 520 214 211
75 20 7 389 0 180 457 53 200
76 20 7 389 0 200 457 53 220
77 20 7 400 53 180 453 121 200
78 20 7 400 53 200 453 121 220
79 20 7 453 53 180 521 106 200
80 20 7 453 53 200 521 106 220
81 22 7 521 0 90 579 90 205
