Utilizacion 75.472140 VolCajasEmpacado 75.929397 Duracion[s] 60.011000 Iteraciones 2081
0 2 0 0 0 0 118 94 68
1 2 0 0 0 68 118 94 136
2 2 0 0 0 136 118 94 204
3 5 0 0 94 0 47 126 57
4 5 0 0 126 0 47 158 57
5 5 0 0 158 0 47 190 57
6 5 0 0 190 0 47 222 57
7 8 0 0 94 57 53 186 135
8 8 0 0 94 135 53 186 213
9 7 0 0 186 57 28 227 97
10 7 0 0 186 97 41 214 137
11 0 0 0 186 137 78 233 163
12 0 0 0 186 163 78 233 189
13 0 0 0 186 189 78 233 215
14 2 0 53 94 0 171 162 94
15 3 0 53 94 94 111 185 151
16 3 0 53 94 151 111 185 208
17 6 0 78 185 0 190 233 28
18 0 0 78 185 28 156 232 54
19 4 0 111 94 94 197 183 148
20 4 0 111 94 148 197 183 202
21 6 0 78 185 54 190 233 82
22 4 0 118 0 0 204 89 54
23 1 0 118 0 54 198 85 79
24 8 0 118 0 79 196 53 171
25 1 0 118 0 171 198 85 196
26 9 1 78 185 82 118 232 136
27 9 1 78 185 136 118 232 190
28 16 1 78 185 190 118 226 218
29 9 1 118 183 82 172 230 122
30 9 1 118 183 122 172 230 162
31 14 1 118 183 162 165 215 219
32 16 1 172 183 82 200 223 123
33 15 1 197 89 0 309 137 28
34 15 1 197 89 28 309 137 56
35 15 1 197 89 56 309 137 84
36 17 1 197 137 0 275 163 47
37 11 1 197 85 84 254 176 142
38 11 1 197 85 142 254 176 200
39 12 1 200 176 0 286 230 89
40 12 1 200 176 89 286 230 178
41 18 1 204 0 0 284 85 25
42 18 1 204 0 25 284 85 50
43 18 1 204 0 50 284 85 75
44 18 1 204 0 75 284 85 100
45 18 1 204 0 100 284 85 125
46 18 1 204 0 125 284 85 150
47 13 1 198 0 150 290 78 203
48 13 1 254 85 84 346 163 137
49 13 1 254 85 137 346 163 190
50 12 1 286 163 0 375 217 86
51 12 1 286 163 86 375 217 172
52 10 1 290 0 0 408 68 94
53 10 1 290 0 94 408 68 188
54 25 2 165 183 178 243 230 204
55 25 2 243 183 178 321 230 204
56 24 2 254 78 190 294 119 218
57 24 2 294 78 190 334 119 218
58 25 2 254 119 190 332 166 216
59 23 2 290 0 188 337 57 220
60 23 2 337 0 188 384 57 220
61 23 2 384 0 188 431 57 220
62 22 2 321 166 172 375 206 219
63 21 2 346 68 0 438 121 78
64 21 2 346 68 78 438 121 156
65 24 2 346 121 0 387 149 40
66 24 2 387 121 0 428 149 40
67 22 2 346 121 40 393 161 94
68 20 2 346 68 156 432 157 210
69 19 2 375 161 0 469 229 118
70 19 2 375 157 118 493 225 212
71 19 2 431 0 0 549 68 94
72 27 2 431 0 94 543 48 122
73 21 2 431 0 122 509 53 214
74 20 2 438 68 0 524 157 54
75 26 2 438 68 54 518 153 79
76 26 2 438 68 79 518 153 104
77 35 3 509 0 122 549 28 163
78 35 3 432 121 104 472 149 145
79 35 3 509 0 163 550 28 203
80 35 3 432 121 145 473 149 185
81 30 3 438 53 104 529 111 161
82 30 3 438 53 161 529 111 218
83 35 3 432 111 185 472 152 213
84 32 3 473 111 104 527 151 151
85 32 3 473 111 151 527 151 198
86 29 3 493 157 0 587 225 118
87 31 3 493 151 118 585 204 196
88 36 3 493 204 118 571 230 165
89 36 3 493 204 165 571 230 212
90 33 3 527 111 0 574 143 57
91 32 3 527 111 57 581 151 104
