Utilizacion 73.108780 VolCajasEmpacado 74.214634 Duracion[s] 60.027000 Iteraciones 1895
0 3 0 0 0 0 41 40 61
1 3 0 0 40 0 41 80 61
2 7 0 0 0 61 33 54 81
3 7 0 0 0 81 33 54 101
4 0 0 0 0 101 45 60 127
5 6 0 0 80 0 71 156 79
6 6 0 0 80 79 71 156 158
7 1 0 0 156 0 52 191 63
8 2 0 0 191 0 71 230 43
9 2 0 0 0 127 39 71 170
10 5 0 0 156 63 57 218 114
11 4 0 0 71 158 91 152 206
12 6 0 0 156 114 76 227 193
13 14 1 0 152 193 45 212 219
14 14 1 0 0 170 45 60 196
15 9 1 45 0 0 124 71 76
16 10 1 45 0 76 109 71 175
17 8 1 45 0 175 97 63 210
18 12 1 76 152 0 124 233 91
19 12 1 76 152 91 124 233 182
20 11 1 91 71 0 148 122 62
21 11 1 91 71 62 148 122 124
22 13 1 91 71 124 170 114 207
23 20 2 45 152 193 78 206 213
24 21 2 78 152 182 123 212 208
25 19 2 124 0 0 163 71 43
26 19 2 163 0 0 202 71 43
27 18 2 124 122 0 203 205 43
28 22 2 124 0 43 176 63 78
29 22 2 124 0 78 176 63 113
30 22 2 124 0 113 176 63 148
31 16 2 109 0 148 208 64 219
32 15 2 124 122 43 215 170 124
33 15 2 124 170 43 215 218 124
34 18 2 170 71 0 249 114 83
35 17 2 170 64 83 221 121 145
36 17 2 170 64 145 221 121 207
37 23 3 76 212 182 130 232 215
38 24 3 91 121 124 151 147 169
39 24 3 91 121 169 151 147 214
40 25 3 124 147 124 176 210 159
41 25 3 124 147 159 176 210 194
42 24 3 123 147 194 168 207 220
43 23 3 151 121 124 205 141 157
44 23 3 151 121 157 205 141 190
45 23 3 176 121 190 230 154 210
46 25 3 176 154 124 239 206 159
47 28 3 176 154 159 238 205 216
48 27 3 208 0 0 291 43 79
49 28 3 208 0 79 259 62 136
50 26 3 208 0 136 247 43 207
51 36 4 176 206 124 230 226 157
52 29 4 176 206 157 236 232 202
53 36 4 208 43 136 262 63 169
54 36 4 208 43 169 262 63 202
55 35 4 221 63 83 256 115 146
56 31 4 221 63 146 272 120 208
57 29 4 230 120 0 290 146 45
58 34 4 259 0 79 320 41 119
59 33 4 239 120 45 318 163 128
60 30 4 239 163 0 338 227 71
61 30 4 239 163 71 338 227 142
62 32 4 239 120 142 320 211 190
63 43 5 230 120 190 284 153 210
64 40 5 238 153 190 298 198 216
65 41 5 259 0 119 320 41 159
66 42 5 247 0 159 318 39 202
67 37 5 272 43 0 371 114 64
68 37 5 272 43 64 371 114 128
69 37 5 272 43 128 371 114 192
70 40 5 272 39 192 332 84 218
71 44 5 320 114 0 411 162 81
72 37 5 338 114 81 409 178 180
73 38 5 338 178 0 395 229 62
74 39 5 371 0 0 447 79 71
75 39 5 371 0 71 447 79 142
76 46 6 320 114 180 361 175 220
77 46 6 361 114 180 402 175 220
78 45 6 320 178 142 355 230 205
79 48 6 371 0 142 450 76 213
80 46 6 355 178 62 395 219 123
81 47 6 395 178 0 486 226 81
82 48 6 411 79 0 487 158 71
83 48 6 411 79 71 487 158 142
84 57 7 332 76 192 386 109 212
85 55 7 355 178 123 418 230 158
86 55 7 355 178 158 418 230 193
87 56 7 355 175 193 415 220 219
88 56 7 386 76 142 446 102 187
89 55 7 409 102 142 461 165 177
90 54 7 409 102 177 448 173 220
91 51 7 418 173 81 469 230 143
92 51 7 418 173 143 469 230 205
93 49 7 450 0 0 529 76 71
94 49 7 450 0 71 529 76 142
95 49 7 450 0 142 529 76 213
96 58 7 461 76 142 501 117 203
97 58 7 461 117 142 502 157 203
98 50 7 486 158 0 585 222 71
99 50 7 486 158 71 585 222 142
100 53 7 502 76 0 585 119 79
101 49 7 502 76 79 581 152 150
102 53 7 502 76 150 585 155 193
103 49 7 502 155 142 581 231 213
104 51 7 529 0 0 580 57 62
