Utilizacion 66.460753 VolCajasEmpacado 66.960033 Duracion[s] 60.001000 Iteraciones 2065
0 0 0 0 0 0 98 45 28
1 0 0 0 0 28 98 45 56
2 0 0 0 0 56 98 45 84
3 1 1 0 0 84 77 30 126
4 1 1 0 0 126 77 30 168
5 1 1 0 0 168 77 30 210
6 2 1 0 45 0 61 103 32
7 4 2 0 30 84 77 60 126
8 4 2 0 30 126 77 60 168
9 4 2 0 30 168 77 60 210
10 5 2 0 60 32 61 118 64
11 5 2 0 60 64 32 121 122
12 5 2 32 60 64 64 121 122
13 3 2 0 60 122 98 105 150
14 3 2 0 60 150 98 105 178
15 7 3 0 60 178 30 137 220
16 8 3 0 137 0 58 198 32
17 8 3 0 137 32 32 198 90
18 8 3 0 137 90 32 198 148
19 7 3 30 60 178 107 102 208
20 7 3 0 137 148 42 214 178
21 7 3 0 137 178 42 214 208
22 6 3 42 198 0 140 226 45
23 6 3 42 198 45 140 226 90
24 6 3 42 198 90 140 226 135
25 10 4 42 121 32 72 198 74
26 10 4 42 121 74 72 198 116
27 10 4 42 121 116 72 198 158
28 10 4 42 121 158 72 198 200
29 10 4 42 198 135 119 228 177
30 9 4 72 105 0 170 150 28
31 9 4 72 150 0 170 195 28
32 9 4 72 105 28 170 150 56
33 12 5 72 105 56 130 166 88
34 12 5 72 166 28 130 198 89
35 12 5 72 166 89 130 198 150
36 12 5 72 166 150 130 198 211
37 11 5 72 105 88 170 133 133
38 14 6 42 198 177 119 228 219
39 14 6 72 105 133 149 135 175
40 14 6 72 105 175 149 135 217
41 13 6 72 135 88 170 163 133
42 13 6 72 135 133 170 163 178
43 15 6 77 0 84 109 58 145
44 13 6 107 58 0 205 103 28
45 17 7 77 0 145 109 58 206
46 16 7 107 58 28 205 103 56
47 19 8 72 135 178 149 165 220
48 18 8 107 58 56 205 86 101
49 18 8 107 58 101 205 86 146
50 18 8 107 58 146 205 86 191
51 20 8 170 86 56 231 118 114
52 21 9 107 58 191 205 103 219
53 23 9 109 0 0 170 58 32
54 23 9 109 0 32 141 58 93
55 22 9 130 165 28 207 195 70
56 21 9 130 165 70 228 193 115
57 25 10 109 0 93 141 58 154
58 25 10 109 0 154 141 58 215
59 24 10 130 165 115 228 193 160
60 24 10 130 165 160 228 193 205
61 27 11 140 195 0 201 227 58
62 27 11 140 195 58 201 227 116
63 26 11 140 193 116 217 223 158
64 26 11 140 193 158 217 223 200
65 26 11 170 103 114 247 133 156
66 29 12 149 103 156 226 133 198
67 28 12 170 0 0 268 28 45
68 28 12 170 28 0 268 56 45
69 28 12 141 0 45 239 45 73
70 29 12 141 0 73 218 42 103
71 30 13 141 0 103 239 45 131
72 31 13 141 0 131 218 42 161
73 30 13 141 0 161 239 28 206
74 32 14 141 28 161 239 56 206
75 33 14 170 133 0 228 165 61
76 33 14 228 133 0 286 165 61
77 34 15 170 133 61 268 161 106
78 34 15 170 133 106 268 161 151
79 34 15 170 133 151 268 161 196
80 34 15 205 56 0 303 84 45
81 35 16 205 56 45 282 86 87
82 35 16 205 56 87 282 86 129
83 35 16 205 56 129 282 86 171
84 35 16 205 56 171 282 86 213
85 36 16 217 193 0 278 225 58
86 37 17 217 193 58 315 221 103
87 37 17 217 193 103 315 221 148
88 37 17 217 193 148 315 221 193
89 39 17 239 0 45 297 32 106
90 38 17 239 0 106 316 30 148
91 40 18 228 165 0 326 193 45
92 41 18 239 0 148 316 42 178
93 41 18 239 0 178 316 42 208
94 41 18 247 86 0 324 128 30
95 42 18 247 86 30 308 118 88
96 43 19 247 86 88 324 116 130
97 43 19 247 86 130 324 128 160
98 44 19 226 86 160 287 118 218
99 45 20 228 165 45 326 193 90
100 46 20 228 161 90 286 193 151
101 47 20 228 161 151 305 191 193
102 50 21 286 128 0 347 160 58
103 50 21 286 128 58 347 160 116
104 50 21 286 128 116 347 160 174
105 48 21 268 118 174 366 146 219
106 49 21 303 42 0 380 84 30
107 50 21 303 42 30 361 74 91
108 48 21 282 42 91 380 70 136
109 52 22 282 42 136 359 84 166
110 51 22 282 42 166 380 70 211
111 53 22 287 84 160 348 116 218
112 51 22 315 193 0 413 221 45
113 51 22 315 193 45 413 221 90
114 56 23 316 0 0 377 32 58
115 56 23 316 0 58 377 32 116
116 55 23 316 0 116 393 30 158
117 54 23 316 0 158 414 28 203
118 54 23 326 160 0 424 188 45
119 54 23 326 160 45 424 188 90
120 54 23 326 160 90 424 188 135
121 54 23 326 160 135 424 188 180
122 57 24 305 146 180 403 191 208
123 57 24 315 191 90 413 219 135
124 57 24 315 191 135 413 219 180
125 57 24 348 84 0 446 112 45
126 60 25 315 191 180 392 233 210
127 59 25 348 84 45 409 116 103
128 58 25 348 84 103 446 112 148
129 58 25 348 84 148 446 112 193
130 60 25 366 116 0 443 146 42
131 60 25 366 116 42 443 146 84
132 59 25 380 30 0 441 62 58
133 59 25 380 30 58 441 62 116
134 59 25 380 30 116 438 62 177
135 61 26 380 28 177 478 73 205
136 63 26 366 116 84 443 146 126
137 63 26 366 116 126 443 146 168
138 63 26 366 116 168 443 146 210
139 62 26 413 188 0 471 220 61
140 62 26 471 188 0 529 220 61
141 62 26 529 188 0 587 220 61
142 61 26 413 188 61 511 216 106
143 61 26 413 188 106 511 216 151
144 64 27 413 188 151 511 233 179
145 64 27 413 188 179 511 233 207
146 65 27 424 146 0 482 178 61
147 66 28 424 146 61 501 188 91
148 66 28 424 146 91 501 188 121
149 67 28 424 146 121 482 178 182
150 69 29 403 146 182 480 188 212
151 68 29 414 0 0 512 28 45
152 68 29 414 0 45 512 28 90
153 68 29 414 0 90 512 28 135
154 70 29 478 0 135 536 32 196
155 70 29 443 112 0 501 144 61
156 72 30 443 112 61 520 142 103
157 72 30 443 112 103 520 142 145
158 72 30 443 112 145 520 142 187
159 72 30 446 73 0 523 103 42
160 72 30 446 73 42 523 103 84
161 72 30 446 73 84 523 103 126
162 71 30 446 73 126 544 101 171
163 71 30 446 73 171 544 101 216
164 73 31 446 101 187 544 146 215
165 74 31 478 32 0 536 64 61
166 74 31 478 32 61 536 64 122
167 74 31 478 32 122 536 64 183
168 73 31 544 0 0 572 98 45
169 76 32 501 146 0 578 176 42
170 76 32 501 146 42 578 176 84
171 76 32 501 146 84 578 176 126
172 75 32 482 146 126 543 178 184
173 75 32 511 178 61 569 210 122
174 78 33 480 146 184 557 188 214
175 79 33 511 188 122 572 220 180
176 79 33 536 0 45 568 61 103
177 79 33 536 0 103 568 61 161
178 77 33 544 0 161 572 98 206
