Utilizacion 76.131623 VolCajasEmpacado 77.206438 Duracion[s] 60.039000 Iteraciones 773
0 1 0 0 0 0 25 54 35
1 1 0 0 0 35 25 54 70
2 1 0 0 0 70 25 54 105
3 1 0 0 0 105 25 54 140
4 1 0 0 0 140 25 54 175
5 1 0 0 0 175 25 54 210
6 4 0 0 54 0 98 98 53
7 4 0 0 54 53 98 98 106
8 4 0 0 54 106 98 98 159
9 4 0 0 54 159 98 98 212
10 6 0 0 98 0 37 151 34
11 6 0 37 98 0 74 151 34
12 6 0 0 151 0 37 204 34
13 6 0 37 151 0 74 204 34
14 3 0 0 98 34 89 143 90
15 3 0 0 143 34 89 188 90
16 3 0 0 98 90 89 143 146
17 3 0 0 143 90 89 188 146
18 3 0 0 98 146 89 143 202
19 3 0 0 143 146 89 188 202
20 0 0 0 204 0 50 233 42
21 0 0 0 204 42 50 233 84
22 0 0 0 204 84 50 233 126
23 3 0 0 188 126 56 233 215
24 1 0 25 0 0 50 54 35
25 5 0 25 0 35 64 38 108
26 2 0 25 0 108 87 54 167
27 6 0 25 0 167 62 34 220
28 7 0 74 188 0 147 221 39
29 7 0 74 188 39 147 221 78
30 7 0 74 188 78 147 221 117
31 7 0 74 188 117 147 221 156
32 7 0 74 188 156 147 221 195
33 2 0 87 0 0 149 54 59
34 2 0 87 0 59 149 54 118
35 2 0 87 0 118 149 54 177
36 7 0 62 0 177 135 39 210
37 3 0 89 98 0 145 187 45
38 3 0 89 98 45 145 187 90
39 2 0 89 98 90 151 152 149
40 2 0 89 98 149 151 152 208
41 4 0 98 54 0 196 98 53
42 2 0 147 152 0 201 214 59
43 8 1 56 188 195 110 223 220
44 8 1 89 152 90 143 187 115
45 8 1 89 152 115 143 187 140
46 8 1 89 152 140 143 187 165
47 8 1 89 152 165 143 187 190
48 8 1 89 152 190 143 187 215
49 9 1 98 39 177 148 68 219
50 8 1 110 187 195 164 222 220
51 9 1 98 68 53 148 97 95
52 9 1 148 68 53 198 97 95
53 8 1 98 68 95 152 93 130
54 9 1 98 68 130 148 97 172
55 9 1 98 68 172 148 97 214
56 9 1 145 152 59 195 181 101
57 11 1 143 152 101 196 186 138
58 10 1 143 152 138 216 185 177
59 11 1 143 152 177 196 186 214
60 15 1 149 0 0 211 54 59
61 15 1 149 0 59 211 54 118
62 15 1 149 0 118 211 54 177
63 9 1 151 0 177 201 29 219
64 9 1 151 29 177 201 58 219
65 11 1 152 58 95 205 92 132
66 11 1 152 58 132 205 92 169
67 11 1 152 58 169 205 92 206
68 13 1 151 98 0 249 151 44
69 13 1 249 98 0 347 151 44
70 13 1 151 98 44 249 151 88
71 13 1 249 98 44 347 151 88
72 13 1 151 98 88 249 151 132
73 13 1 249 98 88 347 151 132
74 13 1 151 98 132 249 151 176
75 13 1 249 98 132 347 151 176
76 13 1 151 98 176 249 151 220
77 13 1 249 98 176 347 151 220
78 14 1 164 186 59 220 231 148
79 14 1 164 186 148 253 231 204
80 12 1 205 54 0 278 92 39
81 12 1 278 54 0 351 92 39
82 12 1 351 54 0 424 92 39
83 10 1 205 54 39 278 93 72
84 10 1 205 54 72 278 93 105
85 10 1 205 54 105 278 93 138
86 10 1 205 54 138 278 93 171
87 10 1 205 54 171 278 93 204
88 14 1 211 0 0 300 45 56
89 14 1 300 0 0 389 45 56
90 14 1 389 0 0 478 45 56
91 11 1 211 0 56 245 37 109
92 10 1 245 0 56 318 33 95
93 23 2 211 0 109 248 53 143
94 22 2 211 0 143 265 35 168
95 22 2 211 0 168 265 35 193
96 21 2 216 151 0 266 180 42
97 16 2 265 0 95 327 54 154
98 16 2 265 0 154 327 54 213
99 23 2 216 151 42 253 185 95
100 23 2 216 151 95 253 185 148
101 23 2 216 151 148 253 185 201
102 21 2 253 180 0 282 230 42
103 21 2 253 180 42 282 230 84
104 21 2 253 180 84 282 230 126
105 21 2 253 180 126 282 230 168
106 21 2 253 180 168 282 230 210
107 21 2 266 151 0 308 180 50
108 18 2 278 54 39 376 98 92
109 18 2 278 54 92 376 98 145
110 18 2 278 54 145 376 98 198
111 23 2 282 151 50 319 185 103
112 23 2 282 151 103 319 185 156
113 23 2 282 151 156 319 185 209
114 19 2 282 185 0 321 223 73
115 19 2 282 185 73 321 223 146
116 19 2 282 185 146 321 223 219
117 20 2 319 151 0 392 184 39
118 20 2 319 151 39 392 184 78
119 20 2 319 151 78 392 184 117
120 20 2 319 151 117 392 184 156
121 20 2 319 151 156 392 184 195
122 18 2 321 184 0 419 228 53
123 18 2 321 184 53 419 228 106
124 18 2 321 184 106 419 228 159
125 18 2 321 184 159 419 228 212
126 16 2 327 0 56 389 54 115
127 17 2 327 0 115 416 45 171
128 20 2 327 0 171 400 33 210
129 16 2 416 0 56 470 62 115
130 17 2 347 98 0 436 143 56
131 20 2 392 45 115 465 78 154
132 17 2 347 98 56 403 143 145
133 19 2 347 98 145 386 136 218
134 17 2 376 45 154 465 90 210
135 17 2 403 90 56 448 179 112
136 17 2 403 90 112 459 135 201
137 17 2 403 135 112 459 180 201
138 17 2 416 0 115 472 45 204
139 16 2 459 90 0 518 152 54
140 16 2 518 90 0 577 152 54
141 30 3 419 180 0 461 230 29
142 30 3 419 180 29 461 230 58
143 30 3 419 180 58 461 230 87
144 28 3 419 180 87 472 217 121
145 28 3 419 180 121 472 217 155
146 28 3 419 180 155 472 217 189
147 31 3 419 180 189 473 215 214
148 27 3 459 90 54 498 163 92
149 24 3 459 90 92 504 179 148
150 24 3 459 90 148 504 179 204
151 31 3 465 62 0 519 87 35
152 31 3 519 62 0 573 87 35
153 31 3 465 62 35 519 87 70
154 31 3 519 62 35 573 87 70
155 31 3 465 62 70 519 87 105
156 31 3 519 62 70 573 87 105
157 24 3 470 45 105 526 90 194
158 24 3 473 179 0 562 224 56
159 24 3 473 179 56 562 224 112
160 24 3 473 179 112 562 224 168
161 26 3 473 179 168 571 232 212
162 27 3 478 0 0 516 39 73
163 27 3 478 0 73 516 39 146
164 27 3 478 0 146 516 39 219
165 29 3 504 90 54 537 163 93
166 29 3 504 90 93 537 163 132
167 29 3 504 90 132 537 163 171
168 29 3 504 90 171 537 163 210
169 29 3 537 87 54 576 160 87
170 29 3 537 87 87 576 160 120
171 24 3 516 0 0 572 45 89
172 27 3 516 0 89 554 39 162
173 27 3 526 0 162 564 73 201
174 27 3 537 73 120 576 111 193
175 27 3 537 111 120 576 149 193
