Utilizacion 74.717953 VolCajasEmpacado 76.589436 Duracion[s] 60.032000 Iteraciones 2727
0 2 0 0 0 0 82 80 71
1 2 0 0 0 71 82 80 142
2 5 0 0 0 142 50 69 209
3 5 0 50 0 142 100 69 209
4 4 0 0 80 0 95 167 66
5 4 0 0 80 66 95 167 132
6 4 0 0 80 132 95 167 198
7 9 0 0 167 0 35 220 42
8 9 0 35 167 0 70 220 42
9 7 0 0 167 42 51 206 104
10 6 0 0 167 104 47 223 193
11 8 0 70 167 0 186 220 36
12 4 0 70 167 36 165 233 123
13 5 0 47 167 123 116 217 190
14 0 0 47 167 190 131 221 220
15 11 0 95 69 0 207 153 46
16 10 0 95 69 46 171 158 76
17 1 0 95 69 76 201 160 100
18 1 0 95 69 100 201 160 124
19 1 0 95 69 124 201 160 148
20 3 0 95 69 148 193 159 215
21 20 1 100 0 0 142 53 35
22 15 1 131 160 123 181 227 192
23 18 1 100 0 35 139 62 86
24 19 1 100 0 86 174 48 121
25 16 1 100 0 121 147 56 210
26 23 1 174 0 0 258 54 30
27 23 1 174 0 30 258 54 60
28 12 1 174 0 60 261 52 102
29 14 1 174 0 102 264 67 200
30 13 1 186 160 0 266 231 82
31 17 1 181 160 82 274 206 156
32 17 1 181 159 156 274 233 202
33 21 1 207 67 0 283 144 31
34 21 1 207 67 31 283 144 62
35 22 1 201 67 62 290 143 92
36 17 1 201 67 92 294 113 166
37 31 2 193 67 166 228 109 219
38 33 2 201 113 92 285 143 146
39 34 2 228 67 166 294 104 193
40 34 2 228 67 193 294 104 220
41 34 2 201 113 146 267 150 173
42 34 2 201 113 173 267 150 200
43 26 2 264 0 0 359 66 87
44 26 2 264 0 87 359 66 174
45 30 2 264 0 174 380 53 210
46 32 2 274 144 0 363 220 30
47 28 2 274 144 30 321 200 119
48 28 2 274 144 119 321 200 208
49 27 2 294 66 0 344 135 67
50 27 2 294 66 67 344 135 134
51 24 2 294 66 134 376 137 214
52 35 2 321 137 30 367 222 109
53 26 2 321 137 109 408 232 175
54 29 2 376 53 0 488 137 46
55 29 2 376 53 46 488 137 92
56 29 2 376 53 92 488 137 138
57 28 2 376 53 138 465 109 185
58 25 2 408 137 0 506 227 67
59 46 3 321 137 175 358 203 202
60 45 3 376 53 185 430 137 215
61 45 3 430 53 185 484 137 215
62 44 3 358 137 175 393 190 217
63 43 3 380 0 0 442 51 39
64 37 3 408 137 67 488 208 149
65 48 3 380 0 39 465 46 118
66 42 3 408 137 149 482 230 195
67 47 3 393 137 195 499 228 219
68 40 3 380 0 118 469 47 174
69 41 3 469 0 0 581 46 84
70 41 3 469 0 84 581 46 168
71 38 3 488 46 0 586 136 67
72 38 3 488 46 67 586 136 134
73 37 3 488 46 134 559 126 216
74 39 3 506 136 0 573 229 86
75 36 3 499 136 86 586 202 181
