Utilizacion 73.608228 VolCajasEmpacado 74.772436 Duracion[s] 60.008000 Iteraciones 2001
0 2 0 0 0 0 40 66 56
1 2 0 0 66 0 40 132 56
2 4 0 0 0 56 60 91 132
3 4 0 0 0 132 60 91 208
4 3 0 0 91 56 64 142 97
5 3 0 0 91 97 64 142 138
6 3 0 0 91 138 64 142 179
7 3 0 0 91 179 64 142 220
8 1 0 0 142 0 28 232 52
9 1 0 28 142 0 56 232 52
10 5 0 0 142 52 73 217 121
11 4 0 0 142 121 60 218 212
12 6 0 60 0 0 93 73 28
13 0 0 60 0 28 88 45 82
14 10 1 60 0 82 100 66 138
15 10 1 60 0 138 100 66 194
16 8 1 64 73 0 92 127 45
17 8 1 92 73 0 120 127 45
18 12 1 64 66 45 155 126 121
19 12 1 64 66 121 155 126 197
20 9 1 73 127 0 163 179 28
21 9 1 163 127 0 253 179 28
22 9 1 73 179 0 163 231 28
23 9 1 163 179 0 253 231 28
24 12 1 73 127 28 164 203 88
25 9 1 73 126 88 163 154 140
26 7 1 64 126 140 137 159 168
27 11 1 73 159 88 180 215 169
28 13 2 60 142 169 101 206 220
29 13 2 100 0 0 164 51 41
30 13 2 100 0 41 164 51 82
31 13 2 100 0 82 164 51 123
32 13 2 100 0 123 164 51 164
33 19 2 100 0 164 190 28 216
34 19 2 100 28 164 190 56 216
35 18 2 101 126 168 155 154 213
36 16 2 101 154 169 167 210 209
37 16 2 155 56 0 195 122 56
38 17 2 155 56 56 228 84 89
39 17 2 155 56 89 228 84 122
40 17 2 155 56 122 228 84 155
41 15 2 180 122 28 261 229 84
42 14 2 228 0 0 301 75 69
43 22 3 155 56 155 221 96 211
44 22 3 164 96 84 230 152 124
45 22 3 164 96 124 230 152 164
46 22 3 164 96 164 230 152 204
47 20 3 180 152 84 208 225 117
48 20 3 180 152 117 208 225 150
49 21 3 190 0 69 280 52 97
50 21 3 190 0 97 280 52 125
51 23 3 190 0 125 297 56 206
52 25 3 208 152 84 277 225 159
53 24 3 180 152 159 271 228 219
54 25 3 261 75 0 334 150 69
55 25 3 277 150 0 352 219 73
56 25 3 277 150 73 352 219 146
57 25 3 277 150 146 352 219 219
58 26 4 228 56 69 273 84 123
59 26 4 273 56 69 318 84 123
60 26 4 228 56 123 273 84 177
61 26 4 273 56 123 318 84 177
62 27 4 230 56 177 320 108 205
63 28 4 230 108 84 281 149 148
64 28 4 230 108 148 294 149 199
65 28 4 294 108 69 345 149 133
66 28 4 294 108 133 345 149 197
67 27 4 301 0 0 391 52 28
68 26 4 301 0 28 329 45 82
69 30 4 329 0 28 404 73 97
70 30 4 329 0 97 404 73 166
71 27 4 297 0 166 387 28 218
72 30 4 345 73 0 414 148 73
73 30 4 345 73 73 414 148 146
74 29 4 345 73 146 436 149 206
75 37 5 297 28 166 370 56 199
76 37 5 352 149 0 380 222 33
77 37 5 352 149 33 380 222 66
78 37 5 352 149 66 380 222 99
79 37 5 352 149 99 380 222 132
80 37 5 352 149 132 380 222 165
81 37 5 352 149 165 380 222 198
82 34 5 370 28 166 424 56 211
83 32 5 380 149 0 436 230 107
84 38 5 380 149 107 421 213 158
85 38 5 380 149 158 421 213 209
86 36 5 404 0 0 494 28 52
87 36 5 404 0 52 494 28 104
88 35 5 424 28 0 490 68 56
89 38 5 424 28 56 475 69 120
90 31 5 424 0 120 500 60 211
91 31 5 436 69 0 527 129 76
92 33 5 436 69 76 509 138 151
93 40 6 421 149 107 449 203 152
94 40 6 421 149 152 449 203 197
95 43 6 436 60 151 477 111 215
96 43 6 477 60 151 518 111 215
97 39 6 436 203 0 509 231 33
98 39 6 436 203 33 509 231 66
99 41 6 436 203 66 526 231 118
100 41 6 436 203 118 526 231 170
101 42 6 449 138 0 489 194 66
102 42 6 449 111 151 505 151 217
103 42 6 449 151 66 505 191 132
104 44 6 500 0 0 581 56 107
105 45 6 500 0 107 576 60 198
106 52 7 421 203 170 475 231 215
107 49 7 449 151 132 490 202 196
108 49 7 505 138 0 556 202 41
109 49 7 505 138 41 556 202 82
110 50 7 505 138 82 571 178 138
111 50 7 505 138 138 571 178 194
112 50 7 526 178 82 582 218 148
113 50 7 526 178 148 582 218 214
114 48 7 527 60 0 587 136 91
115 48 7 527 60 91 587 136 182
