Utilizacion 70.917905 VolCajasEmpacado 73.591714 Duracion[s] 60.002000 Iteraciones 1914
0 9 0 0 0 0 72 53 35
1 14 0 0 0 35 34 63 65
2 14 0 0 0 65 34 63 95
3 8 0 0 0 95 64 38 133
4 8 0 0 0 133 64 38 171
5 13 0 0 0 171 61 31 214
6 13 0 0 38 95 61 81 126
7 13 0 0 38 126 61 81 157
8 13 0 0 38 157 61 81 188
9 1 0 0 31 188 48 66 216
10 4 0 0 81 0 52 152 73
11 6 0 0 81 73 71 191 118
12 6 0 0 81 118 71 191 163
13 6 0 0 81 163 71 191 208
14 12 0 0 191 0 81 222 44
15 12 0 81 191 0 162 222 44
16 10 0 0 191 44 110 231 78
17 7 0 0 191 78 97 229 131
18 7 0 0 191 131 97 229 184
19 5 0 71 53 0 134 120 47
20 5 0 71 120 0 134 187 47
21 0 0 71 0 47 171 109 75
22 6 0 64 0 75 174 45 146
23 6 0 64 0 146 174 45 217
24 3 0 71 45 75 163 100 170
25 5 0 71 45 170 138 108 217
26 11 0 71 109 47 157 183 78
27 2 0 71 108 78 167 179 197
28 21 1 0 191 184 110 231 218
29 24 1 110 187 44 136 228 83
30 23 1 138 45 170 181 106 201
31 23 1 110 179 83 141 222 144
32 23 1 110 179 144 141 222 205
33 19 1 141 183 44 179 221 108
34 20 1 141 179 108 213 214 161
35 20 1 141 179 161 213 214 214
36 15 1 167 109 0 278 137 43
37 15 1 167 137 0 278 165 43
38 15 1 167 109 43 278 137 86
39 15 1 167 137 43 278 165 86
40 17 1 167 106 86 261 158 163
41 18 1 167 106 163 240 177 215
42 22 1 174 0 0 255 44 31
43 22 1 174 0 31 255 44 62
44 22 1 174 0 62 255 44 93
45 16 1 181 44 0 273 99 95
46 16 1 181 44 95 273 99 190
47 17 1 213 177 0 307 229 77
48 17 1 213 177 77 307 229 154
49 18 1 240 158 154 311 231 206
50 34 2 174 0 93 217 31 154
51 37 2 174 0 154 202 35 202
52 35 2 181 35 190 244 69 220
53 37 2 181 69 190 229 104 218
54 38 2 240 69 190 281 108 216
55 39 2 217 0 93 289 35 146
56 33 2 217 0 146 298 31 190
57 31 2 278 108 0 342 146 38
58 31 2 278 108 38 342 146 76
59 30 2 278 108 76 388 153 147
60 30 2 278 108 147 388 153 218
61 29 2 281 35 0 328 98 67
62 27 2 281 35 67 333 108 138
63 27 2 281 35 138 333 108 209
64 26 2 311 153 0 363 230 94
65 26 2 311 153 94 363 230 188
66 32 2 311 153 188 397 227 219
67 36 2 333 0 0 442 100 28
68 36 2 442 0 0 551 100 28
69 25 2 333 0 28 386 97 66
70 25 2 333 0 66 386 97 104
71 25 2 333 0 104 386 97 142
72 28 2 333 0 142 395 99 194
73 27 2 388 100 0 461 152 71
74 26 2 388 99 71 482 151 148
75 32 2 395 0 28 469 86 59
76 32 2 395 0 59 481 74 90
77 54 3 333 0 194 372 41 220
78 53 3 388 99 148 416 147 183
79 45 3 395 0 90 457 99 142
80 51 3 395 0 142 458 30 176
81 55 3 395 30 142 459 68 180
82 55 3 395 30 180 459 68 218
83 44 3 416 68 148 487 141 200
84 46 3 397 152 0 507 223 45
85 46 3 397 152 45 507 223 90
86 46 3 397 152 90 507 223 135
87 46 3 397 152 135 507 223 180
88 48 3 397 147 180 507 187 214
89 48 3 397 187 180 507 227 214
90 50 3 459 0 90 490 61 133
91 40 3 459 0 133 506 67 196
92 47 3 487 100 0 584 138 53
93 49 3 487 67 53 573 141 84
94 43 3 487 67 84 582 122 176
95 45 3 506 0 28 568 52 127
96 43 3 507 141 0 562 233 95
97 41 3 507 122 95 578 218 214
