Utilizacion 80.295697 VolCajasEmpacado 81.814308 Duracion[s] 60.006000 Iteraciones 3096
0 1 0 0 0 0 48 78 79
1 1 0 0 78 0 48 156 79
2 1 0 0 0 79 48 78 158
3 1 0 0 78 79 48 156 158
4 3 0 0 156 0 105 228 77
5 3 0 0 156 77 105 228 154
6 4 0 0 0 158 30 48 195
7 4 0 0 48 158 30 96 195
8 4 0 0 96 158 30 144 195
9 4 0 0 156 154 48 186 191
10 0 0 0 186 154 91 231 208
11 4 0 30 0 158 60 48 195
12 2 0 48 48 0 107 124 109
13 2 0 48 48 109 107 124 218
14 1 0 60 0 0 138 48 79
15 2 0 105 124 0 164 233 76
16 5 1 60 0 79 97 30 127
17 5 1 97 0 79 134 30 127
18 5 1 60 0 127 108 37 157
19 5 1 60 0 157 108 37 187
20 5 1 60 0 187 108 37 217
21 6 1 105 124 76 159 215 121
22 6 1 105 124 121 159 215 166
23 6 1 105 124 166 159 215 211
24 8 1 107 48 0 183 107 109
25 8 1 107 48 109 183 107 218
26 5 1 108 0 127 138 48 164
27 7 1 138 0 0 217 48 78
28 7 1 138 0 78 217 48 156
29 6 1 138 0 156 229 45 210
30 8 1 164 107 0 223 183 109
31 8 1 164 107 109 223 183 218
32 7 1 164 183 0 243 231 78
33 6 1 159 183 78 250 228 132
34 9 1 223 45 0 328 122 72
35 9 1 223 45 72 328 122 144
36 9 1 223 45 144 328 122 216
37 10 2 159 183 132 238 231 210
38 14 2 223 122 0 271 152 37
39 14 2 271 122 0 319 152 37
40 14 2 223 152 0 271 182 37
41 14 2 271 152 0 319 182 37
42 13 2 223 122 37 314 176 82
43 13 2 223 122 82 314 176 127
44 13 2 223 122 127 314 176 172
45 13 2 223 122 172 314 176 217
46 13 2 229 0 0 320 45 54
47 13 2 229 0 54 320 45 108
48 13 2 229 0 108 320 45 162
49 10 2 250 182 0 329 230 78
50 12 2 319 122 0 395 181 109
51 12 2 319 122 109 395 181 218
52 12 2 328 0 0 387 109 76
53 11 2 328 0 76 405 105 148
54 11 2 328 0 148 405 105 220
55 11 2 395 105 0 500 182 72
56 11 2 395 105 72 500 182 144
57 11 2 395 105 144 500 182 216
58 15 3 250 182 78 287 230 108
59 15 3 250 182 108 287 230 138
60 16 3 238 182 138 317 230 216
61 16 3 329 182 0 408 230 78
62 16 3 329 182 78 408 230 156
63 18 3 405 0 0 477 105 77
64 18 3 405 0 77 477 105 154
65 17 3 405 0 154 514 76 213
66 18 3 500 76 0 577 181 72
67 18 3 500 76 72 577 181 144
68 18 3 500 76 144 577 181 216
69 19 4 317 182 156 347 230 193
70 19 4 347 182 156 395 219 186
71 19 4 347 182 186 395 219 216
72 21 4 408 182 0 486 230 79
73 21 4 408 182 79 486 230 158
74 19 4 395 182 158 432 230 188
75 19 4 432 182 158 469 230 188
76 21 4 486 182 0 564 230 79
77 21 4 486 182 79 564 230 158
78 22 4 514 0 0 573 76 109
79 22 4 514 0 109 573 76 218
