Utilizacion 70.286511 VolCajasEmpacado 71.277583 Duracion[s] 60.021000 Iteraciones 1422
0 3 0 0 0 0 72 76 39
1 3 0 0 76 0 72 152 39
2 3 0 0 152 0 72 228 39
3 0 0 0 0 39 85 33 65
4 0 0 0 0 65 85 33 91
5 0 0 0 0 91 85 33 117
6 0 0 0 0 117 85 33 143
7 0 0 0 0 143 85 33 169
8 0 0 0 0 169 85 33 195
9 7 0 0 33 39 42 58 86
10 7 0 0 33 86 42 58 133
11 7 0 0 33 133 42 58 180
12 1 0 0 33 180 27 66 219
13 1 0 27 33 180 54 66 219
14 5 0 0 66 39 65 112 92
15 5 0 0 112 39 65 158 92
16 5 0 0 158 39 65 204 92
17 6 0 0 66 92 65 152 149
18 6 0 0 66 149 65 152 206
19 2 0 0 152 92 32 213 129
20 1 0 0 152 129 27 191 162
21 4 0 72 33 0 173 127 42
22 4 0 72 127 0 173 221 42
23 10 1 0 152 162 46 217 215
24 13 1 46 152 92 78 213 129
25 8 1 46 152 129 79 191 156
26 10 1 46 152 156 111 198 209
27 14 1 54 33 42 139 59 75
28 9 1 65 59 42 122 124 128
29 9 1 65 59 128 122 124 214
30 9 1 111 124 42 176 181 128
31 9 1 111 124 128 176 181 214
32 12 1 111 181 42 187 220 114
33 11 1 173 0 0 267 101 42
34 22 2 46 198 129 88 223 176
35 15 2 46 198 176 85 231 203
36 21 2 88 198 114 173 231 140
37 21 2 88 198 140 173 231 166
38 15 2 88 198 166 121 225 205
39 17 2 121 181 166 186 227 219
40 20 2 122 59 42 159 120 74
41 20 2 122 59 74 159 120 106
42 20 2 122 59 106 159 120 138
43 16 2 139 0 42 204 57 128
44 19 2 159 0 128 198 76 200
45 19 2 122 76 138 194 115 214
46 19 2 176 115 0 252 154 72
47 19 2 176 115 72 252 154 144
48 19 2 176 115 144 252 154 216
49 18 2 204 0 42 298 101 84
50 18 2 204 0 84 298 101 126
51 25 3 176 154 0 209 181 39
52 23 3 176 154 39 218 179 86
53 25 3 194 76 126 221 115 159
54 23 3 194 76 159 236 101 206
55 23 3 176 154 86 223 179 128
56 23 3 176 154 128 223 179 170
57 24 3 176 154 170 261 180 203
58 26 3 187 181 0 263 220 72
59 26 3 187 181 72 263 220 144
60 26 3 187 181 144 263 220 216
61 26 3 204 0 126 280 72 165
62 28 3 198 0 165 244 65 218
63 26 3 236 72 126 308 111 202
64 28 3 244 0 165 309 53 211
65 26 3 252 111 0 324 150 76
66 24 3 252 111 76 337 144 102
67 24 3 252 111 102 337 144 128
68 24 3 252 111 128 337 144 154
69 29 3 261 111 154 347 168 219
70 28 3 263 168 0 309 233 53
71 28 3 263 168 53 309 233 106
72 28 3 263 168 106 309 233 159
73 28 3 263 168 159 309 233 212
74 29 3 308 53 0 373 110 86
75 29 3 308 53 86 373 110 172
76 28 3 308 53 172 373 106 218
77 27 3 347 110 0 448 204 42
78 27 3 347 110 42 448 204 84
79 27 3 347 110 84 448 204 126
80 36 4 309 0 0 334 42 47
81 36 4 309 0 47 334 42 94
82 36 4 309 0 94 334 42 141
83 36 4 309 0 141 334 42 188
84 36 4 309 0 188 351 47 213
85 33 4 309 168 126 385 207 198
86 35 4 309 207 0 394 233 33
87 35 4 394 207 0 479 233 33
88 35 4 479 207 0 564 233 33
89 36 4 309 207 33 351 232 80
90 34 4 347 110 126 374 143 165
91 31 4 351 0 0 397 53 65
92 33 4 351 0 65 423 39 141
93 33 4 351 0 141 423 39 217
94 30 4 373 53 0 459 110 65
95 37 4 423 0 0 460 32 61
96 32 4 448 110 0 549 204 42
97 32 4 448 110 42 549 204 84
98 38 5 347 110 165 394 152 190
99 38 5 347 110 190 394 152 215
100 38 5 309 207 80 351 232 127
101 38 5 309 207 127 351 232 174
102 44 5 385 152 126 442 217 212
103 43 5 423 0 61 488 46 114
104 43 5 423 0 114 488 46 167
105 43 5 423 0 167 488 46 220
106 43 5 373 39 65 419 92 130
107 43 5 373 39 130 419 92 195
108 43 5 394 92 126 440 145 191
109 39 5 394 92 191 479 125 217
110 40 5 419 46 65 480 78 102
111 41 5 419 46 102 495 85 174
112 39 5 419 46 174 504 79 200
113 42 5 448 125 84 542 226 126
114 41 5 488 0 0 564 39 72
115 45 6 479 85 0 526 110 42
116 48 6 479 85 126 580 179 168
117 51 6 440 125 126 479 152 159
118 50 6 442 152 126 479 184 187
119 50 6 442 184 126 479 216 187
120 50 6 442 125 187 479 186 219
121 47 6 479 179 126 544 232 172
122 48 6 479 85 168 580 179 210
123 47 6 479 179 172 544 232 218
124 49 6 488 0 72 564 39 144
125 49 6 488 0 144 564 39 216
126 49 6 504 39 0 580 78 72
127 49 6 504 39 72 580 78 144
128 49 6 504 39 144 580 78 216
