Utilizacion 68.144051 VolCajasEmpacado 68.631588 Duracion[s] 60.004000 Iteraciones 5018
0 0 0 0 0 0 42 82 69
1 2 0 0 82 0 81 151 69
2 1 0 0 0 69 20 98 102
3 3 1 0 0 102 20 98 135
4 5 1 0 98 69 69 179 138
5 4 1 0 179 0 69 221 82
6 6 2 0 0 135 20 98 168
7 7 2 0 98 138 42 167 220
8 10 3 0 0 168 35 76 218
9 9 3 0 179 82 82 221 151
10 8 3 42 0 0 139 77 66
11 11 4 0 167 151 86 201 207
12 12 4 42 0 66 124 69 108
13 13 5 0 201 151 109 223 193
14 14 5 35 0 108 121 34 164
15 15 5 35 34 108 104 76 190
16 16 5 81 77 0 150 158 69
17 17 6 35 0 190 68 98 210
18 19 6 68 76 69 177 98 111
19 19 6 68 76 111 177 98 153
20 17 6 68 76 153 166 96 186
21 17 6 68 0 190 101 98 210
22 18 6 69 98 69 155 132 125
23 21 7 69 98 125 155 132 181
24 20 7 42 98 181 151 151 205
25 22 8 109 158 0 178 227 81
26 23 9 109 151 81 178 232 150
27 24 10 86 151 150 195 193 172
28 25 10 109 151 172 218 204 196
29 26 11 86 151 196 195 204 220
30 28 11 139 0 0 216 66 97
31 27 11 124 0 97 210 56 131
32 29 12 104 34 131 213 76 153
33 32 13 104 34 153 190 68 209
34 30 13 155 98 0 264 151 24
35 31 13 177 76 24 254 142 121
36 33 14 155 98 121 231 133 171
37 34 15 155 96 171 231 146 206
38 35 15 216 0 0 298 69 42
39 37 16 216 0 42 297 69 111
40 36 16 213 0 111 310 66 188
41 38 17 109 204 150 218 226 192
42 39 17 190 0 188 299 53 212
43 40 17 218 151 0 287 193 82
44 41 17 218 146 82 287 227 151
45 43 18 218 146 151 300 188 220
46 42 18 218 188 151 304 222 207
47 44 18 264 69 0 330 146 97
48 46 19 231 66 121 266 142 171
49 45 19 190 66 171 299 88 213
50 48 20 266 88 97 342 123 147
51 48 20 266 88 147 342 138 182
52 48 20 266 88 182 342 138 217
53 47 20 300 146 0 398 166 33
54 49 20 304 166 0 401 232 77
55 50 20 304 146 77 373 227 146
56 52 21 300 138 146 376 188 181
57 52 21 300 138 181 376 188 216
58 51 21 304 188 146 402 208 179
59 53 22 304 208 146 413 230 188
60 55 22 310 0 0 386 50 35
61 54 22 310 0 35 396 56 69
62 57 23 310 0 69 386 50 104
63 56 23 310 0 104 344 86 160
64 58 24 344 0 104 421 66 201
65 59 25 344 66 0 413 135 81
66 60 26 304 188 179 402 208 212
67 63 26 342 86 81 428 120 137
68 61 26 344 66 137 425 135 206
69 62 26 401 135 0 510 188 24
70 64 27 398 135 24 496 155 57
71 64 27 398 135 57 496 155 90
72 65 28 376 135 90 485 157 132
73 66 28 376 135 132 445 177 214
74 66 28 445 135 132 514 177 214
75 67 28 421 0 0 518 66 77
76 68 28 425 0 77 506 69 146
77 68 28 425 0 146 506 69 215
78 69 29 402 177 24 500 197 57
79 71 29 413 197 0 489 232 50
80 71 29 413 197 50 489 232 100
81 70 29 413 177 100 522 230 124
82 74 30 402 177 124 511 199 166
83 73 30 413 199 124 499 233 180
84 72 30 428 69 0 525 135 77
85 75 31 413 177 180 499 233 214
86 77 31 428 69 77 525 135 154
87 76 31 514 135 0 583 177 82
88 76 31 514 135 82 583 177 164
89 78 32 425 69 154 534 122 178
90 79 32 518 0 0 587 69 81
91 79 32 518 0 81 587 69 162
92 83 33 425 69 178 501 119 213
93 82 33 514 122 164 548 208 220
94 81 33 534 0 162 587 109 186
95 80 33 548 0 186 581 98 206
