Utilizacion 75.656815 VolCajasEmpacado 76.897572 Duracion[s] 60.014000 Iteraciones 712
0 17 0 0 0 0 66 56 34
1 17 0 0 56 0 66 112 34
2 17 0 0 112 0 66 168 34
3 17 0 0 168 0 66 224 34
4 8 0 0 0 34 88 71 79
5 8 0 0 71 34 88 142 79
6 8 0 0 142 34 88 213 79
7 4 0 0 0 79 63 80 151
8 1 0 0 80 79 88 154 161
9 1 0 0 154 79 88 228 161
10 7 0 0 0 151 103 53 199
11 13 0 0 53 151 65 80 203
12 18 0 0 80 161 66 156 195
13 18 0 0 156 161 66 232 195
14 12 0 0 80 195 81 127 217
15 12 0 0 127 195 81 174 217
16 12 0 0 174 195 81 221 217
17 19 0 88 53 0 136 128 40
18 19 0 88 128 0 136 203 40
19 16 0 88 53 40 125 143 72
20 16 0 88 143 40 125 233 72
21 16 0 88 53 72 125 143 104
22 16 0 88 143 72 125 233 104
23 13 0 65 53 104 130 80 156
24 13 0 65 53 156 130 80 208
25 0 0 88 80 104 151 180 127
26 0 0 88 80 127 151 180 150
27 0 0 88 80 150 151 180 173
28 0 0 88 80 173 151 180 196
29 0 0 88 80 196 151 180 219
30 9 0 88 180 104 133 232 171
31 15 0 81 180 171 171 225 202
32 10 0 103 0 0 144 44 79
33 10 0 144 0 0 185 44 79
34 10 0 103 0 79 144 44 158
35 10 0 144 0 79 185 44 158
36 12 0 103 0 158 184 47 180
37 19 0 103 0 180 178 48 220
38 13 0 136 48 0 201 75 52
39 13 0 130 48 52 195 75 104
40 5 0 151 75 0 262 155 53
41 5 0 151 75 53 262 155 106
42 5 0 151 75 106 262 155 159
43 5 0 151 75 159 262 155 212
44 11 0 171 155 0 225 199 60
45 11 0 225 155 0 279 199 60
46 3 0 171 155 60 285 219 140
47 3 0 171 155 140 285 219 220
48 9 0 185 0 0 252 45 52
49 9 0 185 0 52 252 45 104
50 1 0 252 0 0 340 74 82
51 12 0 252 0 82 333 47 104
52 3 0 262 0 104 342 64 218
53 4 0 185 0 104 248 72 184
54 2 0 262 74 0 371 154 68
55 6 0 262 74 68 347 124 157
56 14 0 262 64 157 348 123 186
57 14 0 262 64 186 348 123 215
58 7 0 285 124 68 388 172 121
59 7 0 285 124 121 388 172 174
60 6 0 285 172 0 374 222 85
61 34 1 262 123 174 352 154 219
62 34 1 285 154 174 375 185 219
63 32 1 285 185 85 351 219 141
64 32 1 285 185 141 351 219 197
65 38 1 285 185 197 366 232 219
66 23 1 342 0 0 453 53 80
67 34 1 342 0 80 432 31 125
68 34 1 342 31 80 432 62 125
69 22 1 342 0 125 456 64 205
70 30 1 348 64 68 388 112 143
71 30 1 348 64 143 388 112 218
72 30 1 374 185 0 414 233 75
73 30 1 374 185 75 414 233 150
74 27 1 366 185 150 418 230 217
75 22 1 388 64 0 502 128 80
76 22 1 388 64 80 502 128 160
77 32 1 388 128 0 454 184 34
78 32 1 388 128 34 454 184 68
79 32 1 388 128 68 454 184 102
80 35 1 388 64 160 447 150 189
81 35 1 388 64 189 447 150 218
82 31 1 388 150 102 464 184 168
83 33 1 388 150 168 478 182 205
84 25 1 418 184 0 521 232 53
85 25 1 418 184 53 521 232 106
86 29 1 447 64 160 526 105 204
87 33 1 418 184 106 508 216 143
88 33 1 418 184 143 508 216 180
89 33 1 418 184 180 508 216 217
90 27 1 447 105 160 514 150 212
91 30 1 456 0 0 504 40 75
92 28 1 456 0 75 516 44 129
93 29 1 456 0 129 535 41 173
94 29 1 456 0 173 535 41 217
95 31 1 478 150 0 554 184 66
96 31 1 478 150 66 554 184 132
97 31 1 478 150 132 554 184 198
98 26 1 514 105 0 585 150 88
99 26 1 514 105 88 585 150 176
100 36 1 521 184 0 586 211 52
101 29 1 521 184 52 562 228 131
102 26 1 508 184 131 579 229 219
103 28 1 526 41 0 570 95 60
104 24 1 535 0 60 585 89 145
105 33 1 535 0 145 567 90 182
106 33 1 535 0 182 567 90 219
