Utilizacion 70.229029 VolCajasEmpacado 71.315186 Duracion[s] 60.005000 Iteraciones 10861
0 1 0 0 0 0 98 80 56
1 0 0 0 0 56 57 80 151
2 2 1 0 0 151 59 108 211
3 3 2 0 108 0 87 220 23
4 4 2 0 108 23 80 165 118
5 6 3 0 165 23 98 221 103
6 7 3 0 165 103 108 225 162
7 5 3 98 0 0 210 87 23
8 8 4 59 0 56 118 60 164
9 8 4 87 87 0 195 147 59
10 9 5 59 0 164 99 116 205
11 10 5 99 60 59 156 155 139
12 11 6 0 116 162 87 228 185
13 13 7 99 60 139 194 117 219
14 14 7 156 117 59 215 177 167
15 12 7 108 177 0 188 233 98
16 15 8 118 0 23 198 57 118
17 16 9 108 177 98 224 218 138
18 17 10 118 0 118 198 57 213
19 19 11 0 117 185 87 229 208
20 20 11 108 177 138 206 233 218
21 18 11 210 0 0 290 95 57
22 22 12 195 57 57 255 116 165
23 21 12 198 0 57 293 57 137
24 21 12 198 0 137 293 57 217
25 23 13 215 116 0 295 173 95
26 24 14 215 116 95 310 173 175
27 26 15 224 173 0 304 229 98
28 25 15 293 0 0 380 112 23
29 27 16 224 173 98 283 233 206
30 28 16 290 57 23 385 114 103
31 29 17 255 57 103 353 113 183
32 31 18 194 113 175 310 153 216
33 30 18 310 114 0 422 201 23
34 32 19 310 114 23 397 226 46
35 33 20 293 0 23 409 40 64
36 34 20 293 0 64 388 57 144
37 36 21 353 0 144 412 108 204
38 35 21 310 114 46 397 226 69
39 35 21 310 114 69 397 226 92
40 37 22 304 173 92 412 233 151
41 38 23 310 114 92 390 170 190
42 40 24 283 173 151 399 214 191
43 39 24 412 0 0 499 112 23
44 39 24 412 0 23 499 112 46
45 41 25 412 0 46 528 40 87
46 43 25 412 0 87 472 59 195
47 41 25 412 59 46 528 99 87
48 42 25 412 59 87 492 116 182
49 44 26 412 0 195 499 112 218
50 45 26 422 116 0 482 224 59
51 46 27 397 116 59 477 172 157
52 47 28 399 116 157 507 175 217
53 48 28 412 175 59 492 232 154
54 50 29 499 0 87 556 95 167
55 50 29 492 175 0 572 232 95
56 49 29 499 0 167 586 112 190
57 51 30 492 175 95 572 232 190
58 52 30 507 112 0 566 172 108
59 52 30 507 112 108 566 172 216
60 53 31 499 0 190 586 112 213
