Utilizacion 81.623493 VolCajasEmpacado 82.021317 Duracion[s] 60.066000 Iteraciones 1321
0 7 0 0 0 0 56 61 106
1 7 0 0 0 106 56 61 212
2 2 0 0 61 0 56 161 35
3 6 0 0 61 35 42 127 85
4 6 0 0 61 85 42 127 135
5 6 0 0 61 135 42 127 185
6 3 0 0 161 0 113 207 36
7 3 0 0 161 36 113 207 72
8 3 0 0 161 72 113 207 108
9 3 0 0 161 108 113 207 144
10 3 0 0 161 144 113 207 180
11 3 0 0 161 180 113 207 216
12 2 0 0 61 185 56 161 220
13 0 0 0 207 0 101 233 30
14 0 0 101 207 0 202 233 30
15 0 0 202 207 0 303 233 30
16 0 0 303 207 0 404 233 30
17 0 0 404 207 0 505 233 30
18 0 0 0 207 30 101 233 60
19 0 0 0 207 60 101 233 90
20 0 0 0 207 90 101 233 120
21 0 0 0 207 120 101 233 150
22 0 0 0 207 150 101 233 180
23 5 0 56 0 0 147 50 40
24 5 0 56 50 0 147 100 40
25 5 0 56 100 0 147 150 40
26 5 0 56 0 40 147 50 80
27 5 0 56 50 40 147 100 80
28 5 0 56 100 40 147 150 80
29 1 0 56 0 80 137 97 107
30 1 0 56 0 107 137 97 134
31 1 0 56 0 134 137 97 161
32 1 0 56 0 161 137 97 188
33 1 0 56 0 188 137 97 215
34 2 0 56 97 80 156 153 115
35 2 0 56 97 115 156 153 150
36 2 0 56 97 150 156 153 185
37 2 0 56 97 185 156 153 220
38 6 0 113 153 0 179 195 50
39 6 0 113 153 50 179 195 100
40 6 0 113 153 100 179 195 150
41 6 0 113 153 150 179 195 200
42 2 0 113 195 30 213 230 86
43 2 0 113 195 86 213 230 142
44 2 0 113 195 142 213 230 198
45 5 0 147 0 0 238 50 40
46 7 0 147 0 40 253 61 96
47 7 0 147 0 96 253 61 152
48 7 0 147 0 152 253 61 208
49 6 0 156 61 0 206 103 66
50 6 0 156 103 0 206 145 66
51 6 0 156 61 66 206 103 132
52 6 0 156 103 66 206 145 132
53 6 0 156 61 132 206 103 198
54 6 0 156 103 132 206 145 198
55 4 0 206 61 0 308 139 39
56 4 0 308 61 0 410 139 39
57 4 0 206 61 39 308 139 78
58 4 0 308 61 39 410 139 78
59 4 0 206 61 78 308 139 117
60 4 0 308 61 78 410 139 117
61 4 0 206 61 117 308 139 156
62 4 0 308 61 117 410 139 156
63 4 0 206 61 156 308 139 195
64 4 0 308 61 156 410 139 195
65 7 0 206 139 0 312 195 61
66 4 0 213 139 61 315 217 100
67 13 1 179 145 100 270 195 140
68 13 1 179 145 140 270 195 180
69 13 1 179 145 180 270 195 220
70 10 1 213 195 100 313 230 156
71 10 1 213 195 156 313 230 212
72 15 1 253 0 0 309 61 106
73 15 1 309 0 0 365 61 106
74 15 1 365 0 0 421 61 106
75 15 1 421 0 0 477 61 106
76 15 1 477 0 0 533 61 106
77 15 1 253 0 106 309 61 212
78 15 1 309 0 106 365 61 212
79 15 1 365 0 106 421 61 212
80 15 1 421 0 106 477 61 212
81 15 1 477 0 106 533 61 212
82 15 1 270 139 100 331 195 206
83 10 1 315 195 30 415 230 86
84 10 1 315 195 86 415 230 142
85 8 1 313 195 142 414 225 168
86 8 1 313 195 168 414 225 194
87 8 1 313 195 194 414 225 220
88 10 1 331 139 0 431 195 35
89 10 1 431 139 0 531 195 35
90 11 1 331 139 35 444 175 81
91 11 1 331 139 81 444 175 127
92 11 1 331 139 127 444 175 173
93 11 1 331 139 173 444 175 219
94 13 1 410 61 0 501 111 40
95 12 1 410 61 40 512 139 79
96 11 1 410 61 79 523 97 125
97 11 1 410 61 125 523 97 171
98 11 1 410 61 171 523 97 217
99 14 1 410 97 79 476 139 129
100 14 1 476 97 79 542 139 129
101 14 1 410 97 129 476 139 179
102 8 1 410 97 179 511 123 209
103 8 1 415 195 30 516 221 60
104 8 1 415 195 60 516 221 90
105 15 1 415 175 90 521 231 151
106 15 1 415 175 151 521 231 212
107 10 1 444 139 35 544 174 91
108 10 1 444 139 91 544 174 147
109 11 1 444 139 147 557 175 193
110 14 1 511 97 129 561 139 195
111 14 1 531 175 0 581 217 66
112 14 1 531 175 66 581 217 132
113 14 1 531 175 132 581 217 198
114 13 1 533 0 0 583 91 40
115 13 1 533 0 40 583 91 80
116 13 1 533 0 80 583 91 120
117 13 1 533 0 120 583 91 160
118 13 1 533 0 160 583 91 200
