Utilizacion 78.024349 VolCajasEmpacado 78.701686 Duracion[s] 60.057000 Iteraciones 855
0 7 0 0 0 0 49 116 47
1 7 0 49 0 0 98 116 47
2 7 0 98 0 0 147 116 47
3 7 0 0 0 47 49 116 94
4 7 0 49 0 47 98 116 94
5 7 0 98 0 47 147 116 94
6 7 0 0 0 94 49 116 141
7 7 0 49 0 94 98 116 141
8 7 0 98 0 94 147 116 141
9 7 0 0 0 141 49 116 188
10 7 0 49 0 141 98 116 188
11 7 0 98 0 141 147 116 188
12 0 0 0 0 188 33 57 217
13 0 0 0 57 188 33 114 217
14 0 0 0 116 0 33 173 29
15 0 0 0 173 0 33 230 29
16 0 0 0 116 29 33 173 58
17 0 0 0 173 29 33 230 58
18 2 0 0 116 58 33 208 122
19 8 0 0 116 122 52 170 171
20 8 0 0 170 122 52 224 171
21 8 0 0 116 171 52 170 220
22 8 0 0 170 171 52 224 220
23 1 0 33 0 188 132 37 218
24 1 0 33 37 188 132 74 218
25 1 0 33 74 188 132 111 218
26 2 0 52 116 0 116 208 33
27 2 0 52 116 33 116 208 66
28 2 0 52 116 66 116 208 99
29 2 0 52 116 99 116 208 132
30 2 0 52 116 132 116 208 165
31 8 0 52 116 165 104 170 214
32 8 0 52 170 165 104 224 214
33 9 0 116 116 0 153 168 28
34 9 0 116 168 0 153 220 28
35 9 0 116 116 28 153 168 56
36 9 0 116 168 28 153 220 56
37 9 0 116 116 56 153 168 84
38 9 0 116 168 56 153 220 84
39 1 0 116 116 84 153 215 114
40 1 0 116 116 114 153 215 144
41 1 0 116 116 144 153 215 174
42 1 0 116 116 174 153 215 204
43 6 0 147 0 0 215 79 44
44 6 0 147 0 44 215 79 88
45 6 0 147 0 88 215 79 132
46 6 0 147 0 132 215 79 176
47 6 0 147 0 176 215 79 220
48 4 0 147 79 0 222 114 45
49 4 0 222 79 0 297 114 45
50 4 0 147 79 45 222 114 90
51 4 0 222 79 45 297 114 90
52 4 0 147 79 90 222 114 135
53 4 0 222 79 90 297 114 135
54 4 0 147 79 135 222 114 180
55 4 0 222 79 135 297 114 180
56 5 0 153 79 180 272 138 219
57 5 0 153 138 0 272 197 39
58 5 0 153 138 39 272 197 78
59 5 0 153 138 78 272 197 117
60 5 0 153 138 117 272 197 156
61 5 0 153 138 156 272 197 195
62 4 0 153 197 0 228 232 45
63 4 0 228 197 0 303 232 45
64 5 0 215 0 0 334 39 59
65 5 0 215 39 0 334 78 59
66 7 0 215 0 59 331 47 108
67 3 0 297 78 0 389 191 33
68 3 0 297 78 33 389 191 66
69 3 0 297 78 66 389 191 99
70 3 0 297 78 99 389 191 132
71 3 0 297 78 132 389 191 165
72 3 0 297 78 165 389 191 198
73 18 1 153 197 45 186 226 102
74 18 1 186 197 45 219 226 102
75 18 1 219 197 45 252 226 102
76 18 1 252 197 45 285 226 102
77 18 1 285 197 45 318 226 102
78 18 1 153 197 102 186 226 159
79 18 1 186 197 102 219 226 159
80 18 1 219 197 102 252 226 159
81 18 1 252 197 102 285 226 159
82 18 1 285 197 102 318 226 159
83 14 1 153 197 159 228 232 204
84 19 1 228 197 159 265 225 211
85 19 1 265 197 159 317 225 196
86 12 1 215 0 108 259 68 187
87 19 1 215 0 187 252 52 215
88 11 1 259 0 108 375 47 157
89 11 1 259 0 157 375 47 206
90 19 1 259 47 59 296 75 111
91 19 1 296 47 59 333 75 111
92 19 1 259 47 111 296 75 163
93 19 1 296 47 111 333 75 163
94 18 1 259 47 163 292 76 220
95 19 1 292 47 163 329 75 215
96 16 1 318 191 0 410 224 64
97 16 1 410 191 0 502 224 64
98 16 1 318 191 64 410 224 128
99 16 1 410 191 64 502 224 128
100 16 1 318 191 128 410 224 192
101 16 1 410 191 128 502 224 192
102 19 1 317 191 192 369 228 220
103 19 1 334 47 0 371 75 52
104 19 1 369 191 192 421 228 220
105 17 1 371 47 0 470 77 37
106 17 1 371 47 37 470 77 74
107 17 1 371 47 74 470 77 111
108 17 1 371 47 111 470 77 148
109 17 1 371 47 148 470 77 185
110 11 1 375 0 0 491 47 49
111 11 1 375 0 49 491 47 98
112 11 1 375 0 98 491 47 147
113 11 1 375 0 147 491 47 196
114 17 1 389 77 0 488 107 37
115 17 1 389 107 0 488 137 37
116 17 1 389 137 0 488 167 37
117 10 1 389 77 37 443 129 86
118 10 1 389 129 37 443 181 86
119 10 1 389 77 86 443 129 135
120 10 1 389 129 86 443 181 135
121 10 1 389 77 135 443 129 184
122 10 1 389 129 135 443 181 184
123 17 1 389 47 185 488 84 215
124 14 1 389 84 184 434 159 219
125 14 1 443 84 37 518 129 72
126 14 1 443 129 37 518 174 72
127 14 1 443 84 72 518 129 107
128 14 1 443 129 72 518 174 107
129 14 1 443 84 107 518 129 142
130 14 1 443 129 107 518 174 142
131 14 1 443 84 142 518 129 177
132 14 1 443 129 142 518 174 177
133 17 1 443 84 177 473 183 214
134 17 1 473 84 177 503 183 214
135 17 1 488 47 0 587 84 30
136 14 1 488 47 30 563 82 75
137 12 1 491 0 0 570 44 68
138 12 1 491 0 68 570 44 136
139 12 1 491 0 136 570 44 204
140 12 1 502 183 0 570 227 79
141 10 1 502 183 79 554 232 133
142 12 1 502 183 133 581 227 201
143 12 1 518 84 0 562 163 68
144 12 1 518 82 68 562 161 136
145 13 1 518 44 136 577 163 175
146 13 1 518 44 175 577 163 214
