Utilizacion 75.792768 VolCajasEmpacado 76.518793 Duracion[s] 60.004000 Iteraciones 3014
0 3 0 0 0 0 73 52 54
1 3 0 0 0 54 73 52 108
2 3 0 0 0 108 73 52 162
3 3 0 0 0 162 73 52 216
4 1 0 0 52 0 68 144 39
5 1 0 0 52 39 68 144 78
6 1 0 0 52 78 68 144 117
7 1 0 0 52 117 68 144 156
8 1 0 0 52 156 68 144 195
9 0 0 0 144 0 90 230 29
10 0 0 0 144 29 90 230 58
11 0 0 0 144 58 90 230 87
12 0 0 0 144 87 90 230 116
13 0 0 0 144 116 90 230 145
14 0 0 0 144 145 90 230 174
15 0 0 0 144 174 90 230 203
16 1 0 68 52 0 136 144 39
17 1 0 68 52 39 136 144 78
18 1 0 68 52 78 136 144 117
19 1 0 68 52 117 136 144 156
20 1 0 68 52 156 136 144 195
21 4 0 73 0 0 129 32 28
22 4 0 73 0 28 129 32 56
23 4 0 73 0 56 129 32 84
24 4 0 73 0 84 129 32 112
25 4 0 73 0 112 129 32 140
26 0 0 90 144 0 180 230 29
27 0 0 90 144 29 180 230 58
28 0 0 90 144 58 180 230 87
29 0 0 90 144 87 180 230 116
30 2 0 136 0 0 236 114 45
31 2 0 136 0 45 236 114 90
32 7 1 73 0 140 165 39 208
33 9 1 90 144 116 163 198 168
34 9 1 90 144 168 163 198 220
35 5 1 90 198 116 146 226 148
36 5 1 90 198 148 146 226 180
37 5 1 90 198 180 146 226 212
38 5 1 146 198 116 202 230 144
39 5 1 136 114 0 192 142 32
40 8 1 136 39 90 250 139 135
41 7 1 136 39 135 228 107 174
42 5 1 136 39 174 192 67 206
43 5 1 136 67 174 192 95 206
44 5 1 136 107 135 192 139 163
45 5 1 136 107 163 192 139 191
46 7 1 165 0 90 257 39 158
47 9 1 180 142 0 234 194 73
48 9 1 180 142 73 234 194 146
49 9 1 180 142 146 234 194 219
50 7 1 192 0 174 260 92 213
51 7 1 202 194 0 294 233 68
52 8 1 250 92 0 364 192 45
53 8 1 250 92 45 364 192 90
54 8 1 250 92 90 364 192 135
55 6 1 260 0 0 346 90 29
56 6 1 260 0 29 346 90 58
57 6 1 260 0 58 346 90 87
58 6 1 260 0 87 346 90 116
59 14 2 136 95 191 192 127 219
60 14 2 146 198 144 202 226 176
61 14 2 146 198 176 202 226 208
62 10 2 202 194 68 294 233 136
63 10 2 202 194 136 294 233 204
64 12 2 234 92 135 348 192 180
65 10 2 234 92 180 326 160 219
66 13 2 260 0 116 346 90 145
67 13 2 260 0 145 346 90 174
68 13 2 260 0 174 346 90 203
69 11 2 346 0 0 400 52 73
70 11 2 346 0 73 400 52 146
71 11 2 346 0 146 400 52 219
72 11 2 364 52 0 437 106 52
73 11 2 364 106 0 437 160 52
74 11 2 364 160 0 437 214 52
75 11 2 364 52 52 416 125 106
76 11 2 364 52 106 416 125 160
77 11 2 364 52 160 416 125 214
78 13 2 364 125 52 450 215 81
79 13 2 364 125 81 450 215 110
80 13 2 364 125 110 450 215 139
81 13 2 364 125 139 450 215 168
82 12 2 348 125 168 462 225 213
83 12 2 437 0 0 551 100 45
84 12 2 437 0 45 551 100 90
85 12 2 437 0 90 551 100 135
86 16 3 400 0 135 492 39 203
87 16 3 492 0 135 584 39 203
88 15 3 416 39 135 506 125 164
89 18 3 416 39 164 468 112 218
90 18 3 468 39 164 520 112 218
91 16 3 520 39 135 559 131 203
92 15 3 462 131 0 548 221 29
93 15 3 462 131 29 548 221 58
94 15 3 462 131 58 548 221 87
95 15 3 462 131 87 548 221 116
96 17 3 462 131 116 576 231 161
97 17 3 462 131 161 576 231 206
