Utilizacion 79.302298 VolCajasEmpacado 80.711147 Duracion[s] 60.011000 Iteraciones 3086
0 2 0 0 0 0 62 95 70
1 2 0 0 95 0 62 190 70
2 2 0 0 0 70 62 95 140
3 2 0 0 95 70 62 190 140
4 2 0 0 0 140 62 95 210
5 2 0 0 95 140 62 190 210
6 1 0 0 190 0 51 231 60
7 1 0 51 190 0 102 231 60
8 1 0 102 190 0 153 231 60
9 1 0 153 190 0 204 231 60
10 1 0 204 190 0 255 231 60
11 1 0 255 190 0 306 231 60
12 4 0 0 190 60 49 211 85
13 4 0 0 211 60 49 232 85
14 4 0 0 190 85 49 211 110
15 4 0 0 211 85 49 232 110
16 4 0 0 190 110 49 215 131
17 0 0 49 190 60 160 216 109
18 0 0 49 190 109 160 216 158
19 3 0 62 0 0 138 64 103
20 3 0 62 0 103 138 64 206
21 6 1 0 190 158 111 216 207
22 9 1 62 64 0 165 128 76
23 9 1 165 64 0 268 128 76
24 9 1 268 64 0 371 128 76
25 9 1 371 64 0 474 128 76
26 9 1 474 64 0 577 128 76
27 7 1 62 128 0 103 188 51
28 8 1 62 64 76 124 159 146
29 8 1 62 64 146 124 159 216
30 5 1 62 159 51 111 180 76
31 8 1 111 159 158 206 229 220
32 5 1 62 159 76 111 180 101
33 5 1 62 159 101 111 180 126
34 8 1 124 64 76 186 159 146
35 8 1 124 64 146 186 159 216
36 7 1 138 0 0 179 60 51
37 7 1 179 0 0 220 60 51
38 7 1 220 0 0 261 60 51
39 9 1 138 0 51 241 64 127
40 9 1 138 0 127 241 64 203
41 6 1 186 64 76 297 113 102
42 6 1 186 64 102 297 113 128
43 6 1 186 64 128 297 113 154
44 6 1 186 64 154 297 113 180
45 14 2 186 128 0 235 153 21
46 13 2 186 64 180 297 113 206
47 14 2 186 128 21 235 153 42
48 13 2 186 113 76 297 139 125
49 10 2 186 113 125 237 154 185
50 11 2 206 154 60 309 230 124
51 11 2 206 154 124 309 230 188
52 13 2 206 113 188 255 224 214
53 13 2 255 113 188 304 224 214
54 11 2 261 0 0 364 64 76
55 11 2 364 0 0 467 64 76
56 11 2 467 0 0 570 64 76
57 11 2 261 0 76 364 64 152
58 11 2 364 0 76 467 64 152
59 11 2 467 0 76 570 64 152
60 10 2 241 0 152 282 60 203
61 11 2 297 0 152 373 103 216
62 11 2 373 0 152 476 76 216
63 12 2 309 128 0 371 223 70
64 12 2 371 128 0 433 223 70
65 12 2 433 128 0 495 223 70
66 15 3 304 103 76 329 152 97
67 15 3 329 103 76 354 152 97
68 15 3 354 103 76 379 152 97
69 15 3 379 103 76 404 152 97
70 15 3 404 103 76 429 152 97
71 15 3 429 103 76 454 152 97
72 16 3 304 103 97 364 154 138
73 16 3 304 103 138 364 154 179
74 16 3 304 103 179 364 154 220
75 17 3 309 154 70 404 216 140
76 18 3 309 154 140 412 230 204
77 16 3 476 0 152 527 41 212
78 16 3 364 103 97 424 144 148
79 16 3 424 103 97 484 144 148
80 17 3 373 76 148 468 146 210
81 17 3 484 64 76 579 134 138
82 18 3 412 152 70 515 228 134
83 18 3 412 152 134 515 228 198
84 18 3 484 64 138 587 140 202
85 19 4 412 146 198 461 171 219
86 19 4 412 171 198 461 196 219
87 19 4 412 196 198 461 221 219
88 19 4 461 146 198 486 195 219
89 19 4 461 195 198 510 220 219
90 19 4 476 41 152 525 62 177
91 22 4 515 140 0 585 202 95
92 22 4 515 140 95 585 202 190
93 21 4 527 0 152 587 41 203
