Utilizacion 77.758931 VolCajasEmpacado 78.957657 Duracion[s] 60.042000 Iteraciones 1211
0 5 0 0 0 0 40 58 58
1 5 0 0 58 0 40 116 58
2 5 0 0 116 0 40 174 58
3 5 0 0 174 0 40 232 58
4 5 0 0 0 58 58 40 116
5 5 0 0 40 58 58 80 116
6 5 0 0 80 58 58 120 116
7 5 0 0 120 58 58 160 116
8 11 0 0 0 116 55 108 145
9 11 0 0 0 145 55 108 174
10 11 0 0 0 174 55 108 203
11 10 0 0 108 116 72 138 166
12 10 0 0 138 116 72 168 166
13 10 0 0 108 166 72 138 216
14 10 0 0 138 166 72 168 216
15 6 0 0 168 58 38 217 112
16 6 0 0 168 112 38 217 166
17 6 0 0 168 166 38 217 220
18 8 0 40 168 0 159 231 37
19 3 0 40 168 37 111 229 125
20 3 0 111 168 37 182 229 125
21 6 0 38 168 125 76 222 174
22 4 0 38 168 174 107 214 218
23 4 0 58 0 0 127 44 46
24 4 0 58 44 0 127 88 46
25 7 0 58 0 46 135 108 83
26 7 0 58 0 83 135 108 120
27 10 0 55 0 120 127 30 170
28 10 0 55 0 170 127 30 220
29 3 0 55 30 120 116 101 208
30 4 0 72 108 0 141 154 44
31 4 0 72 108 44 141 154 88
32 4 0 72 108 88 141 154 132
33 4 0 72 108 132 141 154 176
34 8 0 72 101 176 191 164 213
35 2 0 107 164 125 185 230 206
36 1 0 135 0 0 246 49 21
37 1 0 135 49 0 246 98 21
38 9 0 135 0 21 193 83 56
39 9 0 193 0 21 251 83 56
40 0 0 135 0 56 229 100 84
41 0 0 135 0 84 229 100 112
42 0 0 135 0 112 229 100 140
43 0 0 135 0 140 229 100 168
44 0 0 135 0 168 229 100 196
45 1 0 116 30 196 227 79 217
46 8 0 185 164 0 304 227 37
47 8 0 304 164 0 423 227 37
48 8 0 423 164 0 542 227 37
49 8 0 185 164 37 304 227 74
50 8 0 304 164 37 423 227 74
51 8 0 423 164 37 542 227 74
52 3 0 185 164 74 273 225 145
53 3 0 185 164 145 273 225 216
54 9 0 191 100 0 274 158 35
55 9 0 191 100 35 274 158 70
56 9 0 191 100 70 274 158 105
57 9 0 191 100 105 274 158 140
58 1 0 191 100 140 302 149 161
59 1 0 191 100 161 302 149 182
60 2 0 273 158 74 351 224 155
61 2 0 251 0 0 332 78 66
62 2 0 332 0 0 413 78 66
63 0 0 229 0 66 329 94 94
64 16 1 191 100 182 245 149 220
65 21 1 229 0 94 337 29 149
66 21 1 229 29 94 337 58 149
67 21 1 229 58 94 337 87 149
68 21 1 229 0 149 337 29 204
69 21 1 229 29 149 337 58 204
70 21 1 229 58 149 337 87 204
71 16 1 245 87 182 299 136 220
72 19 1 273 149 155 308 232 213
73 17 1 337 0 66 414 108 103
74 17 1 337 0 103 414 108 140
75 17 1 337 0 140 414 108 177
76 17 1 337 0 177 414 108 214
77 15 1 302 108 0 360 148 58
78 15 1 302 108 58 360 148 116
79 15 1 302 108 116 360 148 174
80 14 1 308 108 174 352 177 220
81 16 1 308 177 155 346 231 204
82 23 1 351 177 74 462 226 95
83 23 1 351 177 95 462 226 116
84 23 1 351 177 116 462 226 137
85 23 1 351 177 137 462 226 158
86 20 1 346 177 158 418 227 188
87 20 1 418 177 158 490 227 188
88 20 1 346 177 188 418 227 218
89 20 1 418 177 188 490 227 218
90 14 1 360 108 0 429 154 44
91 14 1 360 108 44 429 154 88
92 14 1 360 108 88 429 154 132
93 14 1 360 108 132 429 154 176
94 14 1 360 108 176 429 154 220
95 12 1 414 0 0 495 78 66
96 12 1 414 0 66 495 78 132
97 12 1 414 0 132 495 78 198
98 13 1 429 78 0 500 139 88
99 13 1 500 78 0 571 139 88
100 22 1 429 78 88 529 172 116
101 22 1 429 78 116 529 172 144
102 22 1 429 78 144 529 172 172
103 22 1 429 78 172 529 172 200
104 13 1 490 172 74 561 233 162
105 15 1 490 172 162 548 230 202
106 13 1 495 0 0 583 71 61
107 14 1 495 0 61 541 69 105
108 14 1 541 0 61 587 69 105
109 14 1 495 0 105 541 69 149
110 14 1 541 0 105 587 69 149
111 12 1 495 0 149 576 78 215
112 16 1 529 78 88 578 132 126
113 15 1 529 78 126 587 136 166
114 19 1 529 78 166 587 161 201
