Utilizacion 68.127215 VolCajasEmpacado 68.846975 Duracion[s] 60.010000 Iteraciones 5613
0 0 0 0 0 0 81 72 45
1 2 1 0 0 45 72 45 126
2 1 1 0 72 0 57 160 38
3 3 1 0 160 0 100 204 75
4 4 2 0 0 126 112 69 157
5 5 2 0 72 38 95 140 134
6 6 3 0 0 157 72 81 202
7 7 3 0 140 75 95 208 171
8 9 4 72 0 157 105 29 189
9 8 4 0 208 0 52 229 34
10 10 5 0 208 34 52 229 68
11 11 5 95 69 0 190 137 96
12 12 6 0 81 134 100 125 209
13 13 7 0 125 171 72 206 216
14 14 8 0 208 68 52 229 102
15 15 8 72 0 189 105 32 218
16 17 8 100 137 0 138 225 57
17 16 8 100 137 57 131 233 117
18 19 9 95 125 117 148 191 195
19 18 9 112 0 0 224 69 31
20 20 10 100 69 96 196 100 156
21 22 10 112 0 31 208 68 126
22 21 10 112 0 126 219 55 196
23 23 11 100 69 156 196 100 216
24 24 11 148 137 0 248 181 75
25 24 11 148 181 0 248 225 75
26 25 12 95 191 117 126 222 168
27 26 12 148 137 75 248 212 119
28 27 13 72 191 171 101 224 203
29 28 13 101 191 168 132 222 219
30 29 13 148 100 119 217 212 150
31 30 13 148 100 150 201 178 216
32 31 14 132 191 150 195 227 207
33 32 15 217 69 0 270 135 78
34 32 15 270 69 0 323 135 78
35 32 15 323 69 0 376 135 78
36 33 15 248 135 0 340 220 34
37 34 16 105 0 196 139 52 217
38 36 16 208 55 78 277 90 139
39 37 16 196 55 139 284 93 196
40 38 16 217 93 78 317 137 153
41 35 16 201 93 153 293 178 187
42 39 17 224 0 0 305 45 72
43 40 18 139 0 196 191 34 217
44 41 18 219 0 72 285 53 150
45 42 19 219 0 150 276 36 213
46 46 20 195 178 150 216 230 184
47 45 20 217 178 119 274 214 182
48 43 20 274 178 34 355 223 106
49 44 20 274 178 106 374 222 181
50 48 21 195 178 184 228 207 216
51 47 21 196 36 196 230 88 217
52 49 21 228 178 182 294 216 220
53 50 21 284 53 78 372 91 135
54 50 21 284 53 135 372 91 192
55 51 21 305 0 0 371 53 78
56 52 21 317 91 78 413 159 173
57 53 22 201 93 187 313 162 218
58 54 22 285 0 78 363 53 144
59 55 23 285 0 144 317 29 177
60 56 23 313 91 173 413 166 217
61 56 23 371 0 0 471 44 75
62 57 23 372 0 75 468 68 170
63 58 24 372 0 170 484 69 201
64 58 24 413 69 0 482 181 31
65 60 25 413 69 31 468 139 138
66 59 25 413 69 138 479 147 191
67 64 26 294 166 181 360 204 219
68 61 26 374 181 0 405 232 31
69 63 26 405 181 0 462 217 63
70 62 26 374 166 63 440 219 141
71 66 27 374 166 141 412 232 179
72 67 27 462 181 0 562 225 75
73 67 27 462 181 75 562 225 150
74 65 27 482 69 0 574 154 34
75 69 28 374 166 179 412 232 217
76 68 28 479 69 34 575 100 94
77 70 28 479 69 94 567 107 151
78 71 28 479 107 34 560 179 79
79 73 29 413 147 150 513 222 194
80 73 29 479 69 151 579 144 195
81 72 29 513 144 79 576 180 136
82 74 29 484 0 0 579 68 96
83 75 30 484 0 96 580 68 191
84 76 31 484 0 191 516 33 220
