Utilizacion 76.728051 VolCajasEmpacado 77.362625 Duracion[s] 60.003000 Iteraciones 1563
0 3 0 0 0 0 83 113 76
1 3 0 0 113 0 83 226 76
2 18 0 0 0 76 29 114 107
3 18 0 0 0 107 29 114 138
4 18 0 0 0 138 29 114 169
5 18 0 0 0 169 29 114 200
6 12 0 0 114 76 92 154 120
7 12 0 0 154 76 92 194 120
8 4 0 0 114 120 94 188 218
9 17 0 0 194 76 86 230 105
10 17 0 0 194 105 86 230 134
11 17 0 0 194 134 86 230 163
12 17 0 0 194 163 86 230 192
13 9 0 29 0 76 119 60 136
14 9 0 29 0 136 119 60 196
15 11 0 29 60 76 70 113 155
16 11 0 29 60 155 108 113 196
17 13 0 86 194 0 159 226 42
18 14 0 86 194 42 154 225 92
19 15 0 86 194 92 190 224 147
20 15 0 86 194 147 190 224 202
21 11 0 94 113 0 135 166 79
22 7 0 94 113 79 167 175 147
23 7 0 94 113 147 167 175 215
24 19 0 108 60 0 150 104 44
25 16 0 108 60 44 178 101 74
26 16 0 108 60 74 178 101 104
27 16 0 108 60 104 178 101 134
28 16 0 108 60 134 178 101 164
29 11 0 108 60 164 187 101 217
30 1 0 119 0 0 223 60 26
31 1 0 119 0 26 223 60 52
32 1 0 119 0 52 223 60 78
33 1 0 119 0 78 223 60 104
34 1 0 119 0 104 223 60 130
35 8 0 119 0 130 234 60 215
36 2 0 167 101 0 267 191 79
37 2 0 167 101 79 267 191 158
38 0 0 167 101 158 263 192 186
39 0 0 167 101 186 263 192 214
40 6 0 234 0 0 333 98 68
41 6 0 234 0 68 333 98 136
42 6 0 234 0 136 333 98 204
43 8 0 267 98 0 382 183 60
44 8 0 382 98 0 497 183 60
45 8 0 267 98 60 382 183 120
46 8 0 382 98 60 497 183 120
47 6 0 267 98 120 335 197 218
48 0 0 333 0 0 424 96 28
49 5 0 333 0 28 422 92 101
50 10 0 333 0 101 421 88 144
51 10 0 333 0 144 421 88 187
52 10 0 335 88 120 423 176 163
53 10 0 335 88 163 423 176 206
54 37 1 190 197 0 304 226 31
55 37 1 190 197 31 304 226 62
56 32 1 190 197 62 263 229 104
57 32 1 190 197 104 263 229 146
58 35 1 190 197 146 260 227 187
59 36 1 190 197 187 276 233 216
60 36 1 304 197 0 390 233 29
61 34 1 304 197 29 408 227 84
62 35 1 276 197 84 346 227 125
63 35 1 276 197 125 346 227 166
64 35 1 276 197 166 346 227 207
65 35 1 333 0 187 374 70 217
66 35 1 374 0 187 415 70 217
67 20 1 346 183 84 390 227 126
68 20 1 346 183 126 390 227 168
69 20 1 346 183 168 390 227 210
70 33 1 408 183 0 476 233 31
71 20 1 408 183 31 450 227 75
72 20 1 408 183 75 450 227 119
73 31 1 390 183 119 482 227 159
74 30 1 390 176 159 469 217 212
75 27 1 424 0 0 522 94 74
76 27 1 424 0 74 522 94 148
77 21 1 421 0 148 509 88 191
78 39 1 415 0 191 519 60 217
79 25 1 423 94 120 522 162 218
80 24 1 497 162 0 565 224 73
81 24 1 497 162 73 565 224 146
82 24 1 497 162 146 565 224 219
83 24 1 522 0 0 584 68 73
84 24 1 522 0 73 584 68 146
85 39 1 522 0 146 582 104 172
86 39 1 522 0 172 582 104 198
