Utilizacion 78.996119 VolCajasEmpacado 80.480782 Duracion[s] 60.007000 Iteraciones 1732
0 2 0 0 0 0 52 62 59
1 2 0 52 0 0 104 62 59
2 2 0 0 62 0 52 124 59
3 2 0 52 62 0 104 124 59
4 2 0 0 124 0 52 186 59
5 2 0 52 124 0 104 186 59
6 3 0 0 0 59 65 69 161
7 4 0 0 0 161 37 52 211
8 1 0 0 69 59 54 121 109
9 4 0 37 0 161 74 50 213
10 0 0 0 186 0 97 232 76
11 0 0 97 186 0 194 232 76
12 0 0 194 186 0 291 232 76
13 0 0 0 186 76 97 232 152
14 0 0 97 186 76 194 232 152
15 0 0 194 186 76 291 232 152
16 3 0 0 121 59 102 186 128
17 3 0 0 121 128 102 186 197
18 2 0 0 69 109 62 121 168
19 3 0 65 50 59 134 115 161
20 3 0 104 115 0 206 180 69
21 7 1 0 52 168 50 106 220
22 5 1 0 186 152 52 223 202
23 5 1 52 186 152 102 223 204
24 5 1 102 186 152 152 223 204
25 5 1 152 186 152 202 223 204
26 5 1 202 186 152 252 223 204
27 5 1 252 186 152 302 223 204
28 5 1 74 0 59 111 50 111
29 5 1 74 0 111 111 50 163
30 5 1 74 0 163 111 50 215
31 7 1 102 50 161 154 100 215
32 9 1 102 115 69 204 184 134
33 9 1 102 115 134 204 184 199
34 7 1 111 0 0 165 50 52
35 7 1 111 0 52 165 50 104
36 6 1 111 0 104 208 46 180
37 9 1 154 50 0 256 115 69
38 9 1 154 50 69 256 115 138
39 9 1 154 50 138 256 115 207
40 8 1 206 115 0 268 174 52
41 6 1 206 115 52 303 161 128
42 14 2 111 0 180 163 50 217
43 14 2 163 0 180 215 50 217
44 11 2 204 115 128 306 184 193
45 14 2 215 0 0 267 50 37
46 10 2 215 0 37 269 50 89
47 10 2 215 0 89 269 50 141
48 10 2 215 0 141 269 50 193
49 11 2 256 50 0 325 115 102
50 12 2 256 50 102 315 102 164
51 10 2 256 50 164 306 102 218
52 14 2 269 0 0 321 50 37
53 14 2 269 0 37 306 50 89
54 14 2 269 0 89 306 50 141
55 14 2 269 0 141 306 50 193
56 13 2 302 184 0 399 230 76
57 13 2 302 184 76 399 230 152
58 14 2 302 184 152 352 221 204
59 11 2 306 115 0 371 184 102
60 11 2 371 115 0 436 184 102
61 11 2 306 115 102 371 184 204
62 11 2 371 115 102 436 184 204
63 14 2 321 0 0 373 50 37
64 12 2 325 0 37 387 52 96
65 12 2 325 0 96 387 52 155
66 12 2 325 0 155 387 52 214
67 13 2 325 52 0 422 98 76
68 13 2 325 52 76 422 98 152
69 13 2 387 0 0 484 46 76
70 13 2 484 0 0 581 46 76
71 13 2 387 0 76 484 46 152
72 13 2 484 0 76 581 46 152
73 18 3 315 52 152 374 114 204
74 18 3 374 52 152 433 114 204
75 15 3 352 184 152 402 221 204
76 18 3 387 0 152 446 52 214
77 16 3 402 184 0 499 230 76
78 16 3 402 184 76 499 230 152
79 15 3 402 184 152 452 221 204
80 16 3 433 52 0 530 98 76
81 18 3 433 52 76 492 114 128
82 18 3 492 52 76 551 114 128
83 18 3 433 52 128 492 114 180
84 18 3 492 52 128 551 114 180
85 15 3 433 52 180 485 102 217
86 15 3 446 0 152 483 52 202
87 19 3 436 114 0 501 183 102
88 19 3 436 114 102 501 183 204
89 17 3 452 183 152 506 233 204
90 17 3 483 0 152 533 52 206
91 15 3 485 52 180 537 102 217
92 17 3 501 114 0 553 168 50
93 17 3 501 114 50 553 168 100
94 17 3 501 114 100 553 168 150
95 15 3 501 114 150 553 164 187
96 19 3 506 168 0 575 233 102
97 19 3 506 168 102 575 233 204
98 15 3 533 0 152 583 52 189
