Utilizacion 85.145442 VolCajasEmpacado 86.289270 Duracion[s] 60.021000 Iteraciones 937
0 0 0 0 0 0 24 37 45
1 0 0 0 37 0 24 74 45
2 0 0 0 74 0 24 111 45
3 0 0 0 111 0 24 148 45
4 0 0 0 148 0 24 185 45
5 0 0 0 185 0 24 222 45
6 0 0 0 0 45 24 45 82
7 0 0 0 45 45 24 90 82
8 0 0 0 90 45 24 135 82
9 0 0 0 135 45 24 180 82
10 0 0 0 180 45 24 225 82
11 0 0 0 0 82 24 45 119
12 0 0 0 45 82 24 90 119
13 0 0 0 90 82 24 135 119
14 0 0 0 135 82 24 180 119
15 0 0 0 180 82 24 225 119
16 0 0 0 0 119 24 45 156
17 0 0 0 45 119 24 90 156
18 0 0 0 90 119 24 135 156
19 0 0 0 135 119 24 180 156
20 0 0 0 180 119 24 225 156
21 3 0 0 0 156 32 74 216
22 3 0 0 74 156 32 148 216
23 3 0 0 148 156 32 222 216
24 2 0 32 0 0 102 95 30
25 2 0 32 95 0 102 190 30
26 2 0 32 0 30 102 95 60
27 2 0 32 95 30 102 190 60
28 2 0 32 0 60 102 95 90
29 2 0 32 95 60 102 190 90
30 2 0 32 0 90 102 95 120
31 2 0 32 95 90 102 190 120
32 2 0 32 0 120 102 95 150
33 2 0 32 95 120 102 190 150
34 2 0 32 0 150 102 95 180
35 2 0 32 95 150 102 190 180
36 2 0 32 0 180 102 95 210
37 2 0 32 95 180 102 190 210
38 4 0 32 190 0 83 225 55
39 3 0 32 190 55 106 222 115
40 3 0 32 190 115 106 222 175
41 0 0 32 190 175 56 227 220
42 7 0 102 0 0 178 61 71
43 7 0 178 0 0 254 61 71
44 7 0 254 0 0 330 61 71
45 7 0 330 0 0 406 61 71
46 7 0 406 0 0 482 61 71
47 7 0 482 0 0 558 61 71
48 7 0 102 61 0 178 122 71
49 7 0 178 61 0 254 122 71
50 7 0 254 61 0 330 122 71
51 7 0 330 61 0 406 122 71
52 7 0 406 61 0 482 122 71
53 7 0 482 61 0 558 122 71
54 7 0 102 122 0 178 183 71
55 7 0 178 122 0 254 183 71
56 7 0 254 122 0 330 183 71
57 7 0 330 122 0 406 183 71
58 7 0 406 122 0 482 183 71
59 7 0 482 122 0 558 183 71
60 5 0 102 0 71 144 95 145
61 5 0 102 95 71 144 190 145
62 5 0 102 0 145 144 95 219
63 5 0 102 95 145 144 190 219
64 4 0 106 190 0 157 225 55
65 5 0 106 190 55 201 232 129
66 5 0 106 190 129 201 232 203
67 4 0 144 0 71 195 55 106
68 4 0 144 0 106 195 55 141
69 4 0 144 0 141 195 55 176
70 4 0 144 0 176 195 55 211
71 3 0 144 55 71 218 115 103
72 3 0 218 55 71 292 115 103
73 3 0 292 55 71 366 115 103
74 3 0 366 55 71 440 115 103
75 3 0 440 55 71 514 115 103
76 3 0 144 115 71 218 175 103
77 3 0 218 115 71 292 175 103
78 3 0 292 115 71 366 175 103
79 3 0 366 115 71 440 175 103
80 3 0 440 115 71 514 175 103
81 6 0 144 55 103 194 155 146
82 6 0 194 55 103 244 155 146
83 6 0 244 55 103 294 155 146
84 6 0 294 55 103 344 155 146
85 6 0 344 55 103 394 155 146
86 6 0 394 55 103 444 155 146
87 6 0 444 55 103 494 155 146
88 6 0 144 55 146 194 155 189
89 6 0 194 55 146 244 155 189
90 6 0 244 55 146 294 155 189
91 6 0 294 55 146 344 155 189
92 6 0 344 55 146 394 155 189
93 6 0 394 55 146 444 155 189
94 6 0 444 55 146 494 155 189
95 4 0 144 155 103 195 190 158
96 4 0 195 155 103 246 190 158
97 4 0 246 155 103 297 190 158
98 4 0 297 155 103 348 190 158
99 4 0 348 155 103 399 190 158
100 4 0 399 155 103 450 190 158
101 4 0 450 155 103 501 190 158
102 4 0 144 155 158 195 190 213
103 4 0 195 155 158 246 190 213
104 4 0 246 155 158 297 190 213
105 4 0 297 155 158 348 190 213
106 4 0 348 155 158 399 190 213
107 4 0 399 155 158 450 190 213
108 4 0 450 155 158 501 190 213
109 2 0 144 55 189 214 150 219
110 5 0 195 0 71 290 42 145
111 5 0 195 0 145 290 42 219
112 6 0 201 190 0 301 233 50
113 6 0 201 190 50 301 233 100
114 6 0 201 190 100 301 233 150
115 6 0 201 190 150 301 233 200
116 1 0 214 42 189 274 109 214
117 2 0 274 42 189 369 112 219
118 2 0 369 42 189 464 112 219
119 5 0 290 0 71 385 42 145
120 5 0 290 0 145 385 42 219
121 3 0 301 190 0 375 222 60
122 3 0 301 190 60 375 222 120
123 3 0 301 190 120 375 222 180
124 6 0 375 190 0 475 233 50
125 5 0 375 190 50 470 232 124
126 5 0 375 190 124 470 232 198
127 5 0 385 0 71 480 42 145
128 5 0 480 0 71 575 42 145
129 5 0 385 0 145 480 42 219
130 5 0 480 0 145 575 42 219
131 1 0 464 42 189 524 109 214
132 5 0 475 190 0 570 232 74
133 5 0 475 190 74 570 232 148
134 3 0 470 190 148 544 222 208
135 7 0 514 109 71 585 170 147
136 7 0 501 109 147 577 170 218
137 1 0 524 42 71 584 109 96
138 1 0 524 42 96 584 109 121
139 1 0 524 42 121 584 109 146
140 1 0 524 42 146 584 109 171
141 1 0 524 42 171 584 109 196
