Utilizacion 83.499393 VolCajasEmpacado 84.075438 Duracion[s] 60.027000 Iteraciones 1268
0 4 0 0 0 0 55 75 98
1 4 0 55 0 0 110 75 98
2 4 0 110 0 0 165 75 98
3 4 0 0 75 0 55 150 98
4 4 0 55 75 0 110 150 98
5 4 0 110 75 0 165 150 98
6 4 0 0 150 0 55 225 98
7 4 0 55 150 0 110 225 98
8 4 0 110 150 0 165 225 98
9 4 0 0 0 98 55 75 196
10 4 0 55 0 98 110 75 196
11 4 0 110 0 98 165 75 196
12 4 0 0 75 98 55 150 196
13 4 0 55 75 98 110 150 196
14 4 0 110 75 98 165 150 196
15 4 0 0 150 98 55 225 196
16 4 0 55 150 98 110 225 196
17 4 0 110 150 98 165 225 196
18 1 0 165 0 0 225 32 40
19 1 0 225 0 0 285 32 40
20 1 0 285 0 0 345 32 40
21 1 0 165 32 0 225 64 40
22 1 0 225 32 0 285 64 40
23 1 0 285 32 0 345 64 40
24 1 0 165 64 0 225 96 40
25 1 0 225 64 0 285 96 40
26 1 0 285 64 0 345 96 40
27 1 0 165 96 0 225 128 40
28 1 0 225 96 0 285 128 40
29 1 0 285 96 0 345 128 40
30 1 0 165 128 0 225 160 40
31 1 0 225 128 0 285 160 40
32 1 0 285 128 0 345 160 40
33 1 0 165 160 0 225 192 40
34 1 0 225 160 0 285 192 40
35 1 0 285 160 0 345 192 40
36 1 0 165 192 0 225 224 40
37 1 0 225 192 0 285 224 40
38 1 0 285 192 0 345 224 40
39 3 0 165 0 40 246 56 80
40 3 0 246 0 40 327 56 80
41 2 0 165 0 80 204 60 139
42 2 0 165 0 139 204 60 198
43 3 0 165 60 40 221 141 80
44 3 0 165 141 40 221 222 80
45 3 0 165 60 80 221 141 120
46 3 0 165 141 80 221 222 120
47 3 0 165 60 120 221 141 160
48 3 0 165 141 120 221 222 160
49 3 0 165 60 160 221 141 200
50 3 0 165 141 160 221 222 200
51 2 0 204 0 80 263 60 119
52 2 0 263 0 80 322 60 119
53 3 0 204 0 119 285 56 159
54 3 0 204 0 159 285 40 215
55 0 0 221 60 40 340 85 74
56 0 0 221 85 40 340 110 74
57 0 0 221 110 40 340 135 74
58 0 0 221 135 40 340 160 74
59 0 0 221 60 74 340 85 108
60 0 0 221 85 74 340 110 108
61 0 0 221 110 74 340 135 108
62 0 0 221 135 74 340 160 108
63 0 0 221 60 108 340 85 142
64 0 0 221 85 108 340 110 142
65 0 0 221 110 108 340 135 142
66 0 0 221 135 108 340 160 142
67 0 0 221 60 142 340 85 176
68 0 0 221 85 142 340 110 176
69 0 0 221 110 142 340 135 176
70 0 0 221 135 142 340 160 176
71 0 0 221 60 176 340 85 210
72 0 0 221 85 176 340 110 210
73 0 0 221 110 176 340 135 210
74 0 0 221 135 176 340 160 210
75 4 0 221 160 40 319 215 115
76 3 0 221 160 115 302 216 155
77 3 0 221 160 155 302 216 195
78 5 1 221 160 195 340 194 220
79 5 1 221 194 195 340 228 220
80 6 1 285 0 119 345 32 159
81 6 1 285 0 159 345 32 199
82 9 1 345 0 0 420 98 55
83 9 1 420 0 0 495 98 55
84 9 1 345 98 0 420 196 55
85 9 1 420 98 0 495 196 55
86 9 1 345 0 55 420 98 110
87 9 1 420 0 55 495 98 110
88 9 1 345 98 55 420 196 110
89 9 1 420 98 55 495 196 110
90 9 1 345 0 110 420 98 165
91 9 1 420 0 110 495 98 165
92 9 1 345 98 110 420 196 165
93 9 1 420 98 110 495 196 165
94 9 1 345 0 165 420 98 220
95 9 1 420 0 165 495 98 220
96 9 1 345 98 165 420 196 220
97 9 1 420 98 165 495 196 220
98 5 1 345 196 0 464 221 34
99 5 1 464 196 0 583 221 34
100 5 1 345 196 34 464 221 68
101 5 1 464 196 34 583 221 68
102 5 1 345 196 68 464 221 102
103 5 1 464 196 68 583 221 102
104 5 1 345 196 102 464 221 136
105 5 1 464 196 102 583 221 136
106 5 1 345 196 136 464 221 170
107 5 1 464 196 136 583 221 170
108 6 1 340 196 170 400 228 210
109 6 1 400 196 170 460 228 210
110 6 1 460 196 170 520 228 210
111 7 1 495 0 0 554 39 60
112 7 1 495 39 0 554 78 60
113 7 1 495 78 0 554 117 60
114 7 1 495 117 0 554 156 60
115 7 1 495 156 0 554 195 60
116 7 1 495 0 60 554 39 120
117 7 1 495 39 60 554 78 120
118 7 1 495 78 60 554 117 120
119 7 1 495 117 60 554 156 120
120 7 1 495 156 60 554 195 120
121 9 1 495 0 120 550 98 195
122 9 1 495 98 120 570 153 218
123 6 1 495 153 120 527 193 180
124 6 1 527 153 120 559 193 180
125 6 1 495 153 180 555 193 212
126 6 1 520 193 170 580 233 202
127 6 1 554 0 0 586 40 60
128 6 1 554 0 60 586 40 120
