Utilizacion 81.377026 VolCajasEmpacado 82.884328 Duracion[s] 60.033000 Iteraciones 1715
0 4 0 0 0 0 95 79 47
1 4 0 95 0 0 190 79 47
2 4 0 190 0 0 285 79 47
3 4 0 285 0 0 380 79 47
4 4 0 380 0 0 475 79 47
5 4 0 475 0 0 570 79 47
6 5 0 0 0 47 59 48 96
7 5 0 59 0 47 118 48 96
8 5 0 118 0 47 177 48 96
9 5 0 177 0 47 236 48 96
10 5 0 236 0 47 295 48 96
11 2 0 0 0 96 38 95 154
12 2 0 38 0 96 76 95 154
13 2 0 76 0 96 114 95 154
14 2 0 0 0 154 38 95 212
15 2 0 38 0 154 76 95 212
16 2 0 76 0 154 114 95 212
17 1 0 114 0 96 210 36 155
18 1 0 114 0 155 210 36 214
19 6 0 0 95 0 77 162 90
20 6 0 0 162 0 77 229 90
21 6 0 0 95 90 77 162 180
22 6 0 0 162 90 77 229 180
23 1 0 0 95 180 59 191 216
24 1 0 210 0 96 246 96 155
25 1 0 210 0 155 246 96 214
26 1 0 246 0 96 305 96 132
27 1 0 246 0 132 305 96 168
28 1 0 246 0 168 305 96 204
29 3 0 77 95 0 156 158 46
30 3 0 77 95 46 156 158 92
31 3 0 77 95 92 156 158 138
32 3 0 77 95 138 156 158 184
33 0 0 59 95 184 131 141 211
34 7 0 77 158 0 165 232 72
35 7 0 77 158 72 165 232 144
36 7 0 77 158 144 165 232 216
37 2 0 114 48 47 209 86 105
38 0 0 114 36 105 186 63 151
39 0 0 114 63 105 186 90 151
40 0 0 114 36 151 186 63 197
41 0 0 114 63 151 186 90 197
42 3 0 156 90 0 202 153 79
43 0 0 156 96 79 228 123 125
44 0 0 156 123 79 228 150 125
45 1 0 156 96 125 252 155 161
46 7 0 165 155 0 253 227 74
47 7 0 165 155 74 253 229 146
48 7 0 165 155 146 253 229 218
49 7 0 253 96 0 341 170 72
50 7 0 253 96 72 341 170 144
51 10 1 156 96 161 251 134 219
52 9 1 252 96 144 348 155 180
53 9 1 252 96 180 348 155 216
54 13 1 253 170 0 301 229 49
55 13 1 253 170 49 301 229 98
56 8 1 253 155 144 325 182 190
57 8 1 253 155 190 325 201 217
58 8 1 253 201 98 325 228 144
59 8 1 253 201 144 325 228 190
60 12 1 305 0 47 400 79 94
61 12 1 400 0 47 495 79 94
62 12 1 305 0 94 400 79 141
63 12 1 400 0 94 495 79 141
64 12 1 305 0 141 400 79 188
65 12 1 400 0 141 495 79 188
66 8 1 305 0 188 377 46 215
67 11 1 325 170 0 404 233 46
68 11 1 404 170 0 483 233 46
69 11 1 325 170 46 404 233 92
70 11 1 404 170 46 483 233 92
71 11 1 325 170 92 404 233 138
72 11 1 404 170 92 483 233 138
73 11 1 325 170 138 404 233 184
74 11 1 404 170 138 483 233 184
75 9 1 325 155 184 421 214 220
76 9 1 421 155 184 517 214 220
77 15 1 348 79 0 422 151 88
78 15 1 422 79 0 496 151 88
79 15 1 496 79 0 570 151 88
80 15 1 348 79 88 422 151 176
81 15 1 422 79 88 496 151 176
82 15 1 496 79 88 570 151 176
83 10 1 348 79 176 443 137 214
84 10 1 443 79 176 538 137 214
85 14 1 495 0 47 585 67 124
86 14 1 495 0 124 572 67 214
87 14 1 517 151 0 584 228 90
88 14 1 517 151 90 584 228 180
89 10 1 517 137 180 575 232 218
