Utilizacion 73.273169 VolCajasEmpacado 74.409979 Duracion[s] 60.010000 Iteraciones 2046
0 2 0 0 0 0 94 64 115
1 2 0 94 0 0 188 64 115
2 2 0 188 0 0 282 64 115
3 7 0 0 0 115 56 65 148
4 7 0 0 0 148 56 65 181
5 4 0 0 65 0 105 146 46
6 4 0 105 65 0 210 146 46
7 4 0 210 65 0 315 146 46
8 4 0 0 146 0 105 227 46
9 4 0 105 146 0 210 227 46
10 4 0 210 146 0 315 227 46
11 1 0 0 0 181 109 25 217
12 1 0 0 25 181 109 50 217
13 0 0 0 50 181 54 77 213
14 5 0 0 77 46 66 122 92
15 5 0 0 122 46 66 167 92
16 3 0 0 167 46 50 229 135
17 3 0 50 167 46 100 229 135
18 3 0 100 167 46 150 229 135
19 0 0 56 50 115 110 77 147
20 8 0 56 50 147 135 83 179
21 8 0 56 50 179 135 83 211
22 9 0 135 0 115 216 95 152
23 9 0 135 0 152 216 95 189
24 6 0 216 0 115 306 82 150
25 22 1 109 0 189 169 44 210
26 16 1 0 95 92 56 160 125
27 16 1 0 95 125 56 160 158
28 16 1 0 95 158 56 160 191
29 14 1 0 160 135 45 226 181
30 19 1 0 83 191 32 137 218
31 21 1 0 160 181 51 232 204
32 22 1 32 83 191 76 143 212
33 13 1 51 160 135 156 206 216
34 20 1 51 206 135 160 231 171
35 17 1 76 95 46 156 148 79
36 17 1 76 95 79 156 148 112
37 11 1 216 0 150 285 85 215
38 18 1 285 0 150 317 79 183
39 14 1 76 95 112 142 140 158
40 12 1 156 95 46 271 189 110
41 13 1 156 95 110 261 141 191
42 13 1 156 141 110 261 187 191
43 15 1 271 85 46 352 180 83
44 10 1 271 85 83 361 167 118
45 10 1 271 85 118 361 167 153
46 10 1 271 85 153 361 167 188
47 15 1 317 0 0 412 81 37
48 10 1 317 0 37 407 82 72
49 30 2 51 206 171 105 233 203
50 33 2 156 85 191 216 129 212
51 31 2 105 206 171 214 231 207
52 32 2 156 129 191 207 201 214
53 32 2 207 129 191 258 201 214
54 33 2 216 85 191 276 129 212
55 29 2 261 129 188 340 162 220
56 29 2 276 85 188 355 118 220
57 34 2 258 189 46 314 222 111
58 26 2 258 187 111 303 233 177
59 26 2 315 180 0 360 226 66
60 26 2 315 180 66 360 226 132
61 24 2 303 167 132 392 229 182
62 25 2 317 0 72 422 81 118
63 28 2 317 0 118 407 82 153
64 23 2 317 0 153 386 85 218
65 27 2 361 85 0 456 166 37
66 25 2 361 85 37 466 166 83
67 28 2 361 85 83 451 167 118
68 42 3 340 118 188 373 197 220
69 43 3 258 197 182 367 233 207
70 41 3 361 85 118 417 118 183
71 43 3 361 85 183 470 110 219
72 39 3 373 118 118 439 164 163
73 39 3 373 118 163 439 164 208
74 38 3 392 167 0 507 228 81
75 38 3 392 167 81 507 228 162
76 45 3 392 164 162 436 224 183
77 45 3 436 164 162 480 224 183
78 44 3 373 164 183 445 215 206
79 35 3 422 0 0 527 81 46
80 35 3 422 0 46 527 81 92
81 35 3 422 0 92 527 81 138
82 35 3 422 0 138 527 81 184
83 46 3 386 0 184 476 82 219
84 44 3 466 110 0 538 161 23
85 38 3 470 82 23 585 143 104
86 38 3 470 82 104 551 143 219
87 46 3 476 0 184 566 82 219
88 36 3 507 161 0 572 230 85
89 36 3 507 143 85 572 228 154
90 36 3 507 143 154 576 228 219
