Utilizacion 82.880515 VolCajasEmpacado 83.448236 Duracion[s] 60.065000 Iteraciones 1066
0 0 0 0 0 0 64 32 28
1 0 0 0 32 0 64 64 28
2 0 0 0 64 0 64 96 28
3 0 0 0 96 0 64 128 28
4 0 0 0 128 0 64 160 28
5 0 0 0 160 0 64 192 28
6 0 0 0 192 0 64 224 28
7 1 0 0 0 28 42 31 59
8 1 0 42 0 28 84 31 59
9 1 0 0 0 59 42 31 90
10 1 0 42 0 59 84 31 90
11 1 0 0 0 90 42 31 121
12 1 0 42 0 90 84 31 121
13 1 0 0 0 121 42 31 152
14 1 0 42 0 121 84 31 152
15 1 0 0 0 152 42 31 183
16 1 0 42 0 152 84 31 183
17 1 0 0 0 183 42 31 214
18 1 0 42 0 183 84 31 214
19 0 0 0 31 28 64 59 60
20 0 0 0 59 28 64 87 60
21 0 0 0 87 28 64 115 60
22 0 0 0 31 60 64 59 92
23 0 0 0 59 60 64 87 92
24 0 0 0 87 60 64 115 92
25 0 0 0 31 92 64 59 124
26 0 0 0 59 92 64 87 124
27 0 0 0 87 92 64 115 124
28 0 0 0 31 124 64 59 156
29 0 0 0 59 124 64 87 156
30 0 0 0 87 124 64 115 156
31 0 0 0 31 156 64 59 188
32 0 0 0 59 156 64 87 188
33 0 0 0 87 156 64 115 188
34 0 0 0 31 188 64 59 220
35 0 0 0 59 188 64 87 220
36 0 0 0 87 188 64 115 220
37 2 0 0 115 28 90 149 69
38 2 0 0 149 28 90 183 69
39 2 0 0 183 28 90 217 69
40 2 0 0 115 69 90 149 110
41 2 0 0 149 69 90 183 110
42 2 0 0 183 69 90 217 110
43 2 0 0 115 110 90 149 151
44 2 0 0 149 110 90 183 151
45 2 0 0 183 110 90 217 151
46 2 0 0 115 151 90 149 192
47 2 0 0 149 151 90 183 192
48 2 0 0 183 151 90 217 192
49 0 0 0 115 192 64 147 220
50 0 0 0 147 192 64 179 220
51 0 0 0 179 192 64 211 220
52 1 0 64 31 0 106 62 31
53 1 0 64 62 0 106 93 31
54 1 0 64 31 31 106 62 62
55 1 0 64 62 31 106 93 62
56 1 0 64 31 62 106 62 93
57 1 0 64 62 62 106 93 93
58 1 0 64 31 93 106 62 124
59 1 0 64 62 93 106 93 124
60 1 0 64 31 124 106 62 155
61 1 0 64 62 124 106 93 155
62 1 0 64 31 155 106 62 186
63 1 0 64 62 155 106 93 186
64 1 0 64 31 186 106 62 217
65 1 0 64 62 186 106 93 217
66 0 0 64 93 192 96 157 220
67 2 0 90 157 0 180 198 34
68 2 0 180 157 0 270 198 34
69 2 0 90 157 34 180 198 68
70 2 0 180 157 34 270 198 68
71 2 0 90 157 68 180 198 102
72 2 0 180 157 68 270 198 102
73 2 0 90 157 102 180 198 136
74 2 0 180 157 102 270 198 136
75 2 0 90 157 136 180 198 170
76 2 0 180 157 136 270 198 170
77 2 0 90 157 170 180 198 204
78 2 0 180 157 170 270 198 204
79 4 1 84 0 0 115 31 42
80 4 1 84 0 42 115 31 84
81 4 1 84 0 84 115 31 126
82 4 1 84 0 126 115 31 168
83 4 1 84 0 168 115 31 210
84 5 1 90 198 0 180 232 41
85 5 1 90 198 41 180 232 82
86 5 1 90 198 82 180 232 123
87 5 1 90 198 123 180 232 164
88 5 1 90 198 164 180 232 205
89 4 1 96 93 0 127 135 31
90 4 1 96 93 31 127 135 62
91 4 1 96 93 62 127 135 93
92 4 1 96 93 93 127 135 124
93 4 1 96 93 124 127 135 155
94 4 1 96 93 155 127 135 186
95 4 1 96 93 186 127 135 217
96 3 1 106 31 0 170 59 32
97 3 1 170 31 0 234 59 32
98 3 1 234 31 0 298 59 32
99 3 1 298 31 0 362 59 32
100 3 1 362 31 0 426 59 32
101 3 1 426 31 0 490 59 32
102 3 1 490 31 0 554 59 32
103 3 1 106 59 0 170 87 32
104 3 1 170 59 0 234 87 32
105 3 1 234 59 0 298 87 32
106 3 1 298 59 0 362 87 32
107 3 1 362 59 0 426 87 32
108 3 1 426 59 0 490 87 32
109 3 1 490 59 0 554 87 32
110 3 1 106 31 32 170 63 60
111 3 1 170 31 32 234 63 60
112 3 1 106 31 60 170 63 88
113 3 1 170 31 60 234 63 88
114 3 1 106 31 88 170 63 116
115 3 1 170 31 88 234 63 116
116 3 1 106 31 116 170 63 144
117 3 1 170 31 116 234 63 144
118 3 1 106 31 144 170 63 172
119 3 1 170 31 144 234 63 172
120 3 1 106 31 172 170 63 200
121 3 1 170 31 172 234 63 200
122 3 1 106 63 32 170 91 64
123 3 1 106 63 64 170 91 96
124 4 1 115 0 0 157 31 31
125 4 1 157 0 0 199 31 31
126 4 1 199 0 0 241 31 31
127 4 1 241 0 0 283 31 31
128 4 1 283 0 0 325 31 31
129 4 1 325 0 0 367 31 31
130 4 1 367 0 0 409 31 31
131 4 1 409 0 0 451 31 31
132 4 1 451 0 0 493 31 31
133 4 1 493 0 0 535 31 31
134 4 1 535 0 0 577 31 31
135 4 1 115 0 31 157 31 62
136 4 1 157 0 31 199 31 62
137 4 1 199 0 31 241 31 62
138 4 1 241 0 31 283 31 62
139 4 1 283 0 31 325 31 62
140 4 1 325 0 31 367 31 62
141 4 1 367 0 31 409 31 62
142 4 1 409 0 31 451 31 62
143 4 1 451 0 31 493 31 62
144 4 1 493 0 31 535 31 62
145 4 1 535 0 31 577 31 62
146 4 1 115 0 62 157 31 93
147 4 1 157 0 62 199 31 93
148 4 1 199 0 62 241 31 93
149 5 1 127 91 0 217 125 41
150 5 1 217 91 0 307 125 41
151 5 1 307 91 0 397 125 41
152 5 1 397 91 0 487 125 41
153 5 1 487 91 0 577 125 41
154 5 1 127 91 41 217 125 82
155 5 1 217 91 41 307 125 82
156 5 1 307 91 41 397 125 82
157 5 1 397 91 41 487 125 82
158 5 1 487 91 41 577 125 82
159 5 1 127 91 82 217 125 123
160 5 1 217 91 82 307 125 123
161 5 1 307 91 82 397 125 123
162 5 1 397 91 82 487 125 123
163 5 1 487 91 82 577 125 123
164 5 1 127 91 123 217 125 164
165 5 1 217 91 123 307 125 164
166 5 1 307 91 123 397 125 164
167 5 1 397 91 123 487 125 164
168 5 1 487 91 123 577 125 164
169 5 1 127 91 164 217 125 205
170 5 1 217 91 164 307 125 205
171 5 1 307 91 164 397 125 205
172 5 1 397 91 164 487 125 205
173 5 1 487 91 164 577 125 205
174 5 1 241 0 62 331 34 103
175 5 1 241 0 103 331 34 144
176 5 1 241 0 144 331 34 185
177 6 2 106 63 96 170 91 128
178 6 2 106 63 128 170 91 160
179 6 2 106 63 160 170 91 192
180 6 2 127 125 0 191 157 28
181 6 2 127 125 28 191 153 60
182 6 2 127 125 60 191 153 92
183 6 2 127 125 92 191 153 124
184 6 2 127 125 124 191 153 156
185 6 2 127 125 156 191 153 188
186 6 2 127 125 188 191 153 220
187 6 2 170 63 32 234 91 64
188 8 2 234 0 185 324 41 219
189 6 2 170 63 64 234 91 96
190 6 2 170 63 96 234 91 128
191 6 2 170 63 128 234 91 160
192 6 2 170 63 160 234 91 192
193 6 2 180 198 0 244 226 32
194 6 2 180 198 32 244 226 64
195 6 2 180 198 64 244 226 96
196 6 2 180 198 96 244 226 128
197 6 2 180 198 128 244 226 160
198 6 2 180 198 160 244 226 192
199 6 2 180 198 192 244 230 220
200 7 2 331 0 62 362 42 93
201 7 2 362 0 62 393 42 93
202 7 2 393 0 62 424 42 93
203 7 2 424 0 62 455 42 93
204 7 2 455 0 62 486 42 93
205 7 2 486 0 62 517 42 93
206 7 2 517 0 62 548 42 93
207 7 2 548 0 62 579 42 93
208 6 2 191 125 0 255 157 28
209 6 2 191 125 28 255 157 56
210 6 2 191 125 56 255 157 84
211 7 2 191 125 84 222 156 126
212 7 2 222 125 84 253 156 126
213 7 2 191 125 126 222 156 168
214 7 2 222 125 126 253 156 168
215 7 2 191 125 168 222 156 210
216 7 2 222 125 168 253 156 210
217 7 2 234 41 32 265 72 74
218 7 2 234 41 74 265 72 116
219 7 2 234 41 116 265 72 158
220 7 2 234 41 158 265 72 200
221 8 2 244 198 0 334 232 41
222 8 2 244 198 41 334 232 82
223 8 2 244 198 82 334 232 123
224 8 2 244 198 123 334 232 164
225 8 2 244 198 164 334 232 205
226 7 2 255 125 0 286 156 42
227 7 2 286 125 0 317 156 42
228 7 2 255 125 42 286 156 84
229 7 2 286 125 42 317 156 84
230 7 2 255 125 84 286 156 126
231 7 2 286 125 84 317 156 126
232 7 2 255 125 126 286 156 168
233 7 2 286 125 126 317 156 168
234 7 2 255 125 168 286 156 210
235 7 2 286 125 168 317 156 210
236 7 2 265 41 32 296 72 74
237 7 2 265 41 74 296 72 116
238 8 2 270 156 0 360 197 34
239 8 2 270 156 34 360 197 68
240 8 2 270 156 68 360 197 102
241 8 2 270 156 102 360 197 136
242 8 2 270 156 136 360 197 170
243 8 2 270 156 170 360 197 204
244 8 2 296 42 32 386 83 66
245 8 2 386 42 32 476 83 66
246 8 2 296 42 66 386 83 100
247 8 2 386 42 66 476 83 100
248 8 2 296 42 100 386 83 134
249 8 2 386 42 100 476 83 134
250 8 2 296 42 134 386 83 168
251 8 2 386 42 134 476 83 168
252 8 2 296 42 168 386 83 202
253 8 2 386 42 168 476 83 202
254 8 2 331 0 93 421 41 127
255 8 2 331 0 127 421 41 161
256 10 3 317 125 0 348 156 42
257 10 3 348 125 0 379 156 42
258 10 3 379 125 0 410 156 42
259 10 3 410 125 0 441 156 42
260 10 3 317 125 42 348 156 84
261 10 3 348 125 42 379 156 84
262 10 3 379 125 42 410 156 84
263 10 3 410 125 42 441 156 84
264 10 3 317 125 84 348 156 126
265 10 3 348 125 84 379 156 126
266 10 3 379 125 84 410 156 126
267 10 3 410 125 84 441 156 126
268 10 3 317 125 126 348 156 168
269 10 3 348 125 126 379 156 168
270 10 3 379 125 126 410 156 168
271 10 3 410 125 126 441 156 168
272 10 3 317 125 168 348 156 210
273 10 3 348 125 168 379 156 210
274 10 3 379 125 168 410 156 210
275 10 3 410 125 168 441 156 210
276 10 3 331 0 161 362 42 192
277 9 3 324 0 192 388 32 220
278 10 3 388 0 161 419 42 192
279 9 3 334 197 0 398 229 28
280 9 3 334 197 28 398 229 56
281 9 3 334 197 56 398 229 84
282 9 3 334 197 84 398 229 112
283 9 3 334 197 112 398 229 140
284 9 3 334 197 140 398 229 168
285 9 3 334 197 168 398 229 196
286 11 3 360 156 0 450 197 34
287 11 3 450 156 0 540 197 34
288 11 3 360 156 34 450 197 68
289 11 3 450 156 34 540 197 68
290 11 3 360 156 68 450 197 102
291 11 3 450 156 68 540 197 102
292 11 3 360 156 102 450 197 136
293 11 3 450 156 102 540 197 136
294 11 3 360 156 136 450 197 170
295 11 3 450 156 136 540 197 170
296 11 3 360 156 170 450 197 204
297 11 3 450 156 170 540 197 204
298 9 3 398 197 0 462 229 28
299 9 3 398 197 28 462 229 56
300 9 3 398 197 56 462 229 84
301 9 3 398 197 84 462 229 112
302 9 3 398 197 112 462 229 140
303 9 3 398 197 140 462 229 168
304 9 3 398 197 168 462 229 196
305 10 3 421 0 93 452 42 124
306 9 3 441 125 0 505 153 32
307 9 3 452 0 93 516 28 125
308 9 3 516 0 93 580 28 125
309 11 3 421 0 125 511 41 159
310 11 3 421 0 159 511 41 193
311 9 3 441 125 32 505 153 64
312 9 3 441 125 64 505 153 96
313 9 3 441 125 96 505 153 128
314 9 3 441 125 128 505 153 160
315 9 3 441 125 160 505 153 192
316 11 3 462 197 0 552 231 41
317 11 3 462 197 41 552 231 82
318 11 3 462 197 82 552 231 123
319 11 3 462 197 123 552 231 164
320 11 3 462 197 164 552 231 205
321 11 3 476 42 32 566 76 73
322 11 3 476 42 73 566 76 114
323 11 3 476 41 114 566 75 155
324 11 3 476 41 155 566 82 189
325 13 4 476 41 189 507 83 220
326 13 4 507 41 189 538 83 220
327 13 4 505 125 0 536 156 42
328 13 4 505 125 42 536 156 84
329 13 4 505 125 84 536 156 126
330 13 4 505 125 126 536 156 168
331 13 4 505 125 168 536 156 210
332 13 4 511 0 125 542 31 167
333 13 4 542 0 125 573 31 167
334 12 4 511 0 167 575 32 195
335 13 4 538 32 189 569 74 220
336 13 4 536 125 0 578 156 31
337 13 4 536 125 31 578 156 62
338 13 4 536 125 62 578 156 93
339 13 4 536 125 93 578 156 124
340 13 4 536 125 124 578 156 155
341 13 4 536 125 155 578 156 186
342 13 4 536 125 186 578 156 217
343 13 4 540 156 0 582 187 31
344 13 4 540 156 31 582 187 62
345 13 4 540 156 62 582 187 93
346 13 4 540 156 93 582 187 124
347 13 4 540 156 124 582 187 155
348 13 4 540 156 155 582 187 186
349 13 4 540 156 186 582 187 217
350 13 4 552 187 0 583 229 31
351 13 4 552 187 31 583 229 62
352 13 4 552 187 62 583 229 93
353 13 4 552 187 93 583 229 124
