Utilizacion 71.335105 VolCajasEmpacado 72.091009 Duracion[s] 60.009000 Iteraciones 4063
0 1 0 0 0 0 41 36 62
1 1 0 0 0 62 41 36 124
2 0 0 0 36 0 63 142 57
3 2 1 0 0 124 51 71 190
4 4 2 0 142 0 57 205 106
5 4 2 0 142 106 57 205 212
6 3 2 0 71 57 106 126 95
7 5 2 0 71 95 51 142 161
8 6 3 0 71 161 41 133 197
9 7 3 57 142 0 105 211 50
10 8 3 57 142 50 123 213 101
11 9 4 51 0 0 113 36 41
12 9 4 51 0 41 113 36 82
13 11 4 51 0 82 122 66 133
14 11 4 51 0 133 122 66 184
15 10 4 51 66 95 157 104 150
16 12 5 51 104 95 157 142 150
17 12 5 51 104 150 157 142 205
18 12 5 51 66 150 157 104 205
19 13 5 57 142 101 105 192 170
20 14 5 122 0 0 228 63 57
21 14 5 122 0 57 228 63 114
22 14 5 122 0 114 228 63 171
23 16 6 57 192 101 163 230 156
24 16 6 57 192 156 163 230 211
25 15 6 157 63 0 223 134 51
26 17 7 122 0 171 228 55 209
27 18 7 57 142 170 126 192 218
28 19 7 157 134 0 263 191 63
29 22 8 126 142 63 195 190 113
30 20 8 126 142 113 188 183 149
31 21 8 126 142 149 232 180 204
32 23 8 157 63 51 208 134 117
33 24 8 223 63 0 329 120 63
34 25 9 163 191 0 269 229 55
35 25 9 163 191 55 269 229 110
36 26 10 157 63 117 193 125 158
37 27 10 157 63 158 228 129 209
38 28 11 163 190 110 269 228 165
39 29 11 228 0 0 294 51 71
40 31 12 163 180 165 269 218 220
41 33 12 228 0 71 299 51 137
42 32 12 228 0 137 278 48 206
43 30 12 278 0 137 319 36 199
44 34 13 228 51 63 334 89 118
45 34 13 228 89 63 334 127 118
46 34 13 228 51 118 334 106 156
47 37 14 228 48 156 299 114 207
48 36 14 232 127 63 282 175 132
49 35 14 299 36 156 337 142 211
50 37 14 232 114 132 283 180 203
51 36 14 269 180 0 319 228 69
52 39 15 269 180 69 340 231 135
53 39 15 269 180 135 340 231 201
54 40 15 283 142 0 389 180 55
55 38 15 337 0 0 387 69 48
56 38 15 337 69 0 387 138 48
57 41 16 337 0 48 388 71 114
58 41 16 337 71 48 388 142 114
59 42 17 283 142 55 389 180 110
60 43 17 337 0 114 394 63 220
61 44 18 337 63 114 378 99 176
62 46 18 337 99 114 388 170 180
63 45 18 340 180 0 388 230 69
64 47 19 340 180 69 390 228 138
65 47 19 340 180 138 390 228 207
66 48 20 388 63 0 454 114 71
67 48 20 454 63 0 520 114 71
68 48 20 520 63 0 586 114 71
69 49 21 388 63 71 454 134 122
70 50 22 388 63 122 436 132 172
71 50 22 388 63 172 438 132 220
72 51 23 389 134 0 495 172 55
73 52 24 337 132 180 399 173 216
74 52 24 399 134 55 435 175 117
75 53 24 399 134 117 470 185 183
76 54 24 390 185 0 496 223 55
77 55 25 390 185 55 440 233 124
78 55 25 390 185 124 440 233 193
79 55 25 440 185 55 490 233 124
80 56 25 394 0 0 451 63 106
81 58 26 394 0 106 457 57 212
82 57 26 440 185 124 509 233 174
83 59 27 399 132 183 461 173 219
84 61 27 454 57 71 520 108 142
85 61 27 454 57 142 520 108 213
86 62 27 457 0 0 563 57 63
87 62 27 457 0 63 563 57 126
88 62 27 457 0 126 563 57 189
89 60 27 470 114 55 518 164 124
90 63 28 470 108 124 518 158 193
91 64 28 520 57 71 583 114 177
92 65 29 518 114 0 573 220 38
93 66 30 520 57 177 561 119 213
94 67 30 509 164 38 560 230 109
95 68 31 509 164 109 557 233 159
96 69 31 509 158 159 575 229 210
