Utilizacion 69.003533 VolCajasEmpacado 69.802794 Duracion[s] 60.002000 Iteraciones 2594
0 2 0 0 0 0 93 65 73
1 2 0 0 0 73 93 65 146
2 5 0 0 0 146 101 76 191
3 0 0 0 0 191 60 36 217
4 0 0 60 0 191 120 36 217
5 1 0 0 36 191 74 75 214
6 9 0 0 76 0 66 135 42
7 7 0 0 135 0 94 201 39
8 0 0 74 36 191 110 96 217
9 1 0 0 201 0 74 224 39
10 4 0 0 76 42 72 181 94
11 4 0 0 76 94 72 181 146
12 6 0 0 181 39 74 228 81
13 3 0 0 76 146 71 156 208
14 7 0 0 156 146 94 195 212
15 8 0 94 96 0 157 159 31
16 18 1 0 195 81 60 221 117
17 18 1 0 195 117 60 221 153
18 15 1 0 195 153 35 233 184
19 14 1 72 96 31 166 135 97
20 11 1 72 96 97 122 153 178
21 16 1 71 96 178 143 127 209
22 17 1 71 127 178 143 155 211
23 10 1 94 159 0 187 229 106
24 13 1 94 155 106 195 200 182
25 12 1 120 0 0 219 91 45
26 20 2 0 195 184 31 233 219
27 20 2 94 155 182 129 186 220
28 19 2 60 200 106 132 233 134
29 24 2 110 36 45 191 86 102
30 25 2 110 36 102 215 88 174
31 21 2 110 36 174 189 96 218
32 23 2 166 96 0 231 142 73
33 24 2 166 96 73 216 153 154
34 21 2 143 96 154 222 140 214
35 22 2 195 153 0 296 198 76
36 31 3 35 200 153 70 231 191
37 32 3 31 195 191 103 228 219
38 32 3 103 186 182 175 214 215
39 30 3 195 153 76 255 232 120
40 27 3 195 153 120 288 218 193
41 28 3 219 0 0 280 72 99
42 33 3 215 0 99 261 73 164
43 29 3 215 0 164 272 81 214
44 26 3 231 81 0 294 144 31
45 44 4 175 140 193 235 176 219
46 45 4 175 176 193 249 215 216
47 41 4 231 81 31 305 128 73
48 34 4 235 81 73 314 141 117
49 34 4 235 81 117 314 141 161
50 40 4 222 81 161 288 123 220
51 37 4 280 0 0 385 72 52
52 35 4 280 0 52 373 65 125
53 38 4 272 0 125 318 65 198
54 43 4 288 198 0 360 229 31
55 40 4 288 65 161 330 131 220
56 39 4 296 141 0 397 186 76
57 40 4 296 186 31 362 228 90
58 36 4 318 0 125 417 61 197
59 42 4 330 72 0 393 135 31
60 54 5 249 131 193 285 191 219
61 49 5 288 141 90 387 232 135
62 52 5 288 141 135 382 207 174
63 48 5 288 131 174 353 204 220
64 47 5 330 72 31 435 124 103
65 50 5 330 65 103 409 125 147
66 47 5 330 61 147 435 113 219
67 51 5 353 113 174 400 187 216
68 55 5 387 187 0 488 232 76
69 53 5 387 187 76 459 220 104
70 46 5 400 125 0 499 186 72
71 61 6 353 187 174 388 218 212
72 56 6 388 187 104 435 229 178
73 63 6 388 187 178 460 215 211
74 59 6 400 125 72 501 170 148
75 62 6 400 113 148 431 185 179
76 62 6 400 113 179 431 185 210
77 58 6 417 0 0 498 50 57
78 63 6 431 113 148 503 141 181
79 59 6 417 0 57 518 45 133
80 57 6 417 0 133 506 50 211
81 60 6 435 50 0 498 113 31
82 75 7 431 113 181 505 152 204
83 75 7 431 152 148 505 175 187
84 73 7 431 152 187 503 180 220
85 75 7 506 0 133 529 74 172
86 74 7 506 0 172 532 60 208
87 70 7 435 50 31 501 109 73
88 70 7 435 50 73 501 109 115
89 72 7 435 50 115 498 113 146
90 71 7 435 50 146 482 92 220
91 64 7 488 186 0 560 217 31
92 67 7 499 180 31 577 230 120
93 66 7 460 180 120 565 232 192
94 65 7 505 74 0 577 173 61
95 69 7 505 74 61 581 175 106
96 69 7 505 74 106 581 175 151
97 69 7 505 74 151 581 175 196
