Utilizacion 76.003047 VolCajasEmpacado 78.294109 Duracion[s] 60.012000 Iteraciones 2696
0 2 0 0 0 0 104 74 99
1 2 0 0 74 0 104 148 99
2 2 0 0 148 0 104 222 99
3 3 0 0 0 99 85 90 158
4 3 0 0 0 158 85 90 217
5 4 0 0 90 99 57 165 157
6 0 0 0 90 157 46 145 188
7 0 0 0 90 188 46 145 219
8 0 0 0 165 99 55 196 145
9 0 0 0 196 99 55 227 145
10 1 0 0 145 157 37 175 214
11 4 0 0 175 145 58 232 220
12 6 0 57 90 99 136 164 134
13 6 0 57 90 134 136 164 169
14 5 0 46 90 169 161 164 213
15 4 0 58 164 99 133 221 157
16 3 0 104 0 0 189 59 90
17 5 0 104 0 90 219 74 134
18 5 0 85 0 134 200 44 208
19 5 0 85 44 134 200 88 208
20 7 0 161 88 0 260 186 33
21 7 0 260 88 0 359 186 33
22 7 0 359 88 0 458 186 33
23 9 1 58 164 157 104 219 188
24 9 1 104 164 157 150 219 188
25 8 1 58 164 188 95 221 218
26 8 1 95 164 188 132 221 218
27 9 1 200 0 134 231 55 180
28 12 1 150 186 0 265 230 74
29 12 1 150 186 74 265 230 148
30 8 1 150 164 148 180 221 185
31 9 1 150 164 185 205 210 216
32 11 1 161 88 33 240 162 68
33 11 1 161 88 68 240 162 103
34 11 1 161 88 103 240 162 138
35 11 1 161 88 138 240 162 173
36 13 1 231 0 0 290 85 90
37 14 1 231 0 90 335 74 189
38 10 1 240 85 33 339 183 66
39 10 1 240 85 66 339 183 99
40 13 1 240 74 99 325 164 158
41 21 2 205 0 189 262 37 219
42 21 2 262 0 189 319 37 219
43 20 2 205 37 189 260 83 220
44 20 2 161 88 173 192 143 219
45 20 2 192 88 173 247 134 204
46 20 2 260 37 189 306 92 220
47 17 2 205 164 148 280 221 206
48 17 2 247 92 158 322 150 215
49 18 2 280 186 0 395 230 74
50 18 2 280 186 74 395 230 148
51 16 2 335 0 0 394 85 90
52 16 2 394 0 0 453 85 90
53 15 2 335 0 90 439 74 189
54 15 2 339 85 33 413 184 137
55 15 2 413 85 33 487 184 137
56 22 2 325 74 137 404 148 172
57 22 2 325 74 172 404 148 207
58 19 2 404 74 137 502 173 170
59 30 3 306 37 189 363 74 219
60 30 3 280 173 148 317 230 178
61 30 3 280 173 178 317 230 208
62 29 3 317 173 148 372 204 194
63 30 3 319 0 189 376 37 219
64 30 3 363 37 189 420 74 219
65 30 3 376 0 189 433 37 219
66 29 3 372 173 148 403 219 203
67 29 3 403 186 0 449 217 55
68 27 3 404 74 170 478 153 205
69 26 3 449 186 0 564 230 74
70 26 3 403 184 74 518 228 148
71 23 3 403 173 148 478 230 206
72 23 3 478 173 148 553 230 206
73 24 3 453 0 0 552 74 104
74 24 3 453 0 104 552 74 208
75 25 3 502 74 0 587 164 59
76 25 3 502 74 59 587 164 118
77 25 3 502 74 118 587 164 177
78 28 3 478 74 177 576 173 210
