Utilizacion 66.924567 VolCajasEmpacado 68.389726 Duracion[s] 60.008000 Iteraciones 4966
0 0 0 0 0 0 51 74 95
1 3 0 0 0 95 57 65 181
2 2 0 0 74 0 60 150 93
3 1 0 0 74 93 47 172 146
4 7 1 0 0 181 61 37 213
5 7 1 0 37 181 61 74 213
6 6 1 0 172 0 65 225 46
7 5 1 0 74 146 51 169 220
8 4 1 0 172 46 33 211 73
9 8 1 60 74 0 126 171 32
10 9 2 60 74 32 145 107 58
11 13 3 0 172 73 63 232 141
12 12 3 0 172 141 72 211 217
13 10 3 60 74 58 85 116 105
14 11 3 51 74 105 84 113 132
15 15 4 51 74 132 116 120 185
16 14 4 51 74 185 90 107 212
17 16 4 61 0 0 118 65 86
18 17 5 61 0 86 121 63 154
19 21 6 60 120 32 121 152 69
20 19 6 61 0 154 147 65 211
21 18 6 126 107 0 223 173 32
22 20 6 145 65 32 246 159 74
23 23 7 72 173 0 140 233 63
24 22 7 72 159 63 158 224 120
25 24 8 72 120 120 138 217 152
26 25 8 51 120 152 149 167 205
27 28 9 72 167 152 169 233 184
28 28 9 72 167 184 169 233 216
29 26 9 90 65 185 132 112 210
30 27 9 132 65 74 217 98 100
31 31 10 132 65 100 174 112 125
32 32 10 132 65 125 206 116 220
33 30 10 158 116 74 256 163 127
34 29 10 147 0 0 240 60 76
35 33 11 149 116 127 234 142 160
36 34 12 147 0 76 189 47 101
37 36 12 246 0 0 340 101 42
38 35 12 246 0 42 362 78 79
39 37 13 149 116 160 191 163 185
40 38 13 169 173 0 267 226 47
41 38 13 169 173 47 267 226 94
42 39 14 217 0 79 295 116 116
43 40 15 149 116 185 188 143 218
44 41 15 169 163 94 262 231 185
45 44 16 191 116 160 216 163 202
46 43 16 169 163 185 254 196 211
47 42 16 206 0 116 272 97 148
48 45 17 169 196 185 208 223 218
49 46 17 206 0 148 292 57 213
50 47 18 206 57 148 282 96 220
51 48 18 262 116 0 357 167 74
52 49 19 208 196 185 269 233 217
53 52 19 256 116 74 354 163 127
54 54 19 262 97 127 322 173 220
55 50 19 269 173 0 341 212 76
56 53 19 269 173 76 332 233 144
57 51 19 295 0 79 396 94 121
58 55 20 269 173 144 337 233 207
59 56 21 282 57 121 367 90 147
60 57 21 282 57 147 324 82 194
61 59 22 292 0 121 390 53 168
62 59 22 292 0 168 390 53 215
63 60 22 322 90 127 385 158 187
64 58 22 322 82 187 359 143 219
65 61 23 341 167 0 415 218 95
66 62 23 337 163 95 413 223 188
67 63 24 385 94 0 480 145 74
68 65 25 385 94 74 445 157 142
69 64 25 396 0 0 472 72 39
70 66 26 337 143 188 434 209 220
71 67 26 396 0 39 491 74 90
72 66 26 396 0 90 493 66 122
73 68 27 324 53 147 371 78 189
74 69 28 359 78 187 398 105 220
75 71 29 390 0 122 485 74 173
76 70 29 390 0 173 506 78 210
77 72 30 385 105 142 446 142 174
78 73 30 446 78 74 493 176 127
79 74 31 434 176 0 510 215 72
80 76 31 445 142 127 521 202 220
81 75 31 446 78 127 509 138 195
82 78 32 506 0 0 566 68 63
83 79 32 509 0 63 577 93 154
84 77 32 509 0 154 575 97 186
85 80 33 509 0 186 575 97 218
86 81 33 521 97 0 574 195 47
87 82 33 521 97 47 572 171 142
88 84 34 521 97 142 581 165 205
