Utilizacion 71.117329 VolCajasEmpacado 71.443654 Duracion[s] 60.011000 Iteraciones 3094
0 3 0 0 0 0 43 97 32
1 3 0 0 97 0 43 194 32
2 0 0 0 0 32 33 98 52
3 0 0 0 98 32 33 196 52
4 5 0 0 0 52 42 82 121
5 5 0 0 0 121 42 82 190
6 4 0 0 196 0 76 231 50
7 8 0 0 196 50 73 225 70
8 1 0 0 82 52 42 191 74
9 2 0 0 0 190 53 109 214
10 7 0 0 109 74 77 175 171
11 2 0 0 109 171 53 218 195
12 6 0 53 0 0 165 51 70
13 9 1 0 109 195 53 218 219
14 12 1 53 0 70 93 53 144
15 13 1 53 53 0 111 96 31
16 10 1 53 0 144 122 81 213
17 14 1 53 81 171 75 190 213
18 10 1 122 0 70 191 81 139
19 10 1 122 0 139 191 81 208
20 11 1 76 175 0 188 226 70
21 14 1 75 175 70 184 217 92
22 21 2 53 190 92 142 229 160
23 20 2 53 190 160 127 230 213
24 15 2 77 96 0 106 169 20
25 15 2 77 96 20 106 169 40
26 20 2 77 81 40 117 155 93
27 22 2 77 81 93 130 190 117
28 22 2 77 81 117 130 190 141
29 24 2 75 81 141 173 101 174
30 24 2 75 81 174 173 101 207
31 19 2 77 101 141 119 183 210
32 18 2 130 101 0 242 152 70
33 18 2 130 101 70 242 152 140
34 18 2 130 101 140 242 152 210
35 23 2 130 152 0 239 174 42
36 16 2 142 152 92 211 233 161
37 17 2 191 0 0 257 77 97
38 29 3 119 152 161 195 187 211
39 25 3 127 187 161 200 207 190
40 25 3 127 187 190 200 207 219
41 31 3 127 207 161 236 229 203
42 28 3 191 0 97 230 89 165
43 28 3 230 0 97 269 89 165
44 31 3 191 0 165 300 42 187
45 31 3 191 42 165 300 84 187
46 32 3 191 0 187 289 20 220
47 30 3 191 20 187 300 73 211
48 33 3 236 174 0 322 230 34
49 26 3 236 174 34 348 225 104
50 29 3 211 152 104 287 202 139
51 28 3 211 152 139 300 191 207
52 27 3 242 89 0 341 137 80
53 27 3 242 89 80 341 137 160
54 43 4 191 73 187 289 93 220
55 42 4 236 202 104 294 233 147
56 42 4 236 202 147 294 233 190
57 38 4 242 93 160 316 133 213
58 40 4 294 191 104 370 226 154
59 40 4 294 191 154 370 226 204
60 36 4 300 0 0 397 77 66
61 36 4 300 0 66 397 77 132
62 41 4 300 137 0 397 169 43
63 35 4 300 0 132 369 69 213
64 37 4 341 77 0 453 128 70
65 39 4 341 128 43 430 167 111
66 34 4 300 137 111 399 185 191
67 34 4 341 77 70 440 125 150
68 34 4 370 185 0 469 233 80
69 35 4 397 0 0 478 69 69
70 52 5 300 133 191 409 175 213
71 46 5 316 69 160 347 112 218
72 54 5 347 69 150 456 122 174
73 53 5 347 69 174 444 101 217
74 53 5 347 101 174 444 133 217
75 49 5 369 0 132 411 69 214
76 48 5 370 185 80 469 233 160
77 50 5 370 185 160 446 220 210
78 51 5 411 0 69 500 68 108
79 51 5 411 0 108 500 68 147
80 44 5 411 0 147 492 69 216
81 47 5 430 133 0 542 184 70
82 47 5 430 133 70 542 184 140
83 45 5 500 0 0 566 77 97
84 57 6 409 133 140 521 184 210
85 62 6 446 184 160 489 215 218
86 61 6 456 77 0 553 120 32
87 58 6 456 77 32 555 125 112
88 58 6 456 77 112 555 125 192
89 63 6 444 69 192 553 122 216
90 64 6 521 125 140 541 223 173
91 64 6 521 125 173 541 223 206
92 56 6 500 0 97 569 69 178
93 55 6 492 0 178 581 68 217
94 62 6 489 184 0 520 227 58
95 61 6 542 125 0 585 222 32
96 65 6 542 125 32 571 198 52
97 59 6 542 125 52 577 201 102
98 60 6 542 125 102 576 211 158
