Utilizacion 75.339044 VolCajasEmpacado 76.200359 Duracion[s] 60.021000 Iteraciones 1502
0 11 0 0 0 0 76 39 72
1 11 0 0 0 72 76 39 144
2 11 0 0 0 144 76 39 216
3 4 0 0 39 0 74 134 51
4 4 0 0 134 0 74 229 51
5 2 0 0 39 51 76 132 111
6 2 0 0 132 51 76 225 111
7 11 0 0 39 111 39 115 183
8 9 0 0 39 183 61 71 220
9 9 0 0 71 183 61 103 220
10 10 0 0 115 111 39 148 138
11 0 0 0 148 111 85 181 137
12 1 0 0 181 111 47 223 136
13 1 0 0 181 136 47 223 161
14 1 0 0 181 161 47 223 186
15 5 0 0 115 138 53 180 184
16 8 0 0 103 184 97 169 216
17 5 0 47 181 111 100 227 176
18 8 0 76 0 0 142 97 32
19 8 0 142 0 0 208 97 32
20 8 0 208 0 0 274 97 32
21 4 0 76 0 32 150 95 83
22 4 0 76 0 83 150 95 134
23 11 0 61 39 134 137 78 206
24 6 0 150 0 32 251 94 74
25 6 0 150 0 74 251 94 116
26 3 0 97 97 0 183 162 57
27 2 0 97 95 57 157 171 150
28 7 0 97 78 150 213 156 187
29 19 1 0 169 186 37 230 218
30 20 1 47 180 176 132 206 209
31 20 1 47 206 176 132 232 209
32 19 1 76 0 134 137 37 166
33 19 1 76 0 166 137 37 198
34 20 1 97 78 187 130 163 213
35 20 1 130 78 187 156 163 220
36 20 1 156 78 187 182 163 220
37 21 1 137 0 134 162 47 176
38 19 1 137 0 176 169 61 213
39 13 1 169 0 116 229 76 209
40 14 1 132 171 0 218 228 65
41 14 1 132 171 65 218 228 130
42 12 1 132 171 130 204 210 206
43 15 1 213 97 0 308 171 51
44 15 1 213 97 51 308 171 102
45 13 1 213 94 102 289 154 195
46 16 1 274 0 0 375 94 42
47 17 1 251 0 42 367 78 79
48 18 1 251 0 79 348 66 111
49 18 1 251 0 111 348 66 143
50 30 2 204 76 195 246 123 220
51 30 2 246 76 195 288 123 220
52 30 2 204 123 195 251 165 220
53 30 2 204 165 130 229 212 172
54 30 2 204 165 172 229 212 214
55 22 2 229 0 143 322 60 219
56 25 2 229 171 0 275 224 65
57 25 2 275 171 0 321 224 65
58 25 2 229 171 65 275 224 130
59 25 2 275 171 65 321 224 130
60 25 2 229 171 130 275 224 195
61 25 2 275 171 130 321 224 195
62 29 2 289 66 102 315 151 135
63 29 2 289 66 135 315 151 168
64 29 2 289 66 168 315 151 201
65 24 2 322 0 143 373 95 217
66 24 2 315 95 0 410 169 51
67 24 2 315 95 51 410 169 102
68 28 2 315 95 102 348 122 141
69 28 2 315 95 141 348 122 180
70 28 2 315 95 180 348 122 219
71 27 2 315 122 102 376 159 134
72 22 2 321 169 0 414 229 76
73 22 2 321 169 76 414 229 152
74 31 2 321 122 152 387 219 184
75 23 2 375 0 0 432 86 65
76 23 2 432 0 0 489 86 65
77 26 2 373 0 65 489 78 102
78 26 2 373 0 102 489 78 139
79 26 2 373 0 139 489 78 176
80 26 2 373 0 176 489 78 213
81 26 2 410 86 0 526 164 37
82 41 3 229 165 195 271 212 220
83 41 3 271 151 195 318 193 220
84 40 3 315 122 184 354 149 217
85 41 3 321 149 184 368 191 209
86 41 3 321 191 184 368 233 209
87 39 3 368 95 184 405 156 216
88 39 3 368 156 184 405 217 216
89 33 3 410 86 37 470 162 130
90 33 3 405 78 130 498 138 206
91 40 3 405 138 130 444 165 163
92 35 3 405 138 163 470 184 216
93 35 3 414 184 0 479 230 53
94 35 3 414 184 53 479 230 106
95 35 3 414 184 106 479 230 159
96 39 3 405 184 159 437 221 220
97 42 3 470 138 37 542 177 113
98 32 3 479 177 0 553 228 95
99 32 3 479 177 95 553 228 190
100 33 3 489 0 0 582 60 76
101 33 3 489 0 76 582 60 152
102 38 3 489 0 152 586 66 184
103 38 3 489 0 184 586 66 216
104 34 3 526 66 0 583 131 86
105 32 3 498 66 86 572 117 181
106 32 3 498 117 113 572 168 208
