Utilizacion 83.921638 VolCajasEmpacado 85.706771 Duracion[s] 60.014000 Iteraciones 4826
0 2 0 0 0 0 81 66 78
1 2 0 81 0 0 162 66 78
2 2 0 162 0 0 243 66 78
3 2 0 243 0 0 324 66 78
4 2 0 324 0 0 405 66 78
5 2 0 405 0 0 486 66 78
6 2 0 486 0 0 567 66 78
7 2 0 0 0 78 81 66 156
8 2 0 81 0 78 162 66 156
9 2 0 162 0 78 243 66 156
10 2 0 243 0 78 324 66 156
11 2 0 324 0 78 405 66 156
12 2 0 405 0 78 486 66 156
13 2 0 486 0 78 567 66 156
14 2 0 0 66 0 81 144 66
15 2 0 81 66 0 162 144 66
16 2 0 0 66 66 81 144 132
17 2 0 81 66 66 162 144 132
18 2 0 0 66 132 81 144 198
19 2 0 81 66 132 162 144 198
20 0 0 0 0 156 111 49 177
21 0 0 0 0 177 111 49 198
22 0 0 0 0 198 111 49 219
23 2 0 0 144 0 81 222 66
24 0 0 0 49 198 49 160 219
25 0 0 49 49 198 160 98 219
26 0 0 49 98 198 160 147 219
27 0 0 0 160 66 111 209 87
28 0 0 0 160 87 111 209 108
29 0 0 0 160 108 111 209 129
30 0 0 0 160 129 111 209 150
31 0 0 0 160 150 111 209 171
32 0 0 0 160 171 111 209 192
33 0 0 0 160 192 111 209 213
34 0 0 111 0 156 222 49 177
35 0 0 111 0 177 222 49 198
36 0 0 111 0 198 222 49 219
37 1 0 162 66 0 262 160 28
38 1 0 162 66 28 262 160 56
39 1 0 162 66 56 262 160 84
40 1 0 162 66 84 262 160 112
41 1 0 162 66 112 262 160 140
42 1 0 162 66 140 262 160 168
43 1 0 162 66 168 262 160 196
44 1 0 262 66 0 356 166 28
45 1 0 356 66 0 450 166 28
46 1 0 450 66 0 544 166 28
47 1 0 262 66 28 356 166 56
48 1 0 356 66 28 450 166 56
49 1 0 450 66 28 544 166 56
50 1 0 262 66 56 356 166 84
51 1 0 356 66 56 450 166 84
52 1 0 450 66 56 544 166 84
53 5 1 111 166 0 189 232 81
54 5 1 189 166 0 267 232 81
55 5 1 267 166 0 345 232 81
56 5 1 345 166 0 423 232 81
57 5 1 423 166 0 501 232 81
58 5 1 501 166 0 579 232 81
59 5 1 111 166 81 189 232 162
60 5 1 189 166 81 267 232 162
61 5 1 267 166 81 345 232 162
62 5 1 345 166 81 423 232 162
63 5 1 423 166 81 501 232 162
64 5 1 501 166 81 579 232 162
65 3 1 111 160 162 222 209 183
66 3 1 222 160 162 333 209 183
67 3 1 333 160 162 444 209 183
68 3 1 444 160 162 555 209 183
69 3 1 111 160 183 222 209 204
70 3 1 222 160 183 333 209 204
71 3 1 333 160 183 444 209 204
72 3 1 444 160 183 555 209 204
73 3 1 162 49 196 273 98 217
74 3 1 162 98 196 273 147 217
75 3 1 222 0 156 333 49 177
76 3 1 333 0 156 444 49 177
77 3 1 444 0 156 555 49 177
78 3 1 222 0 177 333 49 198
79 3 1 333 0 177 444 49 198
80 3 1 444 0 177 555 49 198
81 3 1 222 0 198 333 49 219
82 3 1 333 0 198 444 49 219
83 3 1 444 0 198 555 49 219
84 5 1 273 66 84 354 144 150
85 5 1 273 66 150 354 144 216
86 4 1 354 66 84 454 160 112
87 4 1 354 66 112 454 160 140
88 4 1 354 66 140 454 160 168
89 4 1 354 66 168 454 160 196
90 3 1 354 49 196 403 160 217
91 3 1 403 49 196 452 160 217
92 3 1 454 66 84 565 115 105
93 4 1 454 66 105 554 160 133
94 4 1 454 66 133 554 160 161
95 4 1 454 66 161 554 160 189
96 4 1 454 66 189 554 160 217
