Utilizacion 70.822011 VolCajasEmpacado 71.346186 Duracion[s] 60.003000 Iteraciones 3737
0 0 0 0 0 0 49 87 26
1 2 1 0 87 0 53 131 68
2 2 1 0 131 0 53 175 68
3 1 1 0 0 26 49 87 52
4 3 2 0 175 0 87 201 49
5 3 2 0 201 0 87 227 49
6 4 2 0 0 52 73 73 88
7 6 3 0 0 88 73 73 124
8 6 3 0 0 124 73 73 160
9 5 3 0 0 160 87 26 209
10 7 4 0 26 160 87 75 186
11 9 4 0 75 68 44 143 121
12 8 4 0 75 121 73 148 157
13 11 5 0 75 157 68 119 210
14 11 5 0 119 157 68 163 210
15 10 5 73 75 0 146 148 36
16 13 6 0 175 49 68 219 102
17 12 6 0 26 186 87 75 212
18 12 6 0 163 102 87 212 128
19 14 7 0 163 128 87 212 154
20 15 7 73 75 36 146 148 72
21 15 7 73 75 72 146 148 108
22 15 7 73 75 108 146 148 144
23 15 7 73 75 144 146 148 180
24 17 8 68 75 180 141 148 216
25 16 8 0 163 154 87 189 203
26 17 8 87 0 0 160 73 36
27 17 8 87 0 36 160 73 72
28 20 9 0 189 154 68 233 207
29 18 9 87 148 0 174 174 49
30 18 9 87 148 49 174 174 98
31 20 9 87 174 0 131 227 68
32 20 9 131 174 0 175 227 68
33 20 9 175 174 0 219 227 68
34 20 9 219 174 0 263 227 68
35 19 9 87 0 72 160 73 108
36 19 9 87 0 108 160 73 144
37 23 10 87 174 68 155 218 121
38 23 10 87 174 121 155 218 174
39 21 10 87 148 98 174 174 147
40 23 10 87 148 174 140 216 218
41 22 10 87 0 144 160 73 180
42 22 10 87 0 180 160 73 216
43 21 10 155 174 68 242 223 94
44 22 10 146 73 0 219 146 36
45 26 11 146 73 36 199 141 80
46 24 11 155 174 94 242 223 120
47 25 11 146 73 80 219 146 116
48 28 12 155 174 120 208 218 188
49 28 12 146 73 116 199 117 184
50 27 12 141 73 184 214 146 220
51 29 12 141 146 188 190 233 214
52 27 12 160 0 0 233 73 36
53 28 12 160 0 36 213 68 80
54 32 13 160 0 80 228 53 124
55 32 13 160 0 124 228 53 168
56 32 13 160 0 168 228 53 212
57 30 13 208 146 120 234 233 169
58 30 13 208 146 169 234 233 218
59 31 13 219 73 0 292 146 36
60 32 13 233 0 0 301 44 53
61 33 14 228 0 53 301 73 89
62 34 15 219 53 89 306 79 138
63 34 15 219 53 138 306 79 187
64 35 16 214 53 187 301 102 213
65 37 16 219 102 36 287 146 89
66 35 16 219 102 89 306 128 138
67 36 16 263 146 0 336 219 36
68 36 16 263 146 36 336 219 72
69 36 16 263 146 72 336 219 108
70 38 17 242 128 108 315 201 144
71 39 18 234 102 144 283 189 170
72 39 18 234 102 170 283 189 196
73 40 18 306 0 0 379 73 36
74 42 19 228 0 89 296 53 133
75 42 19 228 0 133 296 53 177
76 42 19 283 102 144 327 155 212
77 41 19 306 0 36 379 73 72
78 41 19 306 0 72 379 73 108
79 43 20 228 0 177 315 49 203
80 45 21 283 155 144 336 199 212
81 44 21 315 0 108 388 73 144
82 46 22 306 49 144 393 75 193
83 47 23 301 49 193 388 98 219
84 49 23 315 0 144 383 44 197
85 48 23 336 98 0 409 171 36
86 51 24 327 98 36 395 142 89
87 50 24 336 98 89 409 171 125
88 52 25 336 98 125 409 171 161
89 53 26 242 201 108 329 227 157
90 53 26 242 201 157 329 227 206
91 54 26 327 98 161 395 151 205
92 53 26 336 151 161 423 177 210
93 56 27 336 177 0 404 230 44
94 55 27 336 177 44 423 226 70
95 57 27 393 0 0 466 73 36
96 58 28 336 177 70 423 226 96
97 58 28 336 177 96 423 203 145
98 59 28 393 0 36 466 73 72
99 59 28 393 0 72 466 73 108
100 59 28 393 0 108 466 73 144
101 60 29 336 177 145 423 226 171
102 60 29 329 199 171 416 225 220
103 62 29 393 0 144 461 53 188
104 62 29 409 73 0 453 126 68
105 62 29 409 73 68 453 126 136
106 61 29 409 73 136 482 146 172
107 61 29 395 53 172 468 126 208
108 62 29 423 146 0 476 214 44
109 63 30 423 146 44 496 219 80
110 64 30 423 146 80 476 214 124
111 65 31 383 0 188 470 49 214
112 67 31 423 146 124 476 214 168
113 65 31 423 146 168 510 172 217
114 65 31 423 172 168 510 198 217
115 66 31 470 0 0 543 73 36
116 66 31 470 0 36 543 73 72
117 68 32 423 198 168 510 224 217
118 69 32 470 0 72 543 73 108
119 69 32 470 0 108 543 73 144
120 68 32 470 0 144 557 49 170
121 71 33 470 0 170 523 68 214
122 72 33 482 73 0 555 146 36
123 70 33 482 73 36 569 99 85
124 70 33 482 99 36 569 125 85
125 72 33 482 73 85 555 146 121
126 73 34 482 73 121 555 146 157
127 73 34 482 73 157 555 146 193
128 73 34 510 146 0 583 219 36
129 73 34 510 146 36 583 219 72
130 74 35 468 68 193 555 117 219
131 75 35 510 146 72 583 219 108
132 75 35 510 146 108 583 219 144
133 75 35 510 146 144 583 219 180
134 76 36 510 146 180 583 219 216
135 77 36 523 0 170 576 68 214
