Utilizacion 82.579667 VolCajasEmpacado 83.740844 Duracion[s] 60.010000 Iteraciones 3472
0 4 0 0 0 0 59 103 62
1 4 0 59 0 0 118 103 62
2 4 0 118 0 0 177 103 62
3 4 0 177 0 0 236 103 62
4 4 0 236 0 0 295 103 62
5 4 0 295 0 0 354 103 62
6 4 0 354 0 0 413 103 62
7 4 0 413 0 0 472 103 62
8 4 0 0 0 62 59 103 124
9 4 0 59 0 62 118 103 124
10 4 0 118 0 62 177 103 124
11 4 0 177 0 62 236 103 124
12 4 0 236 0 62 295 103 124
13 4 0 295 0 62 354 103 124
14 4 0 354 0 62 413 103 124
15 4 0 413 0 62 472 103 124
16 4 0 0 0 124 59 103 186
17 4 0 59 0 124 118 103 186
18 4 0 118 0 124 177 103 186
19 4 0 177 0 124 236 103 186
20 4 0 236 0 124 295 103 186
21 4 0 295 0 124 354 103 186
22 4 0 354 0 124 413 103 186
23 4 0 413 0 124 472 103 186
24 0 0 0 0 186 119 87 214
25 0 0 119 0 186 238 87 214
26 0 0 238 0 186 357 87 214
27 0 0 357 0 186 476 87 214
28 1 0 0 103 0 65 143 60
29 1 0 0 143 0 65 183 60
30 1 0 0 183 0 65 223 60
31 3 0 0 103 60 71 168 112
32 3 0 0 168 60 71 233 112
33 3 0 0 103 112 71 168 164
34 3 0 0 168 112 71 233 164
35 3 0 0 103 164 71 168 216
36 3 0 0 168 164 71 233 216
37 1 0 71 103 0 131 168 40
38 1 0 71 168 0 131 233 40
39 1 0 71 103 40 131 168 80
40 1 0 71 168 40 131 233 80
41 1 0 71 103 80 131 168 120
42 1 0 71 168 80 131 233 120
43 1 0 71 103 120 131 168 160
44 1 0 71 168 120 131 233 160
45 1 0 71 103 160 131 168 200
46 1 0 71 168 160 131 233 200
47 0 0 131 103 0 218 222 28
48 0 0 218 103 0 305 222 28
49 0 0 305 103 0 392 222 28
50 0 0 392 103 0 479 222 28
51 0 0 479 103 0 566 222 28
52 0 0 131 103 28 218 222 56
53 0 0 218 103 28 305 222 56
54 0 0 305 103 28 392 222 56
55 0 0 392 103 28 479 222 56
56 0 0 479 103 28 566 222 56
57 0 0 131 103 56 218 222 84
58 0 0 218 103 56 305 222 84
59 0 0 305 103 56 392 222 84
60 0 0 392 103 56 479 222 84
61 0 0 479 103 56 566 222 84
62 3 0 131 103 84 202 155 149
63 3 0 131 155 84 202 207 149
64 3 0 131 103 149 202 155 214
65 3 0 131 155 149 202 207 214
66 0 0 202 103 84 321 190 112
67 0 0 202 103 112 321 190 140
68 0 0 202 103 140 321 190 168
69 0 0 202 103 168 321 190 196
70 1 0 202 190 84 262 230 149
71 1 0 262 190 84 322 230 149
72 1 0 322 190 84 382 230 149
73 1 0 382 190 84 442 230 149
74 1 0 442 190 84 502 230 149
75 1 0 502 190 84 562 230 149
76 3 0 321 103 84 386 174 136
77 3 0 321 103 136 386 174 188
78 3 0 321 174 149 386 226 220
79 3 0 386 103 84 451 155 155
80 2 0 386 103 155 478 198 201
81 2 0 476 0 0 568 95 46
82 2 0 476 0 46 568 95 92
83 2 0 476 0 92 568 95 138
84 2 0 476 0 138 568 95 184
85 2 0 478 95 84 570 190 130
86 2 0 478 95 130 570 190 176
