Utilizacion 80.175389 VolCajasEmpacado 81.228506 Duracion[s] 60.003000 Iteraciones 680
0 11 0 0 0 0 57 90 53
1 11 0 0 90 0 57 180 53
2 11 0 0 0 53 57 90 106
3 11 0 0 90 53 57 180 106
4 11 0 0 0 106 57 90 159
5 11 0 0 90 106 57 180 159
6 11 0 0 0 159 57 90 212
7 11 0 0 90 159 57 180 212
8 10 0 0 180 0 104 230 94
9 10 0 104 180 0 208 230 94
10 10 0 208 180 0 312 230 94
11 10 0 0 180 94 104 230 188
12 10 0 104 180 94 208 230 188
13 10 0 208 180 94 312 230 188
14 2 0 0 180 188 58 218 214
15 0 0 57 0 0 114 25 38
16 0 0 57 25 0 114 50 38
17 0 0 57 50 0 114 75 38
18 0 0 57 75 0 114 100 38
19 0 0 57 100 0 114 125 38
20 0 0 57 125 0 114 150 38
21 0 0 57 150 0 114 175 38
22 6 0 57 0 38 101 33 102
23 6 0 57 33 38 101 66 102
24 6 0 57 66 38 101 99 102
25 6 0 57 99 38 101 132 102
26 6 0 57 0 102 101 33 166
27 6 0 57 33 102 101 66 166
28 6 0 57 66 102 101 99 166
29 6 0 57 99 102 101 132 166
30 2 0 57 0 166 95 58 192
31 2 0 57 58 166 95 116 192
32 2 0 57 0 192 95 58 218
33 2 0 57 58 192 95 116 218
34 0 0 57 116 166 114 141 204
35 8 0 57 141 38 134 180 82
36 8 0 57 141 82 134 180 126
37 8 0 57 141 126 134 180 170
38 8 0 57 141 170 134 180 214
39 2 0 58 180 188 116 218 214
40 2 0 101 0 38 127 58 76
41 5 0 101 0 76 134 115 118
42 5 0 101 0 118 134 115 160
43 5 0 101 0 160 134 115 202
44 0 0 114 115 0 171 140 38
45 0 0 114 115 38 171 140 76
46 0 0 114 115 76 171 140 114
47 0 0 114 115 114 171 140 152
48 0 0 114 115 152 171 140 190
49 12 0 134 0 0 190 89 97
50 12 0 134 0 97 190 89 194
51 8 0 134 140 0 178 179 77
52 1 0 134 0 194 202 78 219
53 4 0 134 140 77 195 172 135
54 3 0 134 89 190 199 159 218
55 4 0 134 159 188 192 220 220
56 4 0 192 159 188 250 220 220
57 4 0 250 159 188 308 220 220
58 14 0 199 78 0 290 157 78
59 14 0 199 78 78 277 157 169
60 9 0 199 78 169 269 140 217
61 14 0 202 0 0 293 78 79
62 14 0 202 0 79 293 78 158
63 1 0 202 0 158 270 78 183
64 1 0 202 0 183 270 78 208
65 4 0 270 0 158 302 58 219
66 14 0 290 78 0 381 157 78
67 9 0 293 58 78 341 128 140
68 14 0 277 78 140 368 157 218
69 12 0 302 0 0 391 56 97
70 12 0 391 0 0 480 56 97
71 12 0 480 0 0 569 56 97
72 12 0 302 0 97 391 56 194
73 12 0 391 0 97 480 56 194
74 12 0 480 0 97 569 56 194
75 1 0 302 0 194 370 78 219
76 13 0 312 157 0 405 230 61
77 13 0 312 157 61 405 218 134
78 13 0 312 157 134 405 218 207
79 1 0 370 0 194 448 68 219
80 1 0 448 0 194 526 68 219
81 12 0 381 68 0 437 157 97
82 12 0 381 68 97 437 157 194
83 1 0 368 78 194 436 156 219
84 13 0 405 157 0 498 230 61
85 13 0 405 157 61 498 230 122
86 13 0 405 157 122 498 230 183
87 5 0 405 157 183 520 199 216
88 5 0 437 68 0 552 110 33
89 5 0 437 110 0 552 152 33
90 7 0 437 68 33 539 155 69
91 7 0 437 68 69 539 155 105
92 7 0 437 68 105 539 155 141
93 7 0 437 68 141 539 155 177
94 7 0 437 68 177 539 155 213
95 4 0 498 199 0 556 231 61
96 4 0 498 199 61 556 231 122
97 5 0 552 56 0 585 171 42
98 5 0 552 56 42 585 171 84
99 5 0 552 56 84 585 171 126
100 5 0 552 56 126 585 171 168
101 5 0 552 56 168 585 171 210
102 9 0 520 171 122 568 233 192
