Utilizacion 65.223529 VolCajasEmpacado 65.705049 Duracion[s] 60.003000 Iteraciones 3751
0 0 0 0 0 0 33 42 21
1 0 0 0 42 0 33 84 21
2 1 1 0 84 0 81 129 34
3 3 1 0 0 21 46 81 77
4 2 1 0 0 77 88 50 171
5 4 2 0 0 171 42 33 192
6 4 2 0 33 171 42 66 192
7 6 2 0 129 0 40 202 78
8 7 2 0 81 34 110 119 108
9 5 2 0 66 108 51 116 173
10 8 3 0 0 192 68 44 219
11 9 3 0 119 78 52 190 139
12 9 3 0 119 139 52 190 200
13 10 4 0 202 0 62 232 58
14 12 4 51 50 108 97 119 171
15 11 4 52 129 0 160 181 45
16 13 5 52 119 45 113 190 97
17 13 5 52 119 97 113 190 149
18 14 6 0 44 192 84 83 214
19 17 6 52 119 149 108 191 216
20 15 6 62 191 0 135 231 78
21 16 6 88 0 0 174 45 84
22 18 7 88 0 84 198 38 158
23 19 8 0 83 173 81 117 218
24 20 8 110 45 0 224 89 80
25 21 9 0 191 78 42 212 111
26 22 9 0 191 111 81 225 156
27 23 9 88 0 158 153 50 209
28 24 10 0 191 156 70 228 210
29 25 10 110 50 80 218 102 125
30 26 11 84 50 171 105 92 204
31 27 11 81 191 78 149 218 122
32 28 11 153 0 158 225 67 214
33 30 12 105 67 125 174 113 188
34 31 12 113 113 45 178 164 95
35 32 12 113 113 95 174 184 147
36 29 12 113 113 147 188 188 183
37 35 13 81 191 122 151 228 176
38 36 13 174 67 125 255 113 181
39 33 13 188 113 0 255 169 72
40 33 13 188 169 0 255 225 72
41 34 13 188 113 72 259 174 124
42 37 14 70 191 176 103 233 197
43 38 15 70 191 197 103 233 218
44 39 15 108 113 183 153 194 217
45 40 15 153 188 72 267 232 152
46 41 15 153 188 152 261 233 204
47 42 16 188 67 181 263 142 217
48 43 16 188 142 124 272 187 210
49 46 17 225 0 0 295 54 37
50 46 17 225 0 37 295 54 74
51 47 17 225 0 74 311 45 158
52 45 17 225 0 158 306 45 192
53 44 17 225 0 192 309 39 214
54 49 18 263 54 0 344 100 56
55 50 18 263 54 56 319 126 123
56 48 18 263 45 123 331 131 156
57 53 19 263 45 156 315 104 178
58 52 19 263 45 178 338 120 214
59 51 19 267 187 0 381 231 80
60 54 20 267 187 80 335 231 107
61 55 20 267 187 107 348 221 152
62 57 20 272 131 0 337 181 51
63 56 20 272 131 51 335 177 120
64 59 21 272 131 120 323 181 185
65 58 21 272 120 185 317 201 219
66 58 21 311 0 0 392 34 45
67 59 21 317 181 152 368 231 217
68 60 22 311 0 45 384 40 123
69 61 22 338 0 123 426 50 217
70 62 22 338 100 0 413 175 36
71 63 23 337 120 36 391 157 106
72 63 23 337 120 106 391 157 176
73 65 24 323 120 176 393 174 213
74 67 24 344 50 0 413 96 63
75 68 24 338 50 63 394 117 135
76 66 24 338 50 135 424 95 219
77 64 24 413 95 0 481 181 33
78 69 25 381 181 0 489 226 52
79 70 25 381 174 52 443 232 82
80 73 26 368 174 82 476 219 134
81 75 26 368 174 134 482 218 214
82 71 26 394 96 36 424 158 94
83 74 26 394 95 94 434 168 172
84 76 26 393 95 172 468 170 208
85 72 26 424 50 0 508 95 86
86 78 27 424 50 86 492 94 113
87 77 27 424 50 113 466 71 146
88 80 27 426 0 0 489 46 69
89 79 27 426 0 69 534 45 121
90 81 28 424 50 146 492 77 190
91 83 29 426 0 121 482 46 202
92 82 29 481 95 0 533 154 22
93 84 30 489 95 22 563 205 60
94 85 31 424 50 190 508 89 212
95 86 31 482 0 121 563 45 155
96 87 31 468 95 60 519 145 125
97 88 32 468 89 125 540 145 192
98 90 32 482 0 155 552 37 209
99 91 32 482 145 60 557 220 96
100 92 32 482 145 96 550 231 129
101 89 32 482 145 129 576 233 179
102 93 33 482 145 179 568 213 212
