Utilizacion 77.398997 VolCajasEmpacado 77.665152 Duracion[s] 60.006000 Iteraciones 1526
0 4 0 0 0 0 23 116 39
1 4 0 0 116 0 23 232 39
2 4 0 0 0 39 23 116 78
3 0 0 0 0 78 37 51 110
4 0 0 0 0 110 37 51 142
5 0 0 0 0 142 37 51 174
6 0 0 0 0 174 37 51 206
7 2 0 0 116 39 44 162 90
8 2 0 0 162 39 44 208 90
9 2 0 0 51 78 46 95 129
10 2 0 0 51 129 46 95 180
11 0 0 0 51 180 51 83 217
12 2 0 0 95 90 51 139 136
13 2 0 0 139 90 51 183 136
14 2 0 0 183 90 51 227 136
15 2 0 0 95 136 51 139 182
16 2 0 0 139 136 51 183 182
17 2 0 0 183 136 51 227 182
18 1 0 0 83 182 44 200 220
19 1 0 37 0 0 154 38 44
20 1 0 37 0 44 154 38 88
21 4 0 37 0 88 153 23 127
22 4 0 37 23 88 153 46 127
23 3 0 37 0 127 132 47 219
24 3 0 51 47 0 146 94 92
25 3 0 146 47 0 241 94 92
26 3 0 241 47 0 336 94 92
27 3 0 336 47 0 431 94 92
28 3 0 431 47 0 526 94 92
29 2 0 51 47 92 95 93 143
30 3 0 51 94 0 98 189 92
31 3 0 51 94 92 98 189 184
32 6 1 0 200 182 51 232 219
33 5 1 44 83 184 83 199 207
34 6 1 51 47 143 102 79 180
35 6 1 51 199 0 88 231 51
36 6 1 51 199 51 88 231 102
37 6 1 51 199 102 88 231 153
38 5 1 98 79 92 214 102 131
39 5 1 98 79 131 214 102 170
40 5 1 98 79 170 214 102 209
41 8 1 88 189 0 139 233 46
42 8 1 139 189 0 190 233 46
43 8 1 190 189 0 241 233 46
44 8 1 241 189 0 292 233 46
45 8 1 292 189 0 343 233 46
46 8 1 343 189 0 394 233 46
47 8 1 394 189 0 445 233 46
48 8 1 445 189 0 496 233 46
49 8 1 496 189 0 547 233 46
50 7 1 88 189 46 205 233 84
51 7 1 205 189 46 322 233 84
52 7 1 322 189 46 439 233 84
53 7 1 439 189 46 556 233 84
54 7 1 88 189 84 205 233 122
55 7 1 205 189 84 322 233 122
56 7 1 322 189 84 439 233 122
57 7 1 439 189 84 556 233 122
58 8 1 88 189 122 139 233 168
59 5 1 51 199 168 167 222 207
60 5 1 98 102 0 214 141 23
61 5 1 98 141 0 214 180 23
62 9 1 98 102 23 193 149 115
63 9 1 98 102 115 193 149 207
64 7 1 98 149 23 215 187 67
65 9 1 154 0 0 249 47 92
66 9 1 249 0 0 344 47 92
67 8 1 214 94 0 258 145 46
68 13 2 51 47 180 102 79 217
69 10 2 98 149 67 215 187 111
70 14 2 98 149 111 214 188 134
71 14 2 98 149 134 214 188 157
72 14 2 98 149 157 214 188 180
73 14 2 98 149 180 214 188 203
74 13 2 132 0 127 169 32 178
75 13 2 132 0 178 164 51 215
76 14 2 102 51 92 218 74 131
77 12 2 164 32 131 210 76 182
78 12 2 167 188 122 213 232 173
79 13 2 167 188 173 218 220 210
80 13 2 169 0 92 206 32 143
81 13 2 169 0 143 206 32 194
82 13 2 164 32 182 215 64 219
83 10 2 214 74 92 331 112 136
84 10 2 214 74 136 331 112 180
85 10 2 214 64 180 331 108 218
86 12 2 215 0 92 259 51 138
87 12 2 215 0 138 261 51 182
88 12 2 215 112 46 259 163 92
89 12 2 215 112 92 259 163 138
90 10 2 259 112 0 376 150 44
91 10 2 259 150 0 376 188 44
92 10 2 259 112 44 376 150 88
93 10 2 259 150 44 376 188 88
94 11 2 259 112 88 354 159 180
95 11 2 261 0 92 356 47 184
96 11 2 331 47 92 426 94 184
97 11 2 426 47 92 521 94 184
98 11 2 356 0 0 451 47 92
99 11 2 356 0 92 451 47 184
100 15 3 215 0 184 331 39 207
101 16 3 331 0 184 368 51 216
102 15 3 331 51 184 447 90 207
103 15 3 447 51 184 563 90 207
104 16 3 368 0 184 405 51 216
105 16 3 405 0 184 442 51 216
106 15 3 215 163 88 331 186 127
107 15 3 214 163 127 330 186 166
108 18 3 218 159 166 262 205 217
109 17 3 214 108 180 331 152 218
110 18 3 262 159 166 306 205 217
111 18 3 306 159 166 350 205 217
112 18 3 354 94 88 398 140 139
113 18 3 354 140 88 398 186 139
114 18 3 354 94 139 398 140 190
115 18 3 354 140 139 398 186 190
116 19 3 350 186 122 445 233 214
117 18 3 398 94 0 444 138 51
118 18 3 398 138 0 444 182 51
119 18 3 398 94 51 444 138 102
120 18 3 398 138 51 444 182 102
121 19 3 444 94 0 539 186 47
122 19 3 444 94 47 539 186 94
123 19 3 444 94 94 539 186 141
124 19 3 444 94 141 539 186 188
125 19 3 445 186 122 540 233 214
126 17 3 451 0 0 568 38 44
127 17 3 451 0 44 568 38 88
128 17 3 451 0 88 568 38 132
129 17 3 451 0 132 568 38 176
130 17 3 451 0 176 568 38 220
131 19 3 539 90 0 586 185 92
132 19 3 539 90 92 586 185 184
