Utilizacion 61.906505 VolCajasEmpacado 62.869867 Duracion[s] 60.001000 Iteraciones 5018
0 0 0 0 0 0 57 72 97
1 1 0 0 0 97 36 79 118
2 2 1 0 79 0 90 175 22
3 3 2 0 0 118 50 113 148
4 4 2 0 0 148 42 79 179
5 5 2 0 113 22 118 206 58
6 7 3 0 0 179 26 60 220
7 9 3 0 113 58 77 189 100
8 8 3 0 113 100 113 143 150
9 6 3 0 79 150 74 172 170
10 10 4 0 206 0 60 232 41
11 11 4 0 79 170 115 148 199
12 12 4 57 0 0 165 71 40
13 17 5 0 60 199 74 153 219
14 16 5 0 153 170 60 179 211
15 18 5 0 189 58 113 219 108
16 15 5 0 179 108 76 217 164
17 14 5 57 0 40 165 40 111
18 13 5 50 0 111 147 57 183
19 17 5 74 0 183 167 74 203
20 20 6 0 179 164 76 217 220
21 19 6 77 148 58 137 174 99
22 21 6 118 74 0 215 146 57
23 24 7 118 74 57 175 146 154
24 23 7 115 74 154 178 139 197
25 22 7 137 146 0 205 208 26
26 28 8 77 148 99 153 186 155
27 26 8 76 148 155 139 191 220
28 27 8 139 186 26 247 226 97
29 25 8 167 0 0 229 68 26
30 29 9 76 191 108 139 222 163
31 30 9 139 186 97 215 228 174
32 31 10 153 146 26 229 184 82
33 35 11 74 74 199 153 110 220
34 36 11 153 146 82 266 176 132
35 34 11 153 146 132 229 184 188
36 33 11 139 139 188 254 208 217
37 32 11 167 0 26 210 65 89
38 38 12 167 0 89 208 60 115
39 37 12 167 0 115 246 36 136
40 40 13 167 0 136 275 71 176
41 39 13 167 0 176 246 36 197
42 41 14 178 36 176 246 98 202
43 42 14 215 98 0 323 138 71
44 45 15 178 98 71 254 136 127
45 44 15 178 98 127 241 129 182
46 43 15 246 0 176 269 120 219
47 46 15 254 176 0 330 218 77
48 47 15 254 176 77 333 227 157
49 48 15 269 71 71 345 167 169
50 49 16 254 120 169 362 191 209
51 51 16 254 191 157 317 222 212
52 50 16 275 0 0 338 65 43
53 49 16 275 0 43 383 40 114
54 54 17 269 71 169 348 113 200
55 53 17 275 40 43 335 66 84
56 55 17 348 40 0 420 120 33
57 52 17 362 120 0 452 216 22
58 59 18 275 0 114 338 43 179
59 57 18 269 0 179 337 62 205
60 58 18 333 191 22 412 222 64
61 58 18 338 0 114 417 31 156
62 56 18 348 40 33 441 114 53
63 60 19 348 40 53 441 114 73
64 63 20 338 0 156 403 43 219
65 61 20 348 43 73 427 74 115
66 62 20 441 0 0 534 118 36
67 62 20 441 0 36 534 118 72
68 64 21 333 191 64 409 229 120
69 65 21 441 0 72 559 93 108
70 66 22 333 191 120 410 233 196
71 67 23 348 43 115 427 94 195
72 68 24 348 43 195 441 117 215
73 71 24 362 120 22 405 185 85
74 70 24 362 117 85 412 185 125
75 70 24 362 117 125 412 185 165
76 72 24 412 120 22 488 218 118
77 69 24 412 117 118 502 213 140
78 74 25 362 117 165 427 180 208
79 75 25 410 185 140 470 226 166
80 73 25 417 0 108 493 38 164
81 77 26 403 0 164 466 31 219
82 79 26 441 38 108 539 114 204
83 76 26 502 118 0 576 211 20
84 78 26 502 118 20 582 190 53
85 80 27 427 117 140 506 168 220
86 80 27 506 118 53 586 197 104
87 81 28 317 191 196 396 227 217
88 83 28 410 180 166 478 220 216
89 82 28 539 0 108 579 108 179
90 84 29 478 168 140 519 228 166
91 85 30 478 168 166 546 230 192
