Utilizacion 83.280085 VolCajasEmpacado 84.360334 Duracion[s] 60.055000 Iteraciones 964
0 13 0 0 0 0 105 60 73
1 13 0 0 0 73 105 60 146
2 13 0 0 0 146 105 60 219
3 13 0 0 60 0 60 165 73
4 13 0 60 60 0 120 165 73
5 13 0 0 60 73 60 165 146
6 13 0 60 60 73 120 165 146
7 13 0 0 60 146 60 165 219
8 13 0 60 60 146 120 165 219
9 9 0 0 165 0 93 231 55
10 9 0 0 165 55 93 231 110
11 9 0 0 165 110 93 231 165
12 9 0 0 165 165 93 231 220
13 12 0 93 165 0 151 226 74
14 12 0 151 165 0 209 226 74
15 12 0 209 165 0 267 226 74
16 12 0 267 165 0 325 226 74
17 12 0 325 165 0 383 226 74
18 12 0 383 165 0 441 226 74
19 5 0 93 165 74 132 230 145
20 5 0 132 165 74 171 230 145
21 5 0 171 165 74 210 230 145
22 5 0 210 165 74 249 230 145
23 5 0 249 165 74 288 230 145
24 5 0 288 165 74 327 230 145
25 5 0 327 165 74 366 230 145
26 5 0 366 165 74 405 230 145
27 5 0 405 165 74 444 230 145
28 2 0 93 165 145 151 231 169
29 2 0 93 165 169 151 231 193
30 2 0 93 165 193 151 231 217
31 6 0 105 0 0 203 44 73
32 6 0 105 0 73 203 44 146
33 6 0 105 0 146 203 44 219
34 3 0 120 44 0 175 80 44
35 3 0 120 44 44 175 80 88
36 3 0 120 44 88 175 80 132
37 3 0 120 44 132 175 80 176
38 3 0 120 44 176 175 80 220
39 10 0 120 80 0 226 156 55
40 10 0 120 80 55 226 156 110
41 10 0 120 80 110 226 156 165
42 10 0 120 80 165 226 156 220
43 1 0 151 156 145 232 195 169
44 1 0 151 156 169 232 195 193
45 1 0 151 156 193 232 195 217
46 4 0 151 195 145 211 233 205
47 3 0 211 195 145 255 231 200
48 3 0 175 44 0 230 80 44
49 3 0 175 44 44 230 80 88
50 3 0 175 44 88 230 80 132
51 3 0 175 44 132 230 80 176
52 3 0 175 44 176 230 80 220
53 6 0 203 0 0 301 44 73
54 6 0 203 0 73 301 44 146
55 6 0 203 0 146 301 44 219
56 9 0 226 80 0 319 146 55
57 10 0 226 80 55 332 156 110
58 10 0 226 80 110 332 156 165
59 10 0 226 80 165 332 156 220
60 5 0 232 156 145 297 195 216
61 5 0 297 156 145 362 195 216
62 1 0 230 44 0 311 68 39
63 1 0 230 44 39 311 68 78
64 1 0 230 44 78 311 68 117
65 1 0 230 44 117 311 68 156
66 1 0 230 44 156 311 68 195
67 4 0 255 195 145 315 233 205
68 4 0 301 0 0 361 38 60
69 4 0 301 0 60 361 38 120
70 4 0 301 0 120 361 38 180
71 4 0 311 38 0 371 76 60
72 2 0 311 0 180 377 58 204
73 4 0 315 195 145 375 233 205
74 11 0 332 76 0 387 154 103
75 11 0 332 76 103 387 154 206
76 11 0 375 154 145 478 232 200
77 10 0 377 0 0 483 76 55
78 10 0 377 0 55 483 76 110
79 10 0 377 0 110 483 76 165
80 9 0 377 0 165 470 66 220
81 8 0 387 76 0 477 153 52
82 8 0 477 76 0 567 153 52
83 14 0 387 76 52 484 145 166
84 8 0 387 66 166 477 143 218
85 11 0 478 153 0 581 231 55
86 13 0 478 145 55 583 218 115
87 11 0 478 145 115 533 223 218
88 0 0 483 0 0 565 58 23
89 0 0 483 0 23 565 58 46
90 0 0 483 0 46 565 58 69
91 0 0 483 0 69 565 58 92
92 0 0 483 0 92 565 58 115
93 0 0 483 0 115 565 58 138
94 0 0 483 0 138 565 58 161
95 2 0 483 0 161 549 58 185
96 14 0 484 58 52 581 127 166
