Utilizacion 71.246187 VolCajasEmpacado 73.266656 Duracion[s] 60.000000 Iteraciones 10134
0 0 0 0 0 0 95 95 54
1 0 0 0 95 0 95 190 54
2 1 0 0 0 54 83 75 99
3 2 1 0 0 99 76 76 129
4 3 2 0 76 54 95 171 108
5 4 3 0 76 108 75 159 153
6 5 3 0 0 129 76 76 159
7 7 4 0 0 159 95 95 213
8 6 4 0 190 0 94 222 63
9 8 5 0 95 153 76 171 183
10 9 5 0 171 63 95 225 158
11 10 6 95 0 0 190 54 95
12 11 7 0 95 183 76 171 213
13 13 7 95 0 95 190 54 190
14 12 7 95 54 0 178 129 45
15 14 8 95 0 190 171 76 220
16 15 8 95 76 45 190 130 140
17 16 9 76 95 140 170 127 203
18 17 9 95 130 0 190 225 54
19 19 10 95 130 54 172 192 139
20 18 10 95 130 139 171 206 169
21 21 11 76 127 169 159 202 214
22 20 11 171 54 140 203 148 203
23 22 11 190 148 0 275 225 62
24 24 12 172 148 62 255 223 107
25 23 12 172 148 107 248 224 137
26 25 13 172 148 137 217 231 212
27 25 13 217 148 137 262 231 212
28 26 14 203 0 0 279 76 30
29 27 15 190 0 30 285 54 125
30 29 16 190 0 125 285 54 220
31 30 16 203 76 0 288 138 77
32 28 16 203 54 77 279 130 107
33 28 16 203 54 107 279 130 137
34 31 17 203 54 137 235 148 200
35 33 18 235 54 137 320 131 199
36 32 18 275 138 0 351 214 30
37 34 19 275 138 30 351 214 60
38 36 19 275 138 60 320 221 135
39 37 19 262 131 135 325 225 167
40 35 19 285 0 0 380 54 95
41 39 20 262 131 167 337 214 212
42 38 20 285 0 95 379 32 158
43 40 20 320 54 0 415 108 95
44 41 21 320 0 158 414 63 190
45 42 21 320 63 95 415 117 190
46 44 22 351 117 0 414 211 32
47 46 23 414 0 0 489 45 83
48 45 23 320 0 190 396 76 220
49 47 24 414 0 83 508 32 146
50 48 25 351 117 32 434 162 107
51 49 25 337 117 107 432 171 202
52 50 26 351 171 32 434 216 107
53 51 26 337 171 107 422 233 184
54 52 27 415 45 0 490 90 83
55 53 28 434 90 0 510 166 30
56 54 28 434 90 30 529 144 125
57 56 29 414 0 146 508 32 209
58 55 29 434 166 0 511 228 85
59 58 30 415 32 83 509 64 146
60 57 30 432 64 125 508 140 155
61 59 30 415 32 155 498 107 200
62 60 31 432 107 155 526 170 187
63 60 31 432 107 187 526 170 219
64 61 31 434 170 85 517 215 160
65 63 31 509 0 0 571 77 85
66 62 31 529 77 0 583 172 95
67 64 32 509 0 85 584 45 168
68 65 33 508 0 168 583 83 213
69 66 34 529 83 95 583 178 190
