Utilizacion 73.965421 VolCajasEmpacado 75.084232 Duracion[s] 60.044000 Iteraciones 1785
0 6 0 0 0 0 79 71 76
1 6 0 0 71 0 79 142 76
2 6 0 0 142 0 79 213 76
3 7 0 0 213 0 54 233 33
4 7 0 0 213 33 54 233 66
5 3 0 0 0 76 41 40 137
6 3 0 0 0 137 41 40 198
7 2 0 0 40 76 71 83 115
8 2 0 0 40 115 71 83 154
9 5 0 0 40 154 62 97 205
10 4 0 0 97 76 81 188 124
11 0 0 0 97 124 45 157 150
12 1 0 0 188 76 63 223 128
13 8 1 0 97 150 52 160 185
14 14 1 0 97 185 45 157 211
15 14 1 0 160 124 60 186 169
16 13 1 0 186 128 79 229 211
17 11 1 52 97 124 103 159 181
18 12 1 79 0 0 127 91 81
19 12 1 79 0 81 127 91 162
20 11 1 62 0 162 113 62 219
21 10 1 81 159 0 180 230 64
22 9 1 81 159 64 157 230 143
23 21 2 0 160 169 60 186 214
24 22 2 52 97 181 104 160 216
25 20 2 60 160 143 114 180 176
26 22 2 62 62 162 125 97 214
27 17 2 79 180 143 136 231 205
28 18 2 104 97 0 187 140 79
29 18 2 104 97 79 187 140 158
30 19 2 104 97 158 175 140 197
31 19 2 114 140 143 157 179 214
32 15 2 127 0 0 208 91 48
33 15 2 208 0 0 289 91 48
34 22 2 136 179 143 171 231 206
35 17 2 127 0 48 178 62 105
36 16 2 127 0 105 191 71 204
37 23 3 104 97 197 158 130 217
38 23 3 127 71 48 181 91 81
39 23 3 127 71 81 181 91 114
40 23 3 127 71 114 181 91 147
41 24 3 127 71 147 187 97 192
42 26 3 157 140 64 200 179 135
43 25 3 157 140 135 209 175 198
44 28 3 180 179 0 242 230 57
45 28 3 180 179 57 242 230 114
46 25 3 171 179 114 234 214 166
47 25 3 171 179 166 234 214 218
48 24 3 187 91 0 247 136 26
49 24 3 187 71 48 247 97 93
50 27 3 187 71 93 266 114 176
51 36 4 157 130 198 211 163 218
52 36 4 158 71 197 191 125 217
53 30 4 191 0 48 290 71 112
54 30 4 191 0 112 290 71 176
55 34 4 211 114 26 272 154 67
56 29 4 211 114 67 256 174 93
57 31 4 211 114 93 273 171 144
58 29 4 211 114 144 237 174 189
59 33 4 191 0 176 270 83 219
60 36 4 191 83 176 245 103 209
61 35 4 237 114 144 272 166 207
62 32 4 242 174 0 323 222 91
63 44 5 242 174 91 323 222 182
64 43 5 234 174 182 288 207 202
65 41 5 270 0 176 310 61 217
66 37 5 273 91 0 372 155 71
67 37 5 273 91 71 372 155 142
68 37 5 273 91 142 372 155 213
69 40 5 288 155 182 333 215 208
70 40 5 290 61 0 350 87 45
71 38 5 310 0 0 372 57 51
72 39 5 310 0 51 389 76 122
73 42 5 310 0 122 349 71 165
74 39 5 333 155 0 412 231 71
75 37 5 333 155 71 397 226 170
76 46 6 333 155 170 374 216 210
77 46 6 374 155 170 415 216 210
78 45 6 310 0 165 373 35 217
79 46 6 310 35 165 371 75 206
80 48 6 372 76 0 448 155 71
81 48 6 372 76 71 451 152 142
82 47 6 372 35 142 453 126 190
83 48 6 415 155 0 494 231 71
84 57 7 371 35 190 425 68 210
85 56 7 372 68 190 417 128 216
86 56 7 372 128 142 432 154 187
87 55 7 389 0 0 441 35 63
88 55 7 389 0 63 441 35 126
89 55 7 389 0 126 441 35 189
90 49 7 415 154 71 494 230 142
91 49 7 415 154 142 494 230 213
92 53 7 453 0 0 536 79 43
93 49 7 453 0 43 524 79 119
94 53 7 453 0 119 496 79 202
95 58 7 496 0 119 536 61 160
96 58 7 496 0 160 536 61 201
97 49 7 453 79 0 532 150 76
98 49 7 453 79 76 532 150 152
99 50 7 453 79 152 552 150 216
100 52 7 494 150 0 585 231 48
101 52 7 494 150 48 585 231 96
102 51 7 494 150 96 551 212 147
103 51 7 494 150 147 551 212 198
104 51 7 536 0 0 587 57 62
105 54 7 536 0 62 579 71 101
