Utilizacion 79.398264 VolCajasEmpacado 81.131744 Duracion[s] 60.028000 Iteraciones 1114
0 2 0 0 0 0 86 92 66
1 2 0 0 92 0 86 184 66
2 2 0 0 0 66 86 92 132
3 2 0 0 92 66 86 184 132
4 2 0 0 0 132 86 92 198
5 2 0 0 92 132 86 184 198
6 11 0 0 184 0 48 219 33
7 11 0 0 184 33 33 232 68
8 11 0 0 184 68 33 232 103
9 11 0 0 184 103 33 232 138
10 9 0 48 184 0 141 230 80
11 9 0 141 184 0 234 230 80
12 9 0 234 184 0 327 230 80
13 9 0 327 184 0 420 230 80
14 0 0 33 184 80 104 220 108
15 0 0 33 184 108 104 220 136
16 0 0 33 184 136 104 220 164
17 0 0 33 184 164 104 220 192
18 0 0 33 184 192 104 220 220
19 5 0 86 0 0 168 59 76
20 5 0 86 59 0 168 118 76
21 5 0 86 0 76 168 59 152
22 5 0 86 59 76 168 118 152
23 4 0 86 0 152 190 61 218
24 4 0 86 61 152 190 122 218
25 4 0 86 122 0 152 183 104
26 8 0 86 122 104 136 173 164
27 8 0 86 122 164 137 182 214
28 8 0 104 183 80 164 233 131
29 8 0 104 183 131 164 233 182
30 4 0 152 122 0 256 183 66
31 6 0 152 122 66 229 180 165
32 7 0 137 122 165 226 179 217
33 10 0 164 180 80 254 231 125
34 10 0 254 180 80 344 231 125
35 10 0 344 180 80 434 231 125
36 10 0 164 180 125 254 231 170
37 10 0 254 180 125 344 231 170
38 10 0 344 180 125 434 231 170
39 10 0 164 180 170 254 231 215
40 10 0 254 180 170 344 231 215
41 10 0 344 180 170 434 231 215
42 7 0 190 0 0 279 57 52
43 7 0 190 57 0 279 114 52
44 7 0 190 0 52 279 57 104
45 7 0 190 57 52 279 114 104
46 1 0 190 0 104 267 89 130
47 5 0 190 0 130 266 82 189
48 1 0 190 0 189 267 89 215
49 3 0 256 114 0 364 180 84
50 3 0 256 114 84 364 180 168
51 1 0 226 89 168 315 166 194
52 3 0 279 0 0 363 66 108
53 6 0 267 0 108 344 58 207
54 23 1 226 89 194 315 166 220
55 21 1 315 66 0 348 114 35
56 21 1 348 66 0 381 114 35
57 21 1 381 66 0 414 114 35
58 21 1 414 66 0 447 114 35
59 21 1 447 66 0 480 114 35
60 21 1 480 66 0 513 114 35
61 19 1 315 66 35 408 112 115
62 19 1 408 66 35 501 112 115
63 19 1 315 66 115 408 112 195
64 19 1 408 66 115 501 112 195
65 20 1 315 112 168 405 157 219
66 12 1 363 0 0 455 66 86
67 12 1 363 0 86 455 66 172
68 22 1 344 0 172 415 28 208
69 22 1 344 28 172 415 56 208
70 22 1 415 0 172 486 28 208
71 22 1 415 28 172 486 56 208
72 22 1 405 114 0 476 150 28
73 12 1 405 114 28 497 180 114
74 20 1 405 112 114 495 157 165
75 20 1 405 112 165 495 157 216
76 18 1 434 180 0 485 230 60
77 18 1 434 180 60 485 230 120
78 18 1 434 180 120 485 230 180
79 22 1 434 157 180 470 228 208
80 17 1 485 180 0 574 232 57
81 17 1 485 180 57 574 232 114
82 17 1 485 180 114 574 232 171
83 15 1 486 0 0 568 59 76
84 15 1 486 0 76 568 59 152
85 18 1 486 0 152 536 60 203
86 18 1 536 0 152 586 60 203
87 13 1 497 114 0 581 180 108
88 13 1 497 114 108 581 180 216
89 18 1 513 60 0 573 111 50
90 18 1 513 60 50 573 111 100
