Utilizacion 81.041123 VolCajasEmpacado 82.747588 Duracion[s] 60.029000 Iteraciones 1327
0 0 0 0 0 0 54 114 20
1 0 0 0 114 0 54 228 20
2 0 0 0 0 20 54 114 40
3 0 0 0 114 20 54 228 40
4 0 0 0 0 40 54 114 60
5 0 0 0 114 40 54 228 60
6 0 0 0 0 60 54 114 80
7 0 0 0 114 60 54 228 80
8 10 0 0 0 80 79 80 144
9 10 0 0 80 80 79 160 144
10 10 0 0 0 144 79 80 208
11 10 0 0 80 144 79 160 208
12 1 0 0 160 80 30 225 101
13 1 0 0 160 101 30 225 122
14 1 0 0 160 122 30 225 143
15 1 0 0 160 143 30 225 164
16 1 0 0 160 164 30 225 185
17 1 0 0 160 185 30 225 206
18 1 0 30 160 80 60 225 101
19 5 0 30 160 101 62 214 154
20 5 0 30 160 154 62 214 207
21 7 0 62 160 0 109 220 54
22 7 0 109 160 0 156 220 54
23 7 0 62 160 54 109 220 108
24 7 0 109 160 54 156 220 108
25 7 0 62 160 108 109 220 162
26 7 0 109 160 108 156 220 162
27 7 0 62 160 162 109 220 216
28 7 0 109 160 162 156 220 216
29 11 0 79 0 0 192 68 75
30 11 0 192 0 0 305 68 75
31 11 0 305 0 0 418 68 75
32 11 0 79 68 0 192 136 75
33 11 0 192 68 0 305 136 75
34 11 0 305 68 0 418 136 75
35 11 0 79 0 75 192 68 150
36 11 0 192 0 75 305 68 150
37 11 0 305 0 75 418 68 150
38 11 0 79 68 75 192 136 150
39 11 0 192 68 75 305 136 150
40 11 0 305 68 75 418 136 150
41 2 0 79 0 150 193 26 193
42 2 0 79 26 150 193 52 193
43 2 0 79 52 150 193 78 193
44 2 0 79 78 150 193 104 193
45 2 0 79 104 150 193 130 193
46 2 0 79 0 193 193 43 219
47 2 0 79 43 193 193 86 219
48 2 0 79 86 193 193 129 219
49 1 0 79 136 0 144 157 30
50 9 0 156 136 0 206 228 87
51 10 0 156 136 87 235 216 151
52 6 0 156 130 151 249 172 220
53 6 0 156 172 151 249 214 220
54 4 0 193 0 150 292 80 179
55 3 0 193 0 179 303 63 208
56 8 0 193 80 150 260 129 216
57 5 0 260 80 150 313 134 182
58 5 0 260 63 182 314 116 214
59 9 0 249 136 0 336 228 50
60 9 0 249 136 50 336 228 100
61 9 0 249 136 100 336 228 150
62 9 0 249 136 150 336 228 200
63 8 0 303 0 150 369 49 217
64 3 0 314 49 150 424 112 179
65 3 0 314 49 179 424 112 208
66 10 0 336 136 0 416 200 79
67 10 0 336 136 79 416 200 158
68 2 0 336 200 0 450 226 43
69 2 0 336 200 43 450 226 86
70 5 0 336 200 86 389 232 140
71 5 0 336 200 140 389 232 194
72 4 0 336 112 158 435 192 187
73 4 0 336 112 187 435 192 216
74 8 0 369 0 150 436 49 216
75 5 0 389 200 86 442 232 140
76 9 0 424 49 0 516 99 87
77 3 0 424 49 87 534 112 116
78 9 0 424 49 116 516 99 203
79 10 0 435 112 0 515 176 79
80 10 0 435 112 79 515 176 158
81 4 0 435 99 158 534 179 187
82 4 0 435 99 187 534 179 216
83 8 0 436 0 0 503 49 66
84 8 0 503 0 0 570 49 66
85 8 0 436 0 66 503 49 132
86 8 0 503 0 66 570 49 132
87 8 0 436 0 132 502 49 199
88 9 0 450 179 0 542 229 87
89 9 0 450 179 87 542 229 174
90 8 0 502 0 132 568 49 199
91 9 0 534 49 0 584 136 92
92 9 0 534 49 92 584 136 184
93 6 0 542 136 0 584 229 69
94 6 0 542 136 69 584 229 138
