Utilizacion 82.036490 VolCajasEmpacado 82.740527 Duracion[s] 60.043000 Iteraciones 939
0 8 0 0 0 0 73 78 72
1 8 0 73 0 0 146 78 72
2 8 0 146 0 0 219 78 72
3 8 0 219 0 0 292 78 72
4 8 0 0 0 72 73 78 144
5 8 0 73 0 72 146 78 144
6 8 0 146 0 72 219 78 144
7 8 0 219 0 72 292 78 144
8 8 0 0 0 144 73 78 216
9 8 0 73 0 144 146 78 216
10 8 0 146 0 144 219 78 216
11 8 0 219 0 144 292 78 216
12 3 0 0 78 0 48 115 42
13 3 0 0 115 0 48 152 42
14 3 0 0 152 0 48 189 42
15 3 0 0 189 0 48 226 42
16 3 0 0 78 42 48 115 84
17 3 0 0 115 42 48 152 84
18 3 0 0 152 42 48 189 84
19 3 0 0 189 42 48 226 84
20 1 0 0 78 84 26 125 118
21 1 0 0 125 84 26 172 118
22 1 0 0 78 118 26 125 152
23 1 0 0 125 118 26 172 152
24 1 0 0 78 152 26 125 186
25 1 0 0 125 152 26 172 186
26 1 0 0 78 186 26 125 220
27 1 0 0 125 186 26 172 220
28 9 0 0 172 84 74 193 118
29 9 0 0 172 118 74 193 152
30 9 0 0 172 152 74 193 186
31 9 0 0 172 186 74 193 220
32 5 0 0 193 84 83 233 154
33 9 0 0 193 154 74 227 175
34 9 0 0 193 175 74 227 196
35 9 0 0 193 196 74 227 217
36 1 0 26 78 84 60 125 110
37 1 0 26 125 84 60 172 110
38 4 0 26 78 110 64 131 162
39 4 0 26 78 162 64 131 214
40 4 0 26 131 110 78 169 163
41 4 0 26 131 163 78 169 216
42 4 0 64 78 0 116 116 53
43 4 0 116 78 0 168 116 53
44 6 0 64 78 53 172 127 122
45 6 0 64 78 122 172 127 191
46 2 0 64 78 191 119 128 217
47 2 0 119 78 191 174 128 217
48 0 0 78 128 0 155 190 24
49 0 0 78 128 24 155 190 48
50 0 0 78 128 48 155 190 72
51 7 0 78 128 72 182 178 146
52 7 0 78 128 146 182 178 220
53 5 0 83 190 0 166 230 70
54 5 0 83 190 70 166 230 140
55 5 0 83 190 140 166 230 210
56 5 0 166 178 0 249 218 70
57 5 0 249 178 0 332 218 70
58 5 0 332 178 0 415 218 70
59 5 0 415 178 0 498 218 70
60 7 0 166 178 70 270 228 144
61 7 0 270 178 70 374 228 144
62 7 0 374 178 70 478 228 144
63 7 0 166 178 144 270 228 218
64 7 0 270 178 144 374 228 218
65 7 0 374 178 144 478 228 218
66 7 0 174 78 0 278 128 74
67 7 0 278 78 0 382 128 74
68 7 0 174 78 74 278 128 148
69 7 0 278 78 74 382 128 148
70 6 0 174 78 148 282 127 217
71 6 0 182 128 0 290 177 69
72 6 0 182 128 69 290 177 138
73 6 0 182 128 138 290 177 207
74 6 0 282 78 148 390 127 217
75 6 0 290 128 0 398 177 69
76 7 0 290 128 69 394 178 143
77 8 0 292 0 0 365 78 72
78 17 1 290 128 143 316 175 177
79 17 1 290 128 177 316 175 211
80 15 1 292 0 72 334 37 120
81 15 1 334 0 72 376 37 120
82 15 1 292 37 72 334 74 120
83 15 1 334 37 72 376 74 120
84 10 1 292 0 120 364 73 198
85 19 1 292 0 198 366 34 219
86 19 1 292 34 198 366 68 219
87 15 1 316 128 143 358 176 180
88 15 1 358 128 143 400 176 180
89 15 1 316 128 180 358 176 217
90 15 1 358 128 180 400 176 217
91 14 1 376 0 0 429 38 52
92 14 1 429 0 0 482 38 52
93 14 1 482 0 0 535 38 52
94 14 1 376 38 0 429 76 52
95 14 1 429 38 0 482 76 52
96 14 1 482 38 0 535 76 52
97 16 1 376 0 52 431 50 78
98 16 1 376 0 78 431 50 104
99 16 1 376 0 104 431 50 130
100 16 1 376 0 130 431 50 156
101 16 1 376 0 156 431 50 182
102 16 1 376 0 182 431 50 208
103 17 1 376 50 52 410 76 99
104 17 1 376 50 99 410 76 146
105 17 1 376 50 146 410 76 193
106 14 1 390 76 0 443 128 38
107 17 1 390 50 193 424 97 219
108 19 1 390 97 38 464 118 72
109 19 1 390 97 72 464 118 106
110 19 1 390 97 106 464 118 140
111 19 1 390 97 140 464 118 174
112 19 1 390 97 174 464 118 208
113 12 1 400 128 0 508 177 69
114 12 1 400 128 69 508 177 138
115 12 1 400 128 138 508 177 207
116 17 1 424 50 52 450 97 86
117 14 1 424 50 86 476 88 139
118 14 1 424 50 139 476 88 192
119 19 1 424 50 192 498 84 213
120 11 1 431 0 52 535 50 126
121 11 1 431 0 126 535 50 200
122 13 1 464 88 0 547 128 70
123 13 1 464 88 70 547 128 140
124 13 1 464 88 140 547 128 210
125 14 1 478 177 70 516 230 122
126 14 1 478 177 122 516 229 175
127 14 1 478 177 175 530 230 213
128 14 1 498 50 52 551 88 104
129 13 1 530 128 0 570 211 70
130 11 1 530 128 70 580 232 144
131 11 1 530 128 144 580 232 218
