Utilizacion 82.485462 VolCajasEmpacado 83.172845 Duracion[s] 60.048000 Iteraciones 709
0 1 0 0 0 0 96 52 28
1 1 0 96 0 0 192 52 28
2 1 0 192 0 0 288 52 28
3 1 0 288 0 0 384 52 28
4 1 0 384 0 0 480 52 28
5 1 0 480 0 0 576 52 28
6 1 0 0 52 0 96 104 28
7 1 0 96 52 0 192 104 28
8 1 0 192 52 0 288 104 28
9 1 0 288 52 0 384 104 28
10 1 0 384 52 0 480 104 28
11 1 0 480 52 0 576 104 28
12 1 0 0 104 0 96 156 28
13 1 0 96 104 0 192 156 28
14 1 0 192 104 0 288 156 28
15 1 0 288 104 0 384 156 28
16 1 0 384 104 0 480 156 28
17 1 0 480 104 0 576 156 28
18 10 0 0 0 28 108 51 122
19 10 0 0 51 28 108 102 122
20 10 0 0 102 28 108 153 122
21 10 0 0 0 122 108 51 216
22 10 0 0 51 122 108 102 216
23 10 0 0 102 122 108 153 216
24 7 0 0 156 0 111 200 42
25 7 0 0 156 42 111 200 84
26 7 0 0 156 84 111 200 126
27 7 0 0 156 126 111 200 168
28 7 0 0 156 168 111 200 210
29 11 0 108 0 28 185 57 92
30 11 0 108 57 28 185 114 92
31 11 0 108 0 92 185 57 156
32 11 0 108 57 92 185 114 156
33 11 0 108 0 156 185 57 220
34 11 0 108 57 156 185 114 220
35 2 0 0 200 0 71 230 52
36 0 0 0 200 52 40 226 95
37 0 0 40 200 52 80 226 95
38 0 0 0 200 95 40 226 138
39 0 0 40 200 95 80 226 138
40 0 0 0 200 138 40 226 181
41 0 0 40 200 138 80 226 181
42 6 0 108 114 28 157 155 98
43 6 0 157 114 28 206 155 98
44 6 0 206 114 28 255 155 98
45 6 0 255 114 28 304 155 98
46 6 0 304 114 28 353 155 98
47 6 0 353 114 28 402 155 98
48 6 0 402 114 28 451 155 98
49 6 0 451 114 28 500 155 98
50 6 0 500 114 28 549 155 98
51 0 0 80 200 0 123 226 40
52 0 0 80 200 40 123 226 80
53 0 0 80 200 80 123 226 120
54 0 0 80 200 120 123 226 160
55 2 0 80 200 160 151 230 212
56 7 0 108 114 98 219 156 142
57 7 0 219 114 98 330 156 142
58 7 0 330 114 98 441 156 142
59 7 0 441 114 98 552 156 142
60 6 0 108 114 142 157 155 212
61 6 0 157 114 142 206 155 212
62 6 0 206 114 142 255 155 212
63 6 0 255 114 142 304 155 212
64 4 0 185 0 28 260 36 73
65 4 0 185 36 28 260 72 73
66 4 0 185 72 28 260 108 73
67 4 0 185 0 73 260 36 118
68 4 0 185 36 73 260 72 118
69 4 0 185 72 73 260 108 118
70 4 0 185 0 118 260 36 163
71 4 0 185 36 118 260 72 163
72 4 0 185 72 118 260 108 163
73 4 0 185 0 163 260 36 208
74 4 0 185 36 163 260 72 208
75 4 0 185 72 163 260 108 208
76 7 0 111 156 0 222 198 44
77 7 0 111 156 44 222 198 88
78 7 0 111 156 88 222 198 132
79 8 0 111 156 132 206 200 208
80 2 0 206 156 132 236 227 184
81 4 0 206 155 184 251 230 220
82 11 0 251 156 0 328 213 64
83 8 0 251 156 64 346 232 108
84 4 0 251 156 108 296 231 144
85 4 0 296 156 108 341 231 144
86 4 0 251 156 144 296 231 180
87 4 0 296 156 144 341 231 180
88 4 0 251 156 180 296 231 216
89 4 0 296 156 180 341 231 216
90 5 0 260 0 28 325 49 67
91 5 0 260 49 28 325 98 67
92 5 0 260 0 67 325 49 106
93 5 0 260 49 67 325 98 106
94 5 0 260 0 106 325 49 145
95 5 0 260 49 106 325 98 145
96 5 0 260 0 145 325 49 184
97 5 0 260 49 145 325 98 184
98 2 0 260 0 184 331 52 214
99 2 0 260 52 184 331 104 214
100 5 0 304 104 142 369 153 181
101 5 0 304 104 181 369 153 220
102 9 0 331 0 28 381 104 108
103 9 0 331 0 108 381 104 188
104 2 0 331 0 188 402 52 218
105 2 0 331 52 188 402 104 218
106 8 0 346 156 0 441 232 44
107 8 0 441 156 0 536 232 44
108 8 0 346 156 44 441 232 88
109 8 0 441 156 44 536 232 88
110 8 0 346 156 88 441 232 132
111 8 0 441 156 88 536 232 132
112 8 0 346 156 132 441 232 176
113 8 0 441 156 132 536 232 176
114 8 0 346 156 176 441 232 220
115 8 0 441 156 176 536 232 220
116 2 0 369 104 142 440 156 172
117 2 0 440 104 142 511 156 172
118 2 0 511 104 142 582 156 172
119 2 0 369 104 172 440 156 202
120 2 0 440 104 172 511 156 202
121 2 0 511 104 172 582 156 202
122 5 0 402 0 28 441 49 93
123 5 0 441 0 28 480 49 93
124 5 0 480 0 28 519 49 93
125 5 0 519 0 28 558 49 93
126 5 0 402 49 28 441 98 93
127 5 0 441 49 28 480 98 93
128 5 0 480 49 28 519 98 93
129 5 0 519 49 28 558 98 93
130 3 0 402 0 93 483 47 127
131 3 0 402 47 93 483 94 127
132 5 0 402 0 127 441 49 192
133 5 0 441 0 127 480 49 192
134 9 0 402 49 127 506 99 207
135 3 0 483 0 93 564 47 127
136 3 0 506 0 127 587 34 174
137 4 0 480 0 174 555 36 219
138 11 0 506 47 93 583 104 157
139 11 0 506 36 157 583 100 214
