Utilizacion 72.787041 VolCajasEmpacado 74.590848 Duracion[s] 60.000000 Iteraciones 3500
0 2 0 0 0 0 56 86 33
1 2 0 0 86 0 56 172 33
2 0 0 0 172 0 68 199 35
3 0 0 0 199 0 68 226 35
4 5 0 0 0 33 58 110 92
5 7 0 0 0 92 69 66 172
6 1 0 0 110 33 99 154 64
7 1 0 0 110 64 99 154 95
8 3 0 0 0 172 72 73 208
9 8 0 0 73 95 74 171 185
10 9 0 0 73 185 56 128 207
11 4 0 0 171 35 50 229 120
12 6 0 72 0 0 168 63 79
13 15 1 0 128 185 99 172 216
14 14 1 0 172 120 48 230 166
15 10 1 0 172 166 56 227 188
16 13 1 68 172 0 126 231 110
17 12 1 72 0 79 151 63 175
18 12 1 99 63 0 178 159 63
19 11 1 99 63 63 168 143 129
20 22 2 0 172 188 56 227 210
21 16 2 72 0 175 145 72 211
22 21 2 56 172 110 104 230 156
23 20 2 56 172 156 141 222 214
24 22 2 74 72 129 129 128 151
25 17 2 129 72 129 203 170 219
26 19 2 141 170 0 251 228 59
27 19 2 141 170 59 251 228 118
28 18 2 141 170 118 245 229 181
29 25 3 141 170 181 240 214 212
30 28 3 168 0 0 264 63 79
31 28 3 264 0 0 360 63 79
32 29 3 168 0 79 248 66 148
33 26 3 151 0 148 244 54 197
34 23 3 145 0 197 201 55 219
35 27 3 203 66 0 307 125 63
36 27 3 203 66 63 307 125 126
37 24 3 203 125 0 271 152 35
38 25 3 203 125 35 302 156 79
39 26 3 203 66 126 252 120 219
40 37 4 203 125 79 302 169 110
41 36 4 203 125 110 289 158 166
42 39 4 203 120 166 296 169 220
43 33 4 248 0 79 352 63 138
44 36 4 248 0 138 334 33 194
45 36 4 248 33 138 334 66 194
46 34 4 251 169 0 301 227 85
47 34 4 251 169 85 301 227 170
48 38 4 252 0 194 341 69 220
49 32 4 301 169 0 380 232 96
50 33 4 301 169 96 405 232 155
51 30 4 307 69 0 381 167 90
52 31 4 307 69 90 373 138 170
53 35 4 301 138 155 373 211 191
54 40 5 296 69 170 331 137 197
55 40 5 296 137 191 364 172 218
56 44 5 360 0 0 464 63 59
57 43 5 360 0 59 445 58 109
58 42 5 352 0 109 445 54 158
59 41 5 341 0 158 440 31 202
60 54 6 296 69 197 352 124 219
61 53 6 341 31 158 409 66 185
62 53 6 341 31 185 409 66 212
63 46 6 381 66 0 455 164 90
64 46 6 381 66 90 455 164 180
65 52 6 352 66 180 438 122 213
66 45 6 373 122 180 472 166 211
67 51 6 373 166 155 421 224 201
68 47 6 421 166 0 490 232 80
69 49 6 421 166 80 480 229 184
70 54 6 421 166 184 476 222 206
71 50 6 455 63 0 514 121 110
72 48 6 464 0 0 560 63 79
73 57 7 445 0 79 549 59 142
74 57 7 445 0 142 549 59 205
75 61 7 455 59 110 548 108 164
76 61 7 455 59 164 548 108 218
77 56 7 490 121 0 559 187 80
78 59 7 514 108 80 557 226 137
79 58 7 472 108 137 557 158 195
80 60 7 472 108 195 528 163 217
81 56 7 480 163 137 549 229 217
