Utilizacion 76.118110 VolCajasEmpacado 77.067452 Duracion[s] 60.022000 Iteraciones 1691
0 6 0 0 0 0 34 81 45
1 6 0 0 81 0 34 162 45
2 2 0 0 0 45 40 78 118
3 3 0 0 0 118 45 84 204
4 4 0 0 84 45 46 147 114
5 5 0 0 84 114 71 145 166
6 5 0 0 84 166 71 145 218
7 1 0 0 162 0 37 216 70
8 6 0 0 147 70 45 228 104
9 0 0 0 147 104 75 222 140
10 0 0 0 147 140 75 222 176
11 13 1 0 145 176 78 218 216
12 7 1 45 0 0 90 84 86
13 7 1 90 0 0 135 84 86
14 7 1 135 0 0 180 84 86
15 9 1 45 0 86 106 71 138
16 9 1 45 0 138 106 71 190
17 10 1 106 0 86 200 88 136
18 10 1 106 0 136 200 88 186
19 14 1 106 0 186 187 45 220
20 12 1 71 88 0 140 134 63
21 12 1 71 88 63 140 134 126
22 12 1 71 88 126 140 134 189
23 12 1 78 134 0 124 197 69
24 8 1 78 134 69 145 190 141
25 8 1 78 134 141 145 190 213
26 8 1 145 88 0 212 160 56
27 11 1 145 88 56 196 153 106
28 22 2 78 197 0 159 231 45
29 22 2 78 197 45 159 231 90
30 22 2 78 197 90 159 231 135
31 21 2 78 190 135 156 230 208
32 15 2 140 88 106 210 125 160
33 15 2 140 88 160 210 125 214
34 16 2 145 125 106 217 181 173
35 15 2 145 125 173 215 179 210
36 17 2 159 181 0 230 233 61
37 17 2 159 181 61 230 233 122
38 19 2 159 181 122 224 231 173
39 21 2 200 0 0 240 78 73
40 21 2 200 0 73 240 78 146
41 21 2 200 0 146 240 78 219
42 20 2 212 78 0 275 124 69
43 20 2 212 78 69 275 124 138
44 20 2 212 78 138 275 124 207
45 15 2 217 124 0 254 178 70
46 18 2 230 178 0 318 228 94
47 27 3 217 124 70 282 175 120
48 25 3 217 124 120 287 161 174
49 25 3 215 124 174 285 178 211
50 28 3 230 178 94 301 230 155
51 28 3 230 178 155 301 230 216
52 25 3 156 179 173 226 233 210
53 29 3 240 0 0 296 72 67
54 26 3 240 0 67 303 46 136
55 24 3 240 0 136 315 75 172
56 23 3 240 0 172 321 34 217
57 23 3 240 34 172 321 68 217
58 23 3 275 75 0 356 109 45
59 36 4 275 75 45 361 120 129
60 36 4 275 75 129 361 120 213
61 35 4 287 120 0 368 165 34
62 30 4 287 120 34 348 172 105
63 30 4 287 120 105 348 172 176
64 33 4 285 120 176 355 174 213
65 32 4 318 174 0 369 224 65
66 32 4 369 174 0 420 224 65
67 31 4 318 174 65 412 224 153
68 34 4 321 0 0 396 75 36
69 34 4 396 0 0 471 75 36
70 41 5 301 174 153 351 225 218
71 41 5 351 174 153 401 225 218
72 42 5 321 0 36 415 50 124
73 42 5 321 0 124 415 50 212
74 37 5 361 75 0 442 109 45
75 37 5 442 75 0 523 109 45
76 40 5 361 50 45 406 134 131
77 40 5 361 50 131 406 134 217
78 39 5 368 134 0 438 171 54
79 40 5 406 50 45 451 134 131
80 38 5 406 50 131 481 125 167
81 43 5 406 50 167 467 121 219
82 42 5 415 0 36 503 50 130
83 42 5 415 0 130 509 50 218
84 44 6 355 134 54 436 168 99
85 44 6 355 134 99 436 168 144
86 51 6 355 134 144 409 171 214
87 51 6 409 125 144 463 162 214
88 45 6 481 50 45 533 121 106
89 45 6 481 50 106 533 121 167
90 47 6 420 171 0 470 222 65
91 45 6 436 162 65 497 214 136
92 47 6 412 168 136 463 218 201
93 50 6 463 125 136 503 203 209
94 48 6 467 50 167 536 113 213
95 49 6 503 121 0 587 207 45
96 48 6 503 121 45 549 184 114
97 49 6 503 184 45 587 229 131
98 49 6 503 184 131 587 229 217
99 49 6 503 121 114 587 166 200
100 46 6 536 0 0 586 94 88
101 46 6 536 0 88 586 88 182
