Utilizacion 84.505753 VolCajasEmpacado 85.715124 Duracion[s] 60.008000 Iteraciones 3157
0 4 0 0 0 0 46 98 72
1 4 0 0 98 0 46 196 72
2 4 0 0 0 72 46 98 144
3 4 0 0 98 72 46 196 144
4 4 0 0 0 144 46 98 216
5 4 0 0 98 144 46 196 216
6 1 0 0 196 0 81 229 28
7 1 0 0 196 28 81 229 56
8 1 0 0 196 56 81 229 84
9 1 0 0 196 84 81 229 112
10 1 0 0 196 112 81 229 140
11 0 0 0 196 140 110 221 183
12 5 0 46 0 0 94 111 70
13 2 0 46 0 70 122 108 100
14 2 0 46 0 100 122 108 130
15 2 0 46 0 130 122 108 160
16 2 0 46 0 160 122 108 190
17 2 0 46 0 190 122 108 220
18 5 0 46 111 0 157 181 48
19 0 0 46 111 48 156 154 73
20 6 0 46 108 73 101 189 165
21 6 0 46 108 165 138 189 220
22 0 0 46 189 183 156 232 208
23 2 0 122 0 0 198 108 30
24 2 0 122 0 30 198 108 60
25 2 0 122 0 60 198 108 90
26 2 0 122 0 90 198 108 120
27 2 0 122 0 120 198 108 150
28 2 0 122 0 150 198 108 180
29 2 0 122 0 180 198 108 210
30 5 0 156 181 0 267 229 70
31 5 0 267 181 0 378 229 70
32 5 0 378 181 0 489 229 70
33 7 0 157 108 0 256 181 120
34 2 0 138 108 120 246 184 150
35 2 0 138 108 150 246 184 180
36 3 0 138 108 180 233 174 211
37 0 0 156 184 70 266 227 95
38 0 0 156 184 95 266 227 120
39 7 0 198 0 0 318 99 73
40 7 0 198 0 73 318 99 146
41 7 0 198 0 146 318 99 219
42 7 0 256 99 0 376 172 99
43 7 0 256 99 99 355 172 219
44 6 0 266 172 70 358 227 151
45 6 0 358 172 70 450 227 151
46 6 0 318 0 0 373 92 81
47 7 0 318 0 81 391 99 201
48 7 0 376 99 0 475 172 120
49 3 0 355 99 120 450 165 151
50 3 0 355 99 151 450 165 182
51 3 0 355 99 182 450 165 213
52 9 1 246 172 151 327 200 184
53 9 1 246 200 151 327 228 184
54 9 1 246 172 184 327 200 217
55 9 1 246 200 184 327 228 217
56 9 1 327 172 151 408 205 179
57 8 1 327 205 151 437 230 194
58 9 1 327 172 179 408 205 207
59 15 1 391 0 0 511 99 73
60 15 1 391 0 73 511 99 146
61 15 1 391 0 146 511 99 219
62 8 1 450 99 120 475 209 163
63 8 1 450 99 163 475 209 206
64 10 1 475 99 0 583 175 30
65 10 1 475 99 30 583 175 60
66 10 1 475 99 60 583 175 90
67 10 1 475 99 90 583 175 120
68 10 1 475 99 120 583 175 150
69 10 1 475 99 150 583 175 180
70 10 1 475 99 180 583 175 210
71 12 1 489 175 0 587 221 72
72 8 1 475 175 72 585 200 115
73 13 1 475 175 115 586 223 185
74 12 1 511 0 0 583 98 46
75 12 1 511 0 46 583 98 92
76 12 1 511 0 92 583 98 138
77 12 1 511 0 138 583 98 184
78 11 1 511 0 184 577 95 215
