Utilizacion 77.651429 VolCajasEmpacado 79.225815 Duracion[s] 60.007000 Iteraciones 1412
0 1 0 0 0 0 40 41 61
1 1 0 0 41 0 40 82 61
2 1 0 0 82 0 40 123 61
3 1 0 0 123 0 40 164 61
4 1 0 0 164 0 40 205 61
5 2 0 0 0 61 43 83 140
6 2 0 0 83 61 43 166 140
7 2 0 0 0 140 43 83 219
8 2 0 0 83 140 43 166 219
9 3 0 0 166 61 71 230 160
10 4 0 0 166 160 26 226 205
11 4 0 26 166 160 52 226 205
12 4 0 52 166 160 78 226 205
13 0 0 43 0 0 114 39 43
14 0 0 43 0 43 114 39 86
15 0 0 43 0 86 114 39 129
16 0 0 43 0 129 114 39 172
17 0 0 43 0 172 114 39 215
18 4 0 43 39 0 88 99 26
19 4 0 43 99 0 88 159 26
20 2 0 43 39 26 122 122 69
21 2 0 43 39 69 122 122 112
22 0 0 43 122 26 82 165 97
23 3 0 43 39 112 114 103 211
24 0 0 43 122 97 86 161 168
25 4 0 43 103 168 88 163 194
26 5 1 43 103 194 103 148 220
27 9 1 78 165 0 149 229 99
28 7 1 78 163 99 139 203 140
29 7 1 78 163 140 139 203 181
30 6 1 78 163 181 149 206 220
31 5 1 78 206 99 138 232 144
32 7 1 103 122 0 164 163 40
33 6 1 103 122 40 146 161 111
34 6 1 103 122 111 146 161 182
35 6 1 114 0 0 157 39 71
36 6 1 114 0 71 157 39 142
37 8 1 122 39 0 205 82 79
38 8 1 122 39 79 205 82 158
39 8 1 114 0 158 197 79 201
40 8 1 149 163 0 228 206 83
41 8 1 149 163 83 228 206 166
42 8 1 164 82 0 247 161 43
43 8 1 164 82 43 247 161 86
44 8 1 164 82 86 247 161 129
45 9 1 146 82 129 245 153 193
46 14 2 149 79 193 194 139 219
47 14 2 194 79 193 254 124 219
48 14 2 194 124 193 254 169 219
49 14 2 78 206 144 138 232 189
50 14 2 149 206 0 209 232 45
51 14 2 149 206 45 209 232 90
52 13 2 149 153 166 192 224 205
53 10 2 192 169 166 232 230 207
54 13 2 197 0 0 268 39 43
55 13 2 197 0 43 268 39 86
56 13 2 197 0 86 268 39 129
57 13 2 197 0 129 268 39 172
58 13 2 197 0 172 268 39 215
59 10 2 205 39 0 266 79 41
60 10 2 266 39 0 327 79 41
61 10 2 327 39 0 388 79 41
62 10 2 388 39 0 449 79 41
63 10 2 449 39 0 510 79 41
64 10 2 510 39 0 571 79 41
65 10 2 205 39 41 246 79 102
66 10 2 205 39 102 246 79 163
67 13 2 197 39 163 268 78 206
68 12 2 268 0 41 351 79 84
69 12 2 268 0 84 351 79 127
70 12 2 268 0 127 351 79 170
71 12 2 268 0 170 351 79 213
72 11 2 232 169 0 303 233 99
73 11 2 303 169 0 374 233 99
74 11 2 374 169 0 445 233 99
75 11 2 445 169 0 516 233 99
76 11 2 232 169 99 303 233 198
77 11 2 303 169 99 374 233 198
78 11 2 374 169 99 445 233 198
79 11 2 445 169 99 516 233 198
80 12 2 351 0 41 434 79 84
81 12 2 351 0 84 434 79 127
82 12 2 351 0 127 434 79 170
83 12 2 351 0 170 434 79 213
84 11 2 254 79 0 318 150 99
85 12 2 254 79 99 297 162 178
86 16 3 254 79 178 325 122 217
87 16 3 254 122 178 325 165 217
88 18 3 434 0 41 517 79 84
89 18 3 434 0 84 517 79 127
90 18 3 434 0 127 517 79 170
91 18 3 434 0 170 517 79 213
92 17 3 325 79 0 365 120 61
93 17 3 325 120 0 365 161 61
94 17 3 325 79 61 365 120 122
95 17 3 325 120 61 365 161 122
96 17 3 325 79 122 365 120 183
97 17 3 325 120 122 365 161 183
98 15 3 325 79 183 385 124 209
99 15 3 325 124 183 385 169 209
100 19 3 517 0 41 581 99 112
101 19 3 517 0 112 581 99 183
102 19 3 385 79 0 449 150 99
103 19 3 449 79 0 513 150 99
104 19 3 385 79 99 449 150 198
105 19 3 449 79 99 513 150 198
106 15 3 517 0 183 577 45 209
107 15 3 513 99 0 558 159 26
108 15 3 513 99 26 539 159 71
109 15 3 513 99 71 539 159 116
110 17 3 513 99 116 553 160 157
111 19 3 516 160 0 587 224 99
112 19 3 516 160 99 587 224 198
