Utilizacion 75.461405 VolCajasEmpacado 77.683703 Duracion[s] 60.005000 Iteraciones 6362
0 1 0 0 0 0 80 59 106
1 0 0 0 0 106 74 63 167
2 2 1 0 63 0 59 169 80
3 3 2 0 0 167 71 60 192
4 4 2 0 169 0 61 232 74
5 5 3 0 63 80 61 126 154
6 6 4 0 169 74 71 229 99
7 7 4 0 63 154 61 137 217
8 7 4 0 137 99 63 211 160
9 8 5 0 137 160 71 197 185
10 9 5 61 63 0 141 122 106
11 10 6 61 63 106 141 122 212
12 11 7 71 122 0 130 202 106
13 12 8 0 137 185 60 208 210
14 12 8 0 0 192 71 60 217
15 14 8 71 122 106 130 228 186
16 13 8 80 0 0 154 61 63
17 15 9 60 137 186 131 197 211
18 16 9 80 0 63 154 63 124
19 16 9 74 0 124 137 61 198
20 16 9 131 122 0 194 196 61
21 17 10 131 122 61 191 193 86
22 17 10 131 122 86 191 193 111
23 19 11 131 122 111 192 185 185
24 18 11 131 122 185 202 182 210
25 21 12 141 63 0 247 122 80
26 20 12 154 0 0 225 60 25
27 20 12 154 0 25 225 60 50
28 20 12 154 0 50 225 60 75
29 22 13 141 63 80 247 122 160
30 23 14 154 0 75 225 60 100
31 24 15 154 0 100 228 63 161
32 25 16 141 0 161 221 106 220
33 25 16 202 122 0 282 228 59
34 26 17 202 122 59 265 183 133
35 26 17 202 122 133 265 183 207
36 28 18 228 0 0 302 63 61
37 27 18 228 0 61 299 60 86
38 30 19 228 0 86 302 63 147
39 29 19 228 0 147 299 60 172
40 31 20 247 63 0 327 122 106
41 31 20 247 63 106 327 122 212
42 32 21 221 0 172 292 60 197
43 33 21 282 122 0 341 228 80
44 34 22 265 122 80 324 228 160
45 35 23 265 122 160 336 182 185
46 36 24 302 0 0 376 63 61
47 37 25 265 122 185 336 182 210
48 38 25 302 0 61 376 61 124
49 38 25 302 0 124 376 61 187
50 39 26 292 0 187 363 60 212
51 40 26 341 63 0 404 124 74
52 40 26 341 63 74 404 124 148
53 39 26 327 61 148 398 121 173
54 41 27 341 124 0 421 230 59
55 42 27 341 124 59 402 198 122
56 43 28 327 61 173 398 121 198
57 44 28 336 124 122 442 183 202
58 45 28 376 0 0 450 61 63
59 44 28 376 0 63 456 59 169
60 43 28 376 0 169 447 60 194
61 46 29 363 0 194 434 60 219
62 47 29 404 61 0 510 120 80
63 48 30 404 60 80 510 119 160
64 49 31 398 60 160 469 120 185
65 50 32 398 60 185 469 120 210
66 52 33 442 120 0 522 226 59
67 53 33 442 120 59 505 181 133
68 53 33 442 120 133 505 181 207
69 52 33 456 0 0 562 59 80
70 51 33 456 0 80 527 60 105
71 55 34 456 0 105 562 59 185
72 54 34 447 0 185 518 60 210
73 55 34 522 60 0 581 140 106
74 56 35 518 0 185 578 71 210
75 58 35 510 71 106 569 151 212
76 57 35 522 151 0 585 212 74
77 58 35 505 151 74 585 210 180
78 56 35 505 151 180 565 222 205
