Utilizacion 74.995636 VolCajasEmpacado 75.672437 Duracion[s] 60.024000 Iteraciones 1292
0 3 0 0 0 0 43 60 69
1 3 0 0 60 0 43 120 69
2 3 0 0 120 0 43 180 69
3 3 0 0 0 69 43 60 138
4 3 0 0 60 69 43 120 138
5 3 0 0 120 69 43 180 138
6 3 0 0 0 138 43 60 207
7 3 0 0 60 138 43 120 207
8 3 0 0 120 138 43 180 207
9 6 0 0 180 0 40 233 36
10 6 0 0 180 36 40 233 72
11 4 0 0 180 72 39 230 137
12 1 0 0 180 137 20 232 174
13 1 0 0 180 174 20 232 211
14 2 0 40 180 0 113 229 97
15 2 0 40 180 97 113 229 194
16 5 0 43 0 0 152 63 37
17 5 0 43 63 0 152 126 37
18 5 0 43 0 37 106 109 74
19 5 0 43 0 74 106 109 111
20 5 0 43 0 111 106 109 148
21 5 0 43 0 148 106 109 185
22 4 0 43 126 0 82 176 65
23 4 0 82 126 0 121 176 65
24 7 0 43 0 185 85 98 215
25 9 0 43 109 65 109 173 101
26 7 0 85 0 185 127 98 215
27 7 0 43 109 101 141 139 143
28 7 0 43 109 143 141 139 185
29 2 0 127 0 37 176 97 110
30 8 0 113 176 0 192 233 24
31 8 0 113 176 24 192 233 48
32 8 0 113 176 48 192 233 72
33 8 0 113 176 72 192 233 96
34 8 0 113 176 96 192 233 120
35 8 0 113 176 120 192 233 144
36 8 0 113 176 144 192 233 168
37 0 0 127 0 110 199 95 132
38 0 0 127 0 132 199 95 154
39 0 0 127 0 154 199 95 176
40 0 0 127 0 176 199 95 198
41 18 1 127 0 198 199 95 220
42 19 1 20 180 194 72 217 214
43 15 1 43 139 101 83 175 154
44 10 1 43 139 154 109 175 218
45 19 1 43 98 185 95 135 205
46 19 1 95 98 185 147 135 205
47 19 1 72 175 194 109 227 214
48 17 1 113 139 168 170 218 192
49 19 1 109 135 192 161 172 212
50 17 1 113 172 192 192 229 216
51 14 1 152 97 0 261 134 63
52 14 1 261 97 0 370 134 63
53 14 1 370 97 0 479 134 63
54 15 1 147 97 63 187 133 116
55 15 1 147 97 116 187 133 169
56 15 1 147 95 169 200 131 209
57 16 1 170 134 0 268 164 42
58 16 1 170 134 42 268 164 84
59 16 1 170 134 84 268 164 126
60 16 1 170 134 126 268 164 168
61 16 1 170 134 168 268 164 210
62 11 1 192 164 0 289 213 73
63 11 1 192 164 73 289 213 146
64 11 1 192 164 146 289 213 219
65 18 1 199 0 0 294 72 22
66 18 1 294 0 0 389 72 22
67 18 1 389 0 0 484 72 22
68 18 1 484 0 0 579 72 22
69 11 1 199 0 22 248 73 119
70 11 1 199 0 119 248 73 216
71 12 1 200 73 63 243 133 132
72 17 1 200 73 132 279 130 156
73 17 1 200 73 156 279 130 180
74 13 1 200 73 180 265 123 219
75 11 1 248 0 22 321 49 119
76 21 2 248 0 119 308 69 162
77 21 2 248 0 162 308 69 205
78 28 2 192 213 0 244 233 37
79 28 2 192 213 37 244 233 74
80 28 2 265 69 180 285 121 217
81 28 2 192 213 74 244 233 111
82 28 2 308 0 119 328 52 156
83 28 2 308 0 156 328 52 193
84 28 2 192 213 111 244 233 148
85 25 2 268 134 0 366 164 42
86 25 2 268 134 42 366 164 84
87 25 2 268 134 84 366 164 126
88 25 2 268 134 126 366 164 168
89 25 2 268 134 168 366 164 210
90 22 2 285 69 63 324 134 113
91 24 2 285 69 113 321 109 166
92 24 2 285 69 166 321 109 219
93 29 2 289 164 0 353 230 36
94 29 2 353 164 0 417 230 36
95 21 2 289 164 36 332 233 96
96 21 2 289 164 96 332 233 156
97 21 2 289 164 156 332 233 216
98 22 2 324 52 22 374 91 87
99 22 2 324 52 87 374 91 152
100 22 2 324 52 152 374 91 217
101 22 2 324 91 63 374 130 128
102 25 2 321 91 128 419 121 170
103 25 2 321 91 170 419 121 212
104 20 2 328 0 22 401 49 119
105 20 2 328 0 119 401 49 216
106 20 2 332 164 36 429 213 109
107 20 2 332 164 109 429 213 182
108 23 2 332 164 182 441 227 219
109 26 2 401 0 22 480 57 46
110 26 2 480 0 22 559 57 46
111 26 2 401 0 46 480 57 70
112 26 2 480 0 46 559 57 70
113 27 2 401 0 70 496 72 92
114 27 2 401 0 92 496 72 114
115 26 2 401 0 114 458 79 138
116 26 2 401 0 138 458 79 162
117 36 3 366 134 0 464 164 42
118 39 3 366 134 42 418 154 79
119 32 3 374 121 79 443 164 139
120 32 3 366 121 139 426 164 208
121 30 3 374 49 162 439 88 212
122 35 3 401 0 162 437 40 215
123 35 3 437 0 162 473 40 215
124 31 3 458 40 114 531 89 211
125 30 3 441 164 0 491 229 39
126 30 3 441 164 39 491 229 78
127 30 3 441 164 78 491 229 117
128 32 3 441 164 117 501 233 160
129 32 3 441 164 160 501 233 203
130 31 3 443 89 63 492 162 160
131 37 3 426 89 160 505 146 184
132 34 3 426 89 184 490 155 220
133 34 3 496 0 70 562 36 134
134 34 3 496 0 134 562 36 198
135 32 3 501 146 0 544 206 69
136 32 3 544 146 0 587 206 69
137 37 3 501 146 69 580 203 93
138 37 3 501 146 93 580 203 117
139 37 3 501 146 117 580 203 141
140 31 3 505 89 0 578 138 97
141 33 3 531 36 97 568 145 160
142 38 3 505 89 160 577 184 182
143 33 3 505 89 182 568 198 219
