Utilizacion 74.303271 VolCajasEmpacado 75.629724 Duracion[s] 60.013000 Iteraciones 685
0 7 0 0 0 0 47 116 49
1 7 0 0 116 0 47 232 49
2 15 0 0 0 49 32 97 102
3 15 0 0 0 102 32 97 155
4 15 0 0 0 155 32 97 208
5 14 0 0 97 49 68 130 83
6 14 0 0 97 83 68 130 117
7 14 0 0 97 117 68 130 151
8 16 0 0 97 151 31 130 192
9 11 0 0 130 49 34 165 108
10 11 0 0 130 108 34 165 167
11 16 0 0 165 49 31 198 90
12 16 0 0 198 49 31 231 90
13 16 0 0 165 90 31 198 131
14 16 0 0 198 90 31 231 131
15 0 0 0 97 192 37 149 220
16 18 0 0 165 131 29 222 164
17 18 0 0 165 164 29 222 197
18 1 0 0 149 197 44 232 220
19 1 0 32 0 49 55 83 93
20 15 0 32 0 93 64 97 146
21 15 0 32 0 146 64 97 199
22 11 0 37 97 151 96 132 185
23 11 0 37 97 185 96 132 219
24 17 0 47 132 0 146 169 30
25 17 0 47 169 0 146 206 30
26 13 0 47 132 30 111 224 63
27 3 0 44 132 63 142 228 119
28 3 0 44 132 119 142 228 175
29 8 0 44 132 175 123 200 219
30 16 0 44 200 175 85 233 206
31 1 0 85 200 175 168 223 219
32 6 0 64 0 0 162 47 88
33 6 0 64 47 0 162 94 88
34 6 0 64 0 88 162 47 176
35 6 0 64 47 88 162 94 176
36 8 0 64 0 176 132 79 220
37 13 0 96 94 0 188 127 64
38 19 0 96 94 64 171 129 109
39 19 0 96 94 109 171 129 154
40 15 0 96 94 154 193 126 207
41 4 0 146 129 0 249 178 69
42 4 0 142 129 69 245 198 118
43 5 0 142 129 118 194 183 167
44 5 0 142 129 167 194 183 216
45 5 0 162 0 0 214 49 54
46 5 0 162 0 54 214 49 108
47 5 0 162 0 108 214 49 162
48 5 0 162 0 162 214 49 216
49 9 0 162 49 0 281 88 59
50 13 0 162 49 59 254 82 123
51 13 0 162 49 123 254 82 187
52 13 0 168 198 0 260 231 64
53 3 0 194 82 118 250 178 216
54 4 0 214 0 0 317 49 69
55 4 0 214 0 69 317 49 138
56 10 0 254 0 138 337 78 175
57 3 0 250 88 0 346 186 56
58 3 0 250 88 56 346 186 112
59 12 0 250 82 112 342 195 145
60 12 0 250 82 145 342 195 178
61 12 0 250 82 178 342 195 211
62 2 0 337 0 0 409 78 57
63 12 0 346 0 57 459 92 90
64 39 1 214 0 175 297 23 219
65 37 1 214 23 187 243 80 220
66 20 1 168 198 64 243 233 109
67 20 1 168 198 109 243 233 154
68 37 1 168 195 154 225 228 183
69 37 1 168 195 183 225 228 212
70 39 1 243 23 175 326 46 219
71 30 1 254 46 175 313 81 209
72 38 1 225 195 154 253 232 206
73 35 1 260 195 0 293 226 41
74 35 1 260 195 41 293 226 82
75 35 1 260 195 82 293 226 123
76 35 1 260 195 123 293 226 164
77 35 1 260 195 164 293 226 205
78 37 1 293 195 0 350 224 33
79 37 1 293 195 33 350 224 66
80 37 1 293 195 66 350 224 99
81 34 1 293 195 99 390 227 152
82 34 1 293 195 152 390 227 205
83 35 1 313 46 175 354 79 206
84 39 1 337 0 90 420 44 113
85 38 1 337 0 113 374 28 165
86 38 1 337 0 165 374 28 217
87 39 1 346 79 90 429 102 134
88 33 1 342 79 134 410 112 168
89 33 1 342 79 168 410 112 202
90 24 1 346 112 0 462 161 47
91 24 1 346 112 47 462 161 94
92 24 1 346 112 94 462 161 141
93 38 1 342 112 141 370 164 178
94 38 1 342 112 178 370 164 215
95 36 1 346 164 0 445 194 37
96 36 1 445 164 0 544 194 37
97 35 1 346 164 37 387 195 70
98 26 1 370 112 141 422 161 195
99 34 1 354 28 113 451 60 166
100 26 1 354 28 166 406 77 220
101 23 1 406 0 166 485 68 210
102 22 1 422 68 141 481 187 180
103 22 1 422 68 180 481 187 219
104 30 1 387 161 37 422 195 96
105 34 1 390 195 0 487 227 53
106 34 1 487 195 0 584 227 53
107 34 1 390 195 53 487 227 106
108 34 1 487 195 53 584 227 106
109 23 1 390 187 106 469 231 174
110 33 1 390 187 174 458 220 208
111 23 1 469 187 106 537 231 185
112 33 1 458 187 185 526 221 218
113 29 1 481 68 0 538 146 72
114 29 1 481 68 72 538 146 144
115 29 1 481 68 144 538 146 216
116 36 1 481 146 37 580 183 67
117 32 1 481 146 67 573 179 131
118 32 1 481 146 131 573 179 195
119 26 1 537 179 106 586 233 158
120 26 1 537 179 158 586 233 210
121 32 1 485 0 0 577 64 33
122 32 1 485 0 33 577 64 66
123 32 1 485 0 66 577 64 99
124 32 1 485 0 99 577 64 132
125 25 1 485 0 132 583 47 220
126 26 1 538 64 0 587 118 52
127 26 1 538 64 52 587 118 104
128 26 1 538 64 104 587 118 156
129 26 1 538 64 156 587 118 208
