Utilizacion 77.953929 VolCajasEmpacado 79.134991 Duracion[s] 60.033000 Iteraciones 755
0 8 0 0 0 0 100 114 45
1 8 0 100 0 0 200 114 45
2 8 0 0 114 0 100 228 45
3 8 0 100 114 0 200 228 45
4 13 0 0 0 45 92 68 84
5 13 0 0 68 45 92 136 84
6 13 0 0 136 45 92 204 84
7 13 0 0 0 84 92 68 123
8 13 0 0 68 84 92 136 123
9 13 0 0 136 84 92 204 123
10 4 0 0 0 123 80 57 185
11 4 0 0 57 123 80 114 185
12 4 0 0 114 123 80 171 185
13 4 0 0 171 123 80 228 185
14 10 0 0 0 185 56 28 217
15 10 0 0 28 185 56 56 217
16 10 0 0 56 185 56 84 217
17 19 0 0 84 185 86 174 214
18 18 0 0 174 185 30 210 215
19 18 0 30 174 185 60 210 215
20 18 0 60 174 185 90 210 215
21 18 0 56 0 185 92 30 215
22 1 0 92 0 45 181 61 127
23 1 0 92 61 45 181 122 127
24 1 0 92 122 45 181 183 127
25 1 0 92 0 127 181 61 209
26 1 0 92 61 127 181 122 209
27 1 0 92 122 127 181 183 209
28 7 0 92 183 45 209 232 132
29 7 0 92 183 132 209 232 219
30 14 0 181 0 45 219 108 104
31 16 0 181 108 45 218 161 106
32 15 0 181 0 104 232 82 142
33 15 0 181 0 142 232 82 180
34 15 0 181 0 180 232 82 218
35 6 0 181 82 106 233 155 160
36 6 0 181 82 160 254 134 214
37 16 0 181 134 160 242 171 213
38 2 0 209 171 0 275 230 62
39 2 0 209 171 62 275 230 124
40 2 0 209 171 124 275 230 186
41 17 0 232 0 0 326 51 36
42 11 0 232 0 36 272 62 106
43 11 0 272 0 36 312 62 106
44 11 0 232 0 106 272 62 176
45 11 0 272 0 106 312 62 176
46 9 0 232 0 176 313 71 219
47 16 0 242 134 0 303 171 53
48 16 0 242 134 53 303 171 106
49 16 0 242 134 106 303 171 159
50 16 0 242 134 159 303 171 212
51 16 0 254 71 0 291 124 61
52 16 0 291 71 0 328 124 61
53 0 0 254 71 61 343 112 128
54 0 0 254 71 128 343 112 195
55 17 0 275 171 0 369 207 51
56 17 0 275 171 51 369 207 102
57 17 0 275 171 102 369 207 153
58 17 0 275 171 153 369 207 204
59 9 0 303 124 0 384 167 71
60 9 0 303 124 71 384 167 142
61 9 0 303 124 142 384 167 213
62 11 0 326 0 0 366 70 62
63 9 0 313 0 62 394 43 133
64 9 0 313 0 133 394 43 204
65 6 0 343 70 0 395 124 73
66 6 0 343 70 73 395 124 146
67 6 0 343 70 146 395 124 219
68 5 0 369 167 0 442 221 72
69 5 0 369 167 72 442 221 144
70 5 0 369 167 144 442 221 216
71 9 0 384 124 0 465 167 71
72 0 0 384 124 71 473 165 138
73 0 0 384 124 138 473 165 205
74 3 0 394 0 0 452 70 85
75 3 0 394 0 85 452 70 170
76 14 0 394 0 170 502 59 208
77 5 0 395 70 0 468 124 72
78 5 0 395 70 72 468 124 144
79 5 0 395 70 144 468 124 216
80 1 0 442 167 0 524 228 89
81 14 0 442 165 89 550 224 127
82 6 0 442 165 127 515 217 181
83 14 0 442 165 181 550 224 219
84 7 0 468 59 0 585 108 87
85 7 0 468 59 87 585 108 174
86 14 0 468 59 174 576 118 212
87 14 0 473 118 0 581 156 59
88 14 0 473 118 59 581 156 118
89 14 0 473 118 118 581 156 177
90 3 0 502 0 0 587 58 70
91 3 0 502 0 70 587 58 140
92 3 0 502 0 140 587 58 210
