Utilizacion 67.986900 VolCajasEmpacado 68.451787 Duracion[s] 60.003000 Iteraciones 6134
0 0 0 0 0 0 72 62 80
1 1 0 0 0 80 60 49 150
2 2 1 0 0 150 54 48 207
3 3 1 0 62 0 75 172 50
4 2 1 0 62 50 54 119 98
5 4 1 0 49 98 60 152 130
6 5 2 0 172 0 75 209 52
7 9 3 0 49 130 57 97 184
8 9 3 0 97 130 57 145 184
9 6 3 0 48 184 60 151 216
10 7 3 0 152 52 75 204 89
11 7 3 0 152 89 75 204 126
12 10 3 0 152 126 49 212 196
13 11 3 72 0 0 182 55 60
14 8 3 72 0 60 112 100 132
15 13 4 60 0 132 120 110 187
16 12 4 60 0 187 120 103 219
17 14 5 49 152 126 98 222 186
18 16 6 98 110 0 165 230 74
19 15 6 98 110 74 146 167 128
20 17 7 120 0 60 194 67 180
21 18 8 60 110 128 163 142 188
22 19 8 98 142 128 155 190 182
23 20 8 165 67 0 240 177 50
24 21 9 165 67 50 239 187 117
25 22 10 98 190 74 198 230 146
26 23 10 163 67 117 212 127 187
27 24 11 60 103 188 163 163 220
28 27 11 98 190 146 198 230 218
29 26 11 163 127 117 212 187 187
30 28 11 194 0 0 248 57 48
31 28 11 194 0 48 251 48 102
32 25 11 194 0 102 304 50 177
33 29 12 120 0 180 223 60 212
34 30 13 163 60 187 223 163 219
35 31 13 212 163 117 266 211 174
36 32 13 240 57 0 307 131 120
37 34 14 223 50 120 295 112 200
38 33 14 266 131 0 376 191 55
39 35 15 266 131 55 344 202 135
40 36 16 223 112 135 333 162 210
41 37 16 266 162 135 320 219 183
42 38 17 304 0 0 379 52 37
43 39 17 307 0 37 378 80 115
44 40 18 304 0 115 364 49 185
45 41 18 307 49 115 379 111 195
46 42 19 320 162 135 368 216 192
47 42 19 344 111 55 401 159 109
48 42 19 344 111 109 401 159 163
49 42 19 344 111 163 401 159 217
50 43 20 368 191 0 468 231 72
51 45 20 368 159 72 446 230 152
52 44 20 368 159 152 438 208 212
53 46 21 379 0 0 439 110 55
54 47 21 379 0 55 489 75 105
55 48 22 378 0 105 432 48 162
56 49 22 379 48 105 489 98 180
57 50 22 446 98 0 518 178 62
58 51 23 401 98 62 511 148 137
59 53 24 379 0 180 451 100 220
60 52 24 451 0 180 511 103 212
61 54 24 401 103 137 511 158 197
62 55 25 468 178 0 578 228 75
63 56 25 446 158 75 508 230 155
64 58 25 508 158 75 586 229 155
65 57 25 511 0 0 585 67 120
66 59 26 438 158 155 541 190 215
67 59 26 438 190 155 541 222 215
68 60 27 511 0 120 581 49 180
69 61 28 518 67 0 580 147 72
70 62 28 511 67 72 585 134 192
