Utilizacion 61.906505 VolCajasEmpacado 62.869867 Duracion[s] 60.006000 Iteraciones 5019
0 0 0 0 0 0 57 97 72
1 1 0 0 0 72 21 79 108
2 2 1 0 97 0 90 193 22
3 3 2 0 193 0 113 223 50
4 4 2 0 0 108 31 79 150
5 5 2 0 97 22 118 190 58
6 7 3 0 190 50 60 231 76
7 8 3 0 97 58 113 147 88
8 9 3 0 79 88 76 121 165
9 6 3 57 0 0 150 74 20
10 10 4 0 147 58 60 188 84
11 12 4 0 121 88 108 161 159
12 11 4 0 121 159 115 190 188
13 15 5 0 0 150 38 76 206
14 17 5 0 76 188 74 169 208
15 14 5 0 190 76 108 230 147
16 16 5 0 169 188 60 210 214
17 13 5 57 0 20 154 72 77
18 17 5 38 0 77 131 74 97
19 18 5 38 0 97 151 30 147
20 21 6 38 0 147 135 57 219
21 19 6 60 169 188 120 210 214
22 20 6 118 74 0 194 130 38
23 23 7 118 74 38 161 139 101
24 24 7 76 57 101 173 114 173
25 22 7 74 57 173 142 119 199
26 28 8 115 119 101 191 157 157
27 26 8 115 119 157 180 162 220
28 25 8 120 162 0 188 224 26
29 27 8 120 162 26 228 202 97
30 29 9 120 202 26 183 233 81
31 30 9 120 162 97 197 204 173
32 31 10 120 162 173 196 218 211
33 35 11 74 57 199 153 93 220
34 36 11 154 0 0 267 30 50
35 34 11 154 0 50 230 38 106
36 32 11 151 0 106 214 43 171
37 33 11 194 43 0 309 112 29
38 37 12 135 0 171 214 21 207
39 38 12 135 21 171 195 47 212
40 39 13 173 47 29 252 68 65
41 40 13 173 47 65 281 87 136
42 42 14 173 47 136 281 87 207
43 41 14 228 112 0 296 174 26
44 43 15 191 130 26 311 153 69
45 44 15 194 87 29 257 118 84
46 47 15 191 87 84 270 138 164
47 45 15 180 87 164 256 125 220
48 46 15 197 138 97 239 214 174
49 48 15 270 87 69 346 185 165
50 50 16 196 125 174 259 190 217
51 51 16 256 87 165 319 118 220
52 49 16 239 190 0 347 230 71
53 49 16 239 190 71 347 230 142
54 54 17 196 190 174 275 221 216
55 53 17 230 0 50 290 41 76
56 55 17 259 118 165 339 190 198
57 52 17 275 118 198 365 214 220
58 58 18 230 0 76 309 42 107
59 58 18 214 0 107 293 31 149
60 59 18 214 0 149 277 43 214
61 56 18 309 0 0 402 74 20
62 57 18 309 0 20 371 68 46
63 60 19 309 0 46 402 74 66
64 63 20 281 42 66 344 85 131
65 61 20 281 31 131 360 73 162
66 62 20 365 74 0 458 192 36
67 62 20 365 74 36 458 192 72
68 64 21 281 0 162 319 76 218
69 65 21 458 0 0 576 93 36
70 66 22 319 0 162 395 77 204
71 67 23 365 77 72 444 128 152
72 70 24 346 77 152 396 117 220
73 70 24 396 77 152 446 117 220
74 72 24 365 128 72 441 224 170
75 68 24 365 117 170 439 210 190
76 69 24 365 117 190 455 213 212
77 71 24 458 93 0 521 158 43
78 73 25 455 192 0 531 230 56
79 75 25 455 192 56 515 218 97
80 74 25 458 0 36 523 63 79
81 79 26 446 0 79 542 98 155
82 77 26 446 0 155 477 63 210
83 78 26 477 0 155 557 72 188
84 76 26 477 0 188 551 93 208
85 80 27 458 98 43 509 178 122
86 80 27 455 178 97 535 229 176
87 82 28 455 98 122 563 169 162
88 81 28 446 93 162 525 114 198
89 83 28 455 114 162 523 154 212
90 84 29 455 154 176 496 214 202
91 85 30 496 154 176 564 216 202
