Utilizacion 85.956965 VolCajasEmpacado 88.383624 Duracion[s] 60.024000 Iteraciones 2072
0 0 0 0 0 0 37 48 30
1 0 0 0 0 30 37 48 60
2 0 0 0 0 60 37 48 90
3 0 0 0 0 90 37 48 120
4 0 0 0 0 120 37 48 150
5 0 0 0 0 150 37 48 180
6 0 0 0 0 180 37 48 210
7 3 0 0 48 0 109 107 76
8 3 0 0 48 76 109 107 152
9 0 0 0 48 152 37 96 182
10 0 0 37 48 152 74 96 182
11 0 0 0 48 182 37 96 212
12 0 0 37 48 182 74 96 212
13 4 0 0 107 0 105 184 72
14 4 0 0 107 72 105 184 144
15 4 0 0 107 144 105 184 216
16 2 0 0 184 0 79 232 78
17 2 0 0 184 78 79 232 156
18 1 0 0 184 156 91 229 210
19 2 0 37 0 0 116 48 78
20 2 0 116 0 0 195 48 78
21 2 0 195 0 0 274 48 78
22 2 0 274 0 0 353 48 78
23 2 0 37 0 78 116 48 156
24 2 0 116 0 78 195 48 156
25 2 0 195 0 78 274 48 156
26 2 0 274 0 78 353 48 156
27 1 0 37 0 156 128 45 210
28 1 0 91 184 0 182 229 54
29 1 0 91 184 54 182 229 108
30 1 0 91 184 108 182 229 162
31 1 0 91 184 162 182 229 216
32 3 0 105 107 0 164 183 109
33 3 0 105 107 109 164 183 218
34 3 0 109 48 0 185 107 109
35 3 0 185 48 0 261 107 109
36 3 0 261 48 0 337 107 109
37 3 0 337 48 0 413 107 109
38 3 0 109 48 109 185 107 218
39 3 0 185 48 109 261 107 218
40 3 0 261 48 109 337 107 218
41 3 0 337 48 109 413 107 218
42 1 0 128 0 156 219 45 210
43 4 0 164 107 0 269 184 72
44 4 0 269 107 0 374 184 72
45 4 0 164 107 72 269 184 144
46 4 0 269 107 72 374 184 144
47 4 0 164 107 144 269 184 216
48 4 0 269 107 144 374 184 216
49 5 1 219 0 156 256 48 186
50 5 1 219 0 186 256 48 216
51 5 1 256 0 156 286 37 204
52 5 1 286 0 156 316 37 204
53 5 1 316 0 156 346 37 204
54 5 1 182 184 0 219 232 30
55 5 1 182 184 30 219 232 60
56 5 1 182 184 60 219 232 90
57 5 1 182 184 90 219 232 120
58 5 1 182 184 120 219 232 150
59 5 1 182 184 150 219 232 180
60 7 1 219 184 0 297 232 79
61 7 1 219 184 79 297 232 158
62 6 1 219 184 158 310 229 212
63 7 1 310 184 0 389 232 78
64 7 1 310 184 78 389 232 156
65 6 1 310 184 156 401 229 210
66 7 1 353 0 0 432 48 78
67 7 1 353 0 78 432 48 156
68 9 1 374 107 0 479 179 77
69 9 1 374 107 77 479 179 154
70 6 1 374 107 154 465 152 208
71 6 1 401 179 0 492 233 45
72 6 1 401 179 45 492 233 90
73 6 1 401 179 90 492 233 135
74 6 1 401 179 135 492 233 180
75 8 1 413 48 0 522 107 76
76 8 1 413 48 76 522 107 152
77 6 1 413 48 152 504 102 197
78 7 1 432 0 0 511 48 78
79 6 1 432 0 78 523 45 132
80 6 1 432 0 132 523 45 186
81 9 1 479 107 0 556 179 105
82 9 1 479 107 105 556 179 210
83 6 1 492 179 0 583 233 45
84 7 1 492 179 45 571 227 123
85 8 1 523 0 0 582 76 109
86 8 1 523 0 109 582 76 218
