Utilizacion 64.987743 VolCajasEmpacado 65.737435 Duracion[s] 60.008000 Iteraciones 5256
0 0 0 0 0 0 79 118 51
1 3 1 0 118 0 76 175 36
2 2 1 0 0 51 55 43 115
3 1 1 0 175 0 86 207 31
4 6 2 0 0 115 55 64 158
5 4 2 0 0 158 42 32 200
6 5 2 0 64 51 70 148 86
7 8 3 0 32 158 64 90 210
8 10 3 0 90 86 43 154 141
9 7 3 0 90 141 52 170 207
10 9 3 0 175 31 98 219 86
11 11 3 0 170 86 42 212 118
12 13 4 0 170 118 66 222 198
13 12 4 76 118 0 162 150 31
14 15 5 52 90 86 84 132 128
15 16 5 66 132 86 126 227 141
16 14 5 79 0 0 188 73 23
17 17 6 79 0 23 134 64 66
18 20 7 64 0 66 130 52 146
19 19 7 64 0 146 136 54 211
20 18 7 84 73 0 182 117 55
21 20 7 84 64 55 136 130 135
22 23 8 64 54 135 182 105 214
23 22 8 52 105 141 150 160 185
24 21 8 66 105 185 150 175 220
25 25 9 66 175 141 124 227 205
26 26 9 136 0 23 208 54 88
27 24 9 126 175 0 244 226 79
28 27 9 126 175 79 221 230 139
29 29 10 126 175 139 168 207 181
30 30 10 136 0 88 201 54 160
31 28 10 182 73 0 291 146 23
32 31 11 124 175 181 210 206 213
33 32 11 162 117 23 257 172 83
34 33 11 150 105 83 268 156 162
35 34 12 136 0 160 200 43 215
36 35 12 150 105 162 230 171 214
37 35 12 208 0 0 274 52 80
38 35 12 208 0 80 274 52 160
39 36 13 182 54 23 300 105 102
40 38 14 257 156 0 341 226 35
41 37 14 257 156 35 366 229 58
42 41 15 182 54 102 300 105 181
43 40 15 230 105 162 273 169 217
44 41 15 244 172 58 362 223 137
45 39 15 300 0 0 384 70 35
46 42 16 221 171 137 316 231 192
47 44 17 182 43 181 268 74 213
48 43 17 300 70 0 409 143 23
49 45 18 200 0 160 264 43 215
50 47 19 274 0 35 392 51 114
51 46 19 300 0 114 370 84 149
52 50 20 274 0 149 338 52 207
53 49 20 300 84 23 343 148 78
54 48 20 366 84 23 439 193 46
55 52 21 182 74 181 268 105 213
56 55 21 273 105 78 328 165 173
57 53 21 273 105 173 337 160 216
58 54 21 300 52 149 380 104 215
59 54 21 316 165 137 396 231 189
60 51 21 316 160 189 425 233 212
61 57 22 343 104 46 441 148 101
62 57 22 343 104 101 441 148 156
63 56 22 392 0 0 476 70 35
64 60 23 337 104 156 423 136 187
65 59 23 392 0 35 428 76 92
66 58 23 392 0 92 446 72 157
67 62 24 337 104 187 379 146 219
68 63 24 380 0 157 423 64 212
69 61 24 439 148 0 548 221 23
70 64 25 379 104 187 465 136 218
71 66 25 423 0 157 459 76 214
72 67 25 439 148 23 537 203 67
73 65 25 425 148 67 509 218 102
74 70 26 425 148 102 479 220 167
75 71 26 425 136 167 467 178 199
76 68 26 425 178 167 489 233 210
77 69 26 465 70 0 520 130 95
78 73 27 509 130 67 545 206 124
79 72 27 459 0 35 491 42 77
80 75 27 459 0 77 517 64 129
81 74 27 465 0 129 516 118 208
82 74 27 520 0 0 571 118 79
83 77 28 479 118 124 539 173 219
84 79 28 489 173 124 553 231 176
85 78 28 517 0 79 583 52 159
86 76 28 516 0 159 586 84 194
