Utilizacion 75.760059 VolCajasEmpacado 77.477086 Duracion[s] 60.018000 Iteraciones 3246
0 3 0 0 0 0 70 109 74
1 3 0 0 109 0 70 218 74
2 5 0 0 0 74 68 109 138
3 5 0 0 0 138 68 109 202
4 0 0 0 109 74 83 205 98
5 0 0 0 109 98 83 205 122
6 6 0 0 109 122 84 164 180
7 1 0 0 109 180 40 146 200
8 1 0 40 109 180 80 146 200
9 7 0 0 164 122 74 206 195
10 5 0 70 0 0 134 109 68
11 4 0 70 0 68 143 107 138
12 2 0 68 0 138 142 84 217
13 8 1 0 109 200 37 149 220
14 8 1 37 109 200 74 149 220
15 9 1 0 149 195 96 232 219
16 12 1 84 109 0 158 146 67
17 11 1 84 109 67 139 142 115
18 11 1 84 109 115 139 142 163
19 14 1 96 84 163 176 157 217
20 10 1 96 157 0 137 229 33
21 10 1 96 157 33 137 229 66
22 13 1 96 157 66 138 230 140
23 16 1 96 157 140 180 231 219
24 9 1 143 0 0 239 83 24
25 15 1 143 0 24 252 74 94
26 18 2 143 0 94 197 73 174
27 18 2 197 0 94 251 73 174
28 19 2 142 0 174 162 40 211
29 17 2 176 83 0 246 157 109
30 17 2 246 83 0 316 157 109
31 17 2 316 83 0 386 157 109
32 20 3 142 40 174 162 80 211
33 21 3 162 0 174 258 83 198
34 25 3 176 83 109 250 153 218
35 24 3 180 157 0 247 231 37
36 22 3 180 157 37 221 229 70
37 23 3 180 157 70 228 212 103
38 31 4 180 157 103 217 231 170
39 32 4 180 153 170 235 186 218
40 32 4 180 186 170 235 219 218
41 29 4 250 83 109 320 156 216
42 29 4 247 157 0 317 230 107
43 31 4 235 157 107 272 231 174
44 26 4 235 156 174 307 197 207
45 30 4 258 0 0 342 58 55
46 33 4 258 0 55 354 83 79
47 27 4 258 0 79 342 79 153
48 28 4 320 79 109 429 153 179
49 37 5 235 197 174 307 230 215
50 40 5 258 0 153 338 73 207
51 35 5 317 157 0 424 227 73
52 35 5 317 157 73 424 227 146
53 38 5 307 156 146 349 230 219
54 37 5 320 73 179 392 106 220
55 39 5 320 106 179 375 154 212
56 34 5 349 154 146 433 209 204
57 36 5 354 0 0 463 70 74
58 34 5 354 0 74 409 58 158
59 41 6 375 106 179 415 143 199
60 43 6 338 0 158 412 67 195
61 41 6 338 0 195 378 37 215
62 41 6 375 106 199 415 143 219
63 44 6 412 0 74 454 73 148
64 42 6 412 0 148 467 33 196
65 42 6 412 33 148 467 66 196
66 46 6 429 73 0 513 152 74
67 46 6 429 73 74 513 152 148
68 45 6 433 152 0 487 225 80
69 43 6 433 152 80 470 226 147
70 53 7 392 0 196 475 96 220
71 54 7 415 96 179 435 136 216
72 50 7 433 152 147 506 232 201
73 52 7 435 96 148 507 137 181
74 52 7 435 96 181 507 137 214
75 50 7 475 0 0 555 73 54
76 55 7 475 0 54 548 42 128
77 51 7 475 0 128 549 67 165
78 47 7 475 0 165 559 58 220
79 52 7 506 152 0 578 193 33
80 52 7 506 152 33 578 193 66
81 52 7 506 152 66 578 193 99
82 48 7 506 152 99 580 231 183
83 49 7 513 73 0 583 147 109
84 60 8 506 137 183 546 174 203
85 58 8 506 174 183 578 215 216
86 56 8 513 67 109 587 134 146
87 56 8 513 67 146 587 134 183
88 56 8 513 67 183 587 134 220
