Utilizacion 78.920398 VolCajasEmpacado 80.119387 Duracion[s] 60.015000 Iteraciones 1567
0 7 0 0 0 0 80 64 114
1 7 0 0 64 0 80 128 114
2 7 0 0 128 0 80 192 114
3 4 0 0 192 0 76 226 66
4 4 0 0 192 66 76 226 132
5 4 0 0 192 132 76 226 198
6 5 0 0 0 114 80 111 167
7 5 0 0 0 167 80 111 220
8 9 0 0 111 114 81 158 136
9 3 0 0 158 114 66 192 170
10 9 0 0 111 136 81 158 158
11 1 0 0 111 158 90 156 189
12 1 0 0 111 189 90 156 220
13 1 0 0 156 170 90 187 215
14 2 0 76 192 0 166 229 32
15 2 0 76 192 32 166 229 64
16 2 0 76 192 64 166 229 96
17 2 0 76 192 96 166 229 128
18 2 0 76 192 128 166 229 160
19 2 0 76 192 160 166 229 192
20 6 0 80 0 0 143 80 72
21 6 0 80 0 72 143 80 144
22 6 0 80 0 144 143 80 216
23 1 0 80 80 0 170 111 45
24 1 0 80 80 45 170 111 90
25 1 0 80 80 90 170 111 135
26 8 0 90 111 0 199 191 68
27 8 0 90 111 68 199 191 136
28 4 0 90 80 136 156 156 170
29 9 0 90 80 170 171 127 192
30 9 0 90 80 192 171 127 214
31 9 0 90 127 170 171 174 192
32 9 0 90 127 192 171 174 214
33 3 0 143 0 0 177 66 56
34 3 0 177 0 0 211 66 56
35 3 0 211 0 0 245 66 56
36 3 0 245 0 0 279 66 56
37 4 0 143 0 56 177 76 122
38 4 0 143 0 122 177 76 188
39 5 0 171 76 136 224 187 216
40 0 0 177 0 56 263 59 85
41 0 0 177 0 85 263 59 114
42 0 0 177 0 114 263 59 143
43 0 0 177 0 143 263 59 172
44 0 0 177 0 172 263 59 201
45 5 0 224 66 0 304 177 53
46 5 0 224 66 53 304 177 106
47 5 0 224 66 106 304 177 159
48 5 0 224 66 159 304 177 212
49 7 0 279 0 0 393 64 80
50 6 0 263 0 80 335 63 160
51 0 0 263 0 160 349 59 189
52 0 0 263 0 189 349 59 218
53 17 1 166 191 0 256 222 45
54 17 1 166 191 45 256 222 90
55 17 1 166 191 90 256 222 135
56 17 1 166 191 135 256 222 180
57 17 1 166 187 180 256 232 211
58 15 1 349 0 80 383 66 136
59 15 1 349 0 136 383 66 192
60 13 1 256 177 0 367 230 80
61 13 1 367 177 0 478 230 80
62 15 1 256 177 80 322 233 114
63 15 1 322 177 80 388 233 114
64 15 1 388 177 80 454 233 114
65 15 1 256 177 114 322 233 148
66 15 1 322 177 114 388 233 148
67 15 1 388 177 114 454 233 148
68 16 1 256 177 148 346 214 180
69 16 1 346 177 148 436 214 180
70 16 1 256 177 180 346 214 212
71 16 1 346 177 180 436 214 212
72 17 1 304 64 0 349 154 31
73 17 1 304 64 31 349 154 62
74 19 1 349 0 192 396 81 214
75 14 1 304 64 62 338 140 128
76 14 1 304 64 128 338 140 194
77 19 1 304 81 194 351 162 216
78 12 1 351 81 0 414 161 72
79 12 1 351 81 72 414 161 144
80 12 1 351 81 144 414 161 216
81 12 1 396 0 0 459 80 72
82 12 1 396 0 72 459 80 144
83 12 1 396 0 144 459 80 216
84 18 1 414 80 0 473 166 29
85 18 1 414 80 29 473 166 58
86 18 1 414 80 58 473 166 87
87 18 1 414 80 87 473 166 116
88 18 1 414 80 116 473 166 145
89 18 1 414 80 145 473 166 174
90 18 1 414 80 174 473 166 203
91 15 1 436 166 148 470 222 214
92 13 1 459 0 0 570 80 53
93 13 1 459 0 53 570 80 106
94 13 1 459 0 106 570 80 159
95 13 1 459 0 159 570 80 212
96 13 1 473 80 0 584 133 80
97 13 1 473 80 80 584 133 160
98 16 1 473 133 0 563 170 32
99 17 1 473 80 160 504 170 205
100 14 1 478 170 0 554 204 66
101 11 1 504 133 66 568 213 180
