Utilizacion 69.921166 VolCajasEmpacado 70.933246 Duracion[s] 60.009000 Iteraciones 3533
0 4 0 0 0 0 75 66 47
1 4 0 0 66 0 75 132 47
2 5 0 0 0 47 76 62 112
3 3 0 0 132 0 98 176 59
4 0 0 0 0 112 25 94 152
5 0 0 0 0 152 25 94 192
6 8 0 0 0 192 30 78 214
7 7 0 0 94 59 119 173 138
8 2 0 0 94 138 91 171 174
9 1 0 0 94 174 72 143 209
10 6 0 76 0 0 195 81 65
11 16 1 0 143 174 70 177 217
12 11 1 30 0 112 95 76 174
13 17 1 30 0 174 55 94 214
14 17 1 55 0 174 80 94 214
15 14 1 0 177 0 55 220 76
16 14 1 0 177 76 55 220 152
17 16 1 0 177 152 70 220 186
18 16 1 0 177 186 70 220 220
19 18 1 72 94 174 94 172 204
20 12 1 70 176 0 189 231 50
21 15 1 70 176 50 142 225 85
22 13 1 70 173 85 168 232 129
23 13 1 70 173 129 168 232 173
24 10 1 95 0 65 176 65 184
25 9 1 80 0 184 193 89 211
26 11 1 119 89 0 181 165 65
27 9 1 189 89 0 278 202 27
28 24 2 70 172 173 148 202 195
29 24 2 70 202 173 148 232 195
30 24 2 70 172 195 148 202 217
31 20 2 94 89 138 141 164 204
32 22 2 141 89 65 184 165 120
33 22 2 141 89 120 196 165 163
34 22 2 141 89 163 196 165 206
35 19 2 168 165 50 199 223 101
36 19 2 168 165 101 199 223 152
37 26 2 195 0 0 308 89 27
38 23 2 195 0 27 286 77 63
39 21 2 195 0 63 293 59 107
40 26 2 193 0 107 306 89 134
41 25 2 193 0 134 287 40 159
42 27 3 70 202 195 148 232 217
43 29 3 193 0 159 284 77 195
44 33 3 196 89 27 258 165 92
45 30 3 196 89 92 285 155 135
46 30 3 196 89 135 285 155 178
47 29 3 196 77 178 287 154 214
48 34 3 199 165 27 318 230 108
49 31 3 199 155 108 297 214 152
50 32 3 287 89 0 406 144 50
51 28 3 308 0 0 421 89 27
52 35 4 168 165 152 199 216 210
53 38 4 199 155 152 318 205 207
54 36 4 287 0 134 322 72 183
55 37 4 287 89 50 385 148 94
56 47 5 193 0 195 271 30 217
57 47 5 193 30 195 271 60 217
58 45 5 284 0 183 327 70 217
59 42 5 287 89 94 406 154 175
60 41 5 287 72 175 385 131 219
61 48 5 318 131 175 412 171 200
62 46 5 318 171 0 394 214 55
63 49 5 318 171 55 369 202 113
64 49 5 318 171 113 369 202 171
65 41 5 318 171 171 416 230 215
66 42 5 327 0 27 446 65 108
67 39 5 327 0 108 374 66 183
68 40 5 374 0 108 493 55 158
69 44 5 385 0 158 498 89 185
70 43 5 412 89 0 491 168 119
71 43 5 491 89 0 570 168 119
72 51 6 385 0 185 498 89 212
73 50 6 406 89 119 500 129 144
74 53 6 406 89 144 478 124 193
75 52 6 412 129 119 482 163 162
76 53 6 412 124 162 484 159 211
77 57 6 416 168 0 478 233 76
78 57 6 416 168 76 478 233 152
79 55 6 416 163 152 505 229 195
80 56 6 498 0 0 564 47 75
81 56 6 498 0 75 564 47 150
82 56 6 498 0 150 573 47 216
83 54 6 500 47 119 577 138 155
84 64 7 478 89 155 536 120 206
85 63 7 484 120 155 554 154 198
86 63 7 498 47 155 568 81 198
87 66 7 505 168 0 581 211 55
88 59 7 505 168 55 581 230 120
89 59 7 505 168 120 581 230 185
90 62 7 505 154 185 554 226 220
