Utilizacion 84.059878 VolCajasEmpacado 84.632880 Duracion[s] 60.024000 Iteraciones 897
0 11 0 0 0 0 108 56 82
1 11 0 108 0 0 216 56 82
2 11 0 216 0 0 324 56 82
3 11 0 324 0 0 432 56 82
4 11 0 0 56 0 108 112 82
5 11 0 108 56 0 216 112 82
6 11 0 216 56 0 324 112 82
7 11 0 324 56 0 432 112 82
8 11 0 0 112 0 108 168 82
9 11 0 108 112 0 216 168 82
10 11 0 216 112 0 324 168 82
11 11 0 324 112 0 432 168 82
12 11 0 0 168 0 108 224 82
13 11 0 108 168 0 216 224 82
14 11 0 216 168 0 324 224 82
15 11 0 324 168 0 432 224 82
16 4 0 0 0 82 48 103 120
17 4 0 0 0 120 48 103 158
18 4 0 0 0 158 48 103 196
19 0 0 0 0 196 41 45 220
20 0 0 0 45 196 45 86 220
21 5 0 0 103 82 64 220 124
22 5 0 0 103 124 64 220 166
23 5 0 0 103 166 64 220 208
24 7 0 48 0 82 104 96 126
25 7 0 48 0 126 104 96 170
26 7 0 48 0 170 104 96 214
27 3 0 64 96 82 162 132 126
28 3 0 64 96 126 162 132 170
29 3 0 64 96 170 162 132 214
30 2 0 64 132 82 164 221 113
31 2 0 164 132 82 264 221 113
32 2 0 64 132 113 164 221 144
33 2 0 164 132 113 264 221 144
34 2 0 64 132 144 164 221 175
35 2 0 164 132 144 264 221 175
36 2 0 64 132 175 164 221 206
37 2 0 164 132 175 264 221 206
38 1 0 104 0 82 140 75 110
39 1 0 140 0 82 176 75 110
40 1 0 176 0 82 212 75 110
41 1 0 104 0 110 140 75 138
42 1 0 140 0 110 176 75 138
43 1 0 176 0 110 212 75 138
44 1 0 104 0 138 140 75 166
45 1 0 140 0 138 176 75 166
46 1 0 176 0 138 212 75 166
47 1 0 104 0 166 140 75 194
48 1 0 140 0 166 176 75 194
49 1 0 176 0 166 212 75 194
50 0 0 104 0 194 149 41 218
51 0 0 104 41 194 149 82 218
52 0 0 149 41 194 194 82 218
53 0 0 149 0 194 194 41 218
54 4 0 162 82 82 265 130 120
55 4 0 162 82 120 265 130 158
56 4 0 162 82 158 265 130 196
57 0 0 162 82 196 203 127 220
58 8 0 212 0 82 274 74 128
59 8 0 212 0 128 274 74 174
60 8 0 212 0 174 274 74 220
61 0 0 203 74 196 248 115 220
62 6 0 264 130 82 307 176 127
63 6 0 264 130 127 307 176 172
64 6 0 264 130 172 307 176 217
65 9 0 264 176 82 311 225 160
66 9 0 311 176 82 358 225 160
67 9 0 358 176 82 405 225 160
68 9 0 405 176 82 452 225 160
69 9 0 264 176 160 342 225 207
70 0 0 265 74 82 306 98 127
71 0 0 265 98 82 306 122 127
72 0 0 265 74 127 306 98 172
73 0 0 265 98 127 306 122 172
74 0 0 265 74 172 306 98 217
75 0 0 265 98 172 306 122 217
76 8 0 274 0 82 348 62 128
77 8 0 348 0 82 422 62 128
78 8 0 274 0 128 348 62 174
79 8 0 348 0 128 422 62 174
80 8 0 274 0 174 348 62 220
81 8 0 348 0 174 422 62 220
82 6 0 306 62 82 349 107 128
83 6 0 306 62 128 349 107 174
84 6 0 306 62 174 349 107 220
85 5 0 307 107 82 424 149 146
86 5 0 307 107 146 424 149 210
87 9 0 342 149 160 389 227 209
88 9 0 389 149 160 436 227 209
89 7 0 349 62 82 445 106 138
90 3 0 349 62 138 447 106 174
91 6 0 349 62 174 394 105 220
92 6 0 394 62 174 440 105 219
93 3 0 432 0 0 530 44 36
94 3 0 432 0 36 530 44 72
95 3 0 432 0 72 530 44 108
96 3 0 432 0 108 530 44 144
97 3 0 432 0 144 530 44 180
98 3 0 432 0 180 530 44 216
99 4 0 432 106 0 535 144 48
100 4 0 432 106 48 535 144 96
101 4 0 432 106 96 535 144 144
102 4 0 432 106 144 535 144 192
103 8 0 447 44 0 521 90 62
104 7 0 447 44 62 543 100 106
105 7 0 447 44 106 543 100 150
106 7 0 447 44 150 543 100 194
107 10 0 452 144 0 560 220 47
108 10 0 452 144 47 560 220 94
109 10 0 452 144 94 560 220 141
110 10 0 452 144 141 560 220 188
111 2 0 436 144 188 536 233 219
112 6 0 530 0 0 576 43 45
113 6 0 530 0 45 576 43 90
114 6 0 530 0 90 576 43 135
115 6 0 530 0 135 576 43 180
116 7 0 543 43 0 587 139 56
117 7 0 543 43 56 587 139 112
118 7 0 543 43 112 587 139 168
