Utilizacion 73.388215 VolCajasEmpacado 75.576539 Duracion[s] 60.017000 Iteraciones 1967
0 4 0 0 0 0 47 95 92
1 4 0 0 95 0 47 190 92
2 4 0 0 0 92 47 95 184
3 4 0 0 95 92 47 190 184
4 0 0 0 0 184 39 116 207
5 0 0 0 116 184 39 232 207
6 8 0 39 190 0 145 228 30
7 8 0 39 190 30 145 228 60
8 8 0 39 190 60 145 228 90
9 7 0 39 190 90 90 227 122
10 7 0 39 190 122 90 227 154
11 7 0 39 190 154 90 227 186
12 1 0 47 0 0 109 48 22
13 1 0 47 48 0 109 96 22
14 2 0 47 0 22 150 73 111
15 2 0 47 0 111 150 73 200
16 5 0 47 73 22 98 117 68
17 5 0 47 73 68 98 117 114
18 5 0 47 73 114 98 117 160
19 5 0 47 73 160 98 117 206
20 2 0 47 117 0 136 190 103
21 3 0 47 117 103 120 171 158
22 3 0 47 117 158 120 171 213
23 9 0 39 171 186 126 224 212
24 6 0 109 73 0 209 113 32
25 10 0 98 73 32 215 117 70
26 5 0 98 73 70 144 117 121
27 15 1 98 73 121 149 117 167
28 15 1 98 73 167 149 117 213
29 13 1 136 117 0 191 190 54
30 13 1 136 117 54 191 190 108
31 13 1 136 117 108 191 190 162
32 13 1 136 117 162 191 190 216
33 15 1 149 73 70 195 117 121
34 15 1 149 73 121 200 117 167
35 15 1 149 73 167 200 117 213
36 17 1 145 190 0 245 230 32
37 17 1 145 190 32 245 230 64
38 17 1 145 190 64 245 230 96
39 20 1 126 190 96 242 213 135
40 18 1 126 190 135 232 228 165
41 20 1 126 190 165 242 229 188
42 20 1 126 190 188 242 229 211
43 12 1 150 0 0 253 73 89
44 12 1 150 0 89 253 73 178
45 16 1 150 0 178 267 44 216
46 19 1 200 44 178 287 97 204
47 14 1 191 117 0 286 164 92
48 19 1 191 117 92 278 170 118
49 14 1 191 117 118 286 164 210
50 14 1 245 170 0 340 217 92
51 11 1 287 0 0 403 98 40
52 11 1 403 0 0 519 98 40
53 11 1 287 0 40 403 98 80
54 22 2 245 170 92 299 225 165
55 29 2 191 164 165 307 187 204
56 23 2 242 187 165 293 233 209
57 23 2 267 0 80 313 44 131
58 23 2 267 0 131 313 44 182
59 31 2 267 0 182 318 37 214
60 23 2 299 187 92 345 231 143
61 26 2 286 98 0 386 130 40
62 26 2 286 130 0 386 162 40
63 31 2 299 187 143 331 224 194
64 26 2 286 98 40 386 138 72
65 30 2 286 98 72 334 160 94
66 30 2 286 98 94 334 160 116
67 28 2 286 97 116 373 150 142
68 25 2 286 97 142 403 141 180
69 25 2 286 97 180 403 141 218
70 26 2 287 44 80 387 76 120
71 26 2 287 44 120 387 76 160
72 23 2 287 44 160 331 95 206
73 27 2 318 0 80 424 38 110
74 22 2 345 162 0 399 217 73
75 21 2 345 150 73 434 223 176
76 24 2 403 38 40 519 136 80
77 24 2 403 38 80 519 136 120
78 41 3 307 141 176 423 164 215
79 41 3 307 164 176 423 187 215
80 39 3 318 0 110 369 32 147
81 38 3 318 0 147 418 32 187
82 41 3 318 0 187 434 39 210
83 35 3 331 187 176 382 233 220
84 34 3 331 39 160 404 94 214
85 35 3 382 187 176 433 233 220
86 38 3 403 94 120 503 134 152
87 37 3 403 94 152 520 138 190
88 41 3 403 94 190 519 133 213
89 40 3 404 39 120 491 92 146
90 37 3 404 39 146 521 83 184
91 42 3 404 39 184 466 87 206
92 33 3 434 138 0 537 227 73
93 33 3 434 138 73 537 227 146
94 33 3 434 138 146 537 227 219
95 34 3 520 83 0 575 137 73
96 34 3 520 83 73 574 138 146
97 34 3 520 83 146 574 138 219
98 34 3 521 0 0 576 73 54
99 32 3 537 138 0 584 233 92
100 32 3 537 138 92 584 233 184
