Utilizacion 86.147077 VolCajasEmpacado 87.159524 Duracion[s] 60.015000 Iteraciones 1182
0 0 0 0 0 0 56 57 22
1 0 0 0 57 0 56 114 22
2 0 0 0 114 0 56 171 22
3 0 0 0 171 0 56 228 22
4 3 0 0 0 22 54 27 68
5 3 0 0 27 22 54 54 68
6 3 0 0 54 22 54 81 68
7 3 0 0 81 22 54 108 68
8 3 0 0 108 22 54 135 68
9 3 0 0 135 22 54 162 68
10 3 0 0 162 22 54 189 68
11 3 0 0 189 22 54 216 68
12 3 0 0 0 68 54 27 114
13 3 0 0 27 68 54 54 114
14 3 0 0 54 68 54 81 114
15 3 0 0 81 68 54 108 114
16 3 0 0 108 68 54 135 114
17 3 0 0 135 68 54 162 114
18 3 0 0 162 68 54 189 114
19 3 0 0 189 68 54 216 114
20 0 0 0 0 114 57 56 136
21 0 0 0 56 114 57 112 136
22 0 0 0 112 114 57 168 136
23 0 0 0 168 114 57 224 136
24 0 0 0 0 136 57 56 158
25 0 0 0 56 136 57 112 158
26 0 0 0 112 136 57 168 158
27 0 0 0 168 136 57 224 158
28 0 0 0 0 158 57 56 180
29 0 0 0 56 158 57 112 180
30 0 0 0 112 158 57 168 180
31 0 0 0 168 158 57 224 180
32 0 0 0 0 180 57 56 202
33 0 0 0 56 180 57 112 202
34 0 0 0 112 180 57 168 202
35 0 0 0 168 180 57 224 202
36 2 0 57 0 0 143 25 34
37 2 0 57 25 0 143 50 34
38 2 0 57 50 0 143 75 34
39 2 0 57 75 0 143 100 34
40 2 0 57 100 0 143 125 34
41 2 0 57 125 0 143 150 34
42 2 0 57 150 0 143 175 34
43 2 0 57 175 0 143 200 34
44 2 0 57 200 0 143 225 34
45 7 0 57 0 34 158 66 95
46 7 0 57 66 34 158 132 95
47 7 0 57 132 34 158 198 95
48 7 0 57 0 95 158 66 156
49 7 0 57 66 95 158 132 156
50 7 0 57 132 95 158 198 156
51 7 0 57 0 156 158 66 217
52 7 0 57 66 156 158 132 217
53 7 0 57 132 156 158 198 217
54 4 0 57 198 34 152 232 99
55 4 0 57 198 99 152 232 164
56 2 0 57 198 164 143 232 189
57 2 0 57 198 189 143 232 214
58 4 0 152 198 0 247 232 65
59 4 0 247 198 0 342 232 65
60 4 0 342 198 0 437 232 65
61 4 0 437 198 0 532 232 65
62 4 0 152 198 65 247 232 130
63 4 0 247 198 65 342 232 130
64 4 0 342 198 65 437 232 130
65 4 0 437 198 65 532 232 130
66 4 0 152 198 130 247 232 195
67 4 0 247 198 130 342 232 195
68 4 0 342 198 130 437 232 195
69 4 0 437 198 130 532 232 195
70 2 0 143 198 195 229 232 220
71 2 0 229 198 195 315 232 220
72 2 0 315 198 195 401 232 220
73 2 0 401 198 195 487 232 220
74 6 0 158 0 0 212 47 81
75 6 0 158 47 0 212 94 81
76 6 0 158 94 0 212 141 81
77 6 0 158 141 0 212 188 81
78 6 0 158 0 81 212 47 162
79 6 0 158 47 81 212 94 162
80 6 0 158 94 81 212 141 162
81 6 0 158 141 81 212 188 162
82 1 0 158 0 162 226 99 185
83 1 0 158 99 162 226 198 185
84 1 0 158 0 185 226 99 208
85 1 0 158 99 185 226 198 208
86 1 0 226 0 0 325 68 23
87 1 0 226 68 0 325 136 23
88 1 0 226 0 23 325 68 46
89 1 0 226 68 23 325 136 46
90 1 0 226 0 46 325 68 69
91 1 0 226 68 46 325 136 69
92 1 0 226 0 69 325 68 92
93 1 0 226 68 69 325 136 92
94 1 0 226 0 92 325 68 115
95 1 0 226 68 92 325 136 115
96 1 0 226 0 115 325 68 138
97 1 0 226 68 115 325 136 138
98 1 0 226 0 138 325 68 161
99 1 0 226 68 138 325 136 161
100 1 0 226 0 161 325 68 184
101 1 0 226 68 161 325 136 184
102 1 0 226 0 184 325 68 207
103 1 0 226 68 184 325 136 207
104 7 0 226 136 0 327 197 66
105 7 0 226 136 66 327 197 132
106 7 0 226 136 132 327 197 198
107 0 0 226 136 198 283 192 220
108 0 0 283 136 198 340 192 220
109 6 0 325 0 0 372 81 54
110 6 0 325 0 54 372 81 108
111 6 0 325 0 108 372 81 162
112 6 0 325 0 162 372 81 216
113 5 0 325 81 0 365 133 68
114 5 0 325 81 68 365 133 136
115 5 0 325 81 136 365 133 204
116 6 0 340 133 0 421 180 54
117 6 0 340 133 54 421 180 108
118 6 0 340 133 108 421 180 162
119 6 0 340 133 162 421 180 216
120 5 0 365 81 0 405 133 68
121 5 0 365 81 68 405 133 136
122 5 0 365 81 136 405 133 204
123 3 0 372 0 0 426 46 27
124 6 0 372 0 27 419 81 81
125 6 0 372 0 81 419 81 135
126 6 0 372 0 135 419 81 189
127 0 0 372 0 189 428 57 211
128 6 0 405 81 0 459 128 81
129 6 0 405 81 81 459 128 162
130 5 0 405 81 162 473 121 214
131 7 0 421 128 0 487 189 101
132 7 0 487 128 0 553 189 101
133 7 0 421 128 101 487 189 202
134 7 0 487 128 101 553 189 202
135 6 0 428 0 0 482 81 47
136 6 0 428 0 47 482 81 94
137 6 0 428 0 94 482 81 141
138 6 0 428 0 141 482 81 188
139 3 0 428 0 188 482 46 215
140 6 0 473 81 0 554 128 54
141 6 0 473 81 54 527 128 135
142 6 0 527 81 54 581 128 135
143 5 0 473 81 135 525 121 203
144 5 0 482 0 0 534 40 68
145 5 0 534 0 0 586 40 68
146 5 0 482 40 0 534 80 68
147 5 0 534 40 0 586 80 68
148 5 0 482 0 68 534 40 136
149 5 0 534 0 68 586 40 136
150 5 0 482 40 68 534 80 136
151 5 0 534 40 68 586 80 136
152 5 0 482 0 136 534 40 204
153 5 0 534 0 136 586 40 204
154 5 0 482 40 136 534 80 204
155 5 0 534 40 136 586 80 204
156 5 0 525 80 135 577 120 203
157 5 0 532 189 0 584 229 68
158 5 0 532 189 68 584 229 136
159 5 0 532 189 136 584 229 204
