Utilizacion 72.887315 VolCajasEmpacado 74.012376 Duracion[s] 60.015000 Iteraciones 2652
0 5 0 0 0 0 76 108 47
1 5 0 0 108 0 76 216 47
2 3 0 0 0 47 62 46 121
3 3 0 0 0 121 62 46 195
4 6 0 0 0 195 45 41 219
5 1 0 0 46 47 89 146 78
6 4 0 0 46 78 47 124 127
7 2 0 0 46 127 43 92 172
8 0 0 0 46 172 75 74 208
9 15 1 0 74 172 41 98 217
10 15 1 0 98 127 24 139 172
11 15 1 0 98 172 24 139 217
12 14 1 0 146 47 36 221 75
13 14 1 0 146 75 36 221 103
14 11 1 24 98 127 67 143 173
15 9 1 24 98 173 73 176 220
16 9 1 0 176 103 47 225 181
17 10 1 76 0 0 138 46 74
18 10 1 138 0 0 200 46 74
19 10 1 200 0 0 262 46 74
20 12 1 62 0 74 165 38 122
21 7 1 62 0 122 160 44 158
22 7 1 62 0 158 160 44 194
23 7 1 76 146 0 174 182 44
24 7 1 76 146 44 174 182 88
25 8 1 76 182 0 184 229 76
26 12 1 47 182 76 150 220 124
27 12 1 47 182 124 150 220 172
28 13 1 89 46 0 178 146 31
29 22 2 0 176 181 75 204 217
30 22 2 0 204 181 75 232 217
31 21 2 47 74 78 88 98 123
32 21 2 47 74 123 88 98 168
33 16 2 89 46 31 125 144 75
34 17 2 89 44 75 145 126 183
35 20 2 73 126 88 176 174 126
36 22 2 73 74 183 148 102 219
37 19 2 73 126 126 147 172 188
38 23 2 75 172 172 118 217 218
39 17 2 165 0 74 221 82 182
40 17 2 221 0 74 277 82 182
41 18 2 150 82 126 197 190 202
42 32 3 62 0 194 103 45 218
43 31 3 75 45 183 150 73 219
44 32 3 103 0 194 144 45 218
45 32 3 118 190 172 142 231 217
46 31 3 150 44 182 225 80 210
47 28 3 150 190 76 196 233 121
48 29 3 160 0 182 258 44 218
49 24 3 196 190 0 299 228 48
50 24 3 299 190 0 402 228 48
51 27 3 197 82 0 246 129 78
52 27 3 197 82 78 246 129 156
53 25 3 197 129 0 279 185 108
54 25 3 197 129 108 279 185 216
55 26 3 197 185 48 305 232 124
56 25 3 277 0 0 359 56 108
57 25 3 277 56 0 359 112 108
58 30 3 277 0 108 366 100 139
59 30 3 277 0 139 366 100 170
60 30 3 277 0 170 366 100 201
61 38 4 150 190 124 248 226 168
62 36 4 150 190 168 195 233 214
63 40 4 195 190 168 270 226 196
64 39 4 195 190 196 240 231 220
65 40 4 197 100 156 272 128 192
66 35 4 270 185 124 319 232 202
67 33 4 279 112 0 387 168 82
68 33 4 279 112 82 387 168 164
69 34 4 279 100 164 387 176 211
70 33 4 319 176 48 401 232 156
71 37 4 366 0 0 455 100 31
72 33 4 366 0 31 474 82 87
73 37 4 366 0 87 466 89 118
74 33 4 366 0 118 474 82 174
75 43 5 319 176 156 364 219 202
76 43 5 366 0 174 409 46 219
77 42 5 366 46 174 441 82 202
78 44 5 364 176 156 438 222 218
79 45 5 387 100 0 495 147 76
80 45 5 387 100 76 495 147 152
81 42 5 387 147 0 462 175 36
82 41 5 387 147 36 428 171 81
83 46 5 387 82 152 495 164 208
84 51 6 409 0 174 433 45 215
85 51 6 433 0 174 457 41 219
86 49 6 438 175 0 481 220 46
87 49 6 438 175 46 481 220 92
88 49 6 438 175 92 481 220 138
89 48 6 438 164 138 500 210 212
90 47 6 457 0 174 485 75 210
91 50 6 495 0 0 584 100 31
92 50 6 495 0 31 584 100 62
93 56 7 485 0 62 531 45 105
94 56 7 485 0 105 531 45 148
95 56 7 485 0 148 531 45 191
96 59 7 485 0 191 560 36 219
97 57 7 485 45 62 583 81 106
98 57 7 485 45 106 583 81 150
99 60 7 485 45 150 526 69 195
100 60 7 526 45 150 567 69 195
101 59 7 495 81 62 570 117 90
102 59 7 495 81 90 570 117 118
103 54 7 495 81 118 542 130 196
104 55 7 500 130 0 574 176 62
105 55 7 500 130 62 574 176 124
106 52 7 500 176 0 582 232 108
107 52 7 500 176 108 582 232 216
