Utilizacion 78.406806 VolCajasEmpacado 79.280435 Duracion[s] 60.001000 Iteraciones 4905
0 2 0 0 0 0 62 59 103
1 2 0 0 0 103 62 59 206
2 0 0 0 59 0 65 99 60
3 0 0 0 99 0 65 139 60
4 0 0 0 139 0 65 179 60
5 0 0 0 179 0 65 219 60
6 0 0 0 59 60 65 99 120
7 0 0 0 99 60 65 139 120
8 0 0 0 139 60 65 179 120
9 0 0 0 179 60 65 219 120
10 2 0 0 59 120 59 162 182
11 1 0 65 0 0 160 92 46
12 1 0 160 0 0 255 92 46
13 1 0 65 0 46 160 92 92
14 1 0 160 0 46 255 92 92
15 1 0 65 0 92 160 92 138
16 1 0 160 0 92 255 92 138
17 1 0 65 0 138 160 92 184
18 1 0 160 0 138 255 92 184
19 3 1 0 162 120 60 227 160
20 3 1 0 162 160 40 227 220
21 3 1 40 162 160 80 227 220
22 3 1 65 92 0 105 157 60
23 3 1 105 92 0 145 157 60
24 5 1 65 92 60 168 151 122
25 5 1 65 92 122 168 151 184
26 5 1 80 157 0 142 216 103
27 5 1 80 157 103 142 216 206
28 4 1 168 92 0 260 187 46
29 4 1 168 92 46 260 187 92
30 4 1 168 92 92 260 187 138
31 4 1 168 92 138 260 187 184
32 4 1 255 0 0 350 92 46
33 4 1 255 0 46 350 92 92
34 4 1 255 0 92 350 92 138
35 4 1 255 0 138 350 92 184
36 6 2 142 187 0 207 227 60
37 6 2 142 187 60 207 227 120
38 6 2 142 187 120 207 227 180
39 6 2 207 187 0 267 227 65
40 7 2 260 92 0 355 184 46
41 7 2 260 92 46 355 184 92
42 7 2 260 92 92 355 184 138
43 7 2 260 92 138 355 184 184
44 8 2 350 0 0 409 62 103
45 8 2 409 0 0 468 62 103
46 8 2 468 0 0 527 62 103
47 8 2 350 0 103 409 62 206
48 8 2 409 0 103 468 62 206
49 8 2 468 0 103 527 62 206
50 9 3 207 187 65 267 227 130
51 9 3 207 187 130 267 227 195
52 9 3 267 184 0 327 224 65
53 9 3 267 184 65 327 224 130
54 9 3 267 184 130 327 224 195
55 9 3 327 184 0 392 224 60
56 9 3 327 184 60 392 224 120
57 9 3 327 184 120 392 224 180
58 11 3 355 62 0 417 121 103
59 11 3 355 121 0 417 180 103
60 11 3 355 62 103 417 121 206
61 11 3 355 121 103 417 180 206
62 10 3 417 62 0 509 157 46
63 10 3 417 62 46 509 157 92
64 10 3 417 62 92 509 157 138
65 10 3 417 62 138 509 157 184
66 11 3 417 157 0 520 219 59
67 11 3 417 157 59 520 219 118
68 11 3 417 157 118 520 219 177
69 11 3 509 62 0 571 121 103
70 11 3 509 62 103 571 121 206
71 11 3 520 121 0 579 224 62
72 12 4 417 157 177 482 217 217
73 12 4 482 157 177 542 222 217
74 14 4 527 0 0 586 62 103
75 14 4 527 0 103 586 62 206
76 12 4 542 121 62 582 186 122
77 12 4 542 121 122 582 186 182
