Utilizacion 85.030177 VolCajasEmpacado 86.303524 Duracion[s] 60.134000 Iteraciones 797
0 9 0 0 0 0 76 79 71
1 9 0 76 0 0 152 79 71
2 9 0 152 0 0 228 79 71
3 9 0 0 79 0 76 158 71
4 9 0 76 79 0 152 158 71
5 9 0 152 79 0 228 158 71
6 9 0 0 0 71 76 79 142
7 9 0 76 0 71 152 79 142
8 9 0 152 0 71 228 79 142
9 9 0 0 79 71 76 158 142
10 9 0 76 79 71 152 158 142
11 9 0 152 79 71 228 158 142
12 9 0 0 0 142 76 79 213
13 9 0 76 0 142 152 79 213
14 9 0 152 0 142 228 79 213
15 9 0 0 79 142 76 158 213
16 9 0 76 79 142 152 158 213
17 9 0 152 79 142 228 158 213
18 8 0 0 158 0 99 229 64
19 8 0 99 158 0 198 229 64
20 8 0 198 158 0 297 229 64
21 8 0 297 158 0 396 229 64
22 8 0 396 158 0 495 229 64
23 8 0 0 158 64 99 229 128
24 8 0 99 158 64 198 229 128
25 8 0 198 158 64 297 229 128
26 8 0 297 158 64 396 229 128
27 8 0 396 158 64 495 229 128
28 1 0 0 158 128 60 184 173
29 1 0 0 158 173 60 184 218
30 1 0 0 184 128 60 210 173
31 1 0 0 184 173 60 210 218
32 0 0 0 210 128 54 230 161
33 0 0 54 210 128 108 230 161
34 0 0 108 210 128 162 230 161
35 0 0 162 210 128 216 230 161
36 0 0 216 210 128 270 230 161
37 0 0 270 210 128 324 230 161
38 0 0 324 210 128 378 230 161
39 0 0 378 210 128 432 230 161
40 0 0 432 210 128 486 230 161
41 0 0 0 210 161 54 230 194
42 0 0 54 210 161 108 230 194
43 0 0 108 210 161 162 230 194
44 0 0 162 210 161 216 230 194
45 6 0 60 158 128 141 206 219
46 2 0 141 158 128 204 193 180
47 2 0 141 158 180 204 210 215
48 6 0 204 158 128 285 206 219
49 6 0 285 158 128 366 206 219
50 6 0 366 158 128 447 206 219
51 6 0 447 158 128 528 206 219
52 1 0 216 206 161 276 232 206
53 1 0 276 206 161 336 232 206
54 1 0 336 206 161 396 232 206
55 1 0 396 206 161 456 232 206
56 1 0 456 206 161 516 232 206
57 7 0 228 0 0 290 57 51
58 7 0 228 57 0 290 114 51
59 7 0 228 0 51 290 57 102
60 7 0 228 57 51 290 114 102
61 7 0 228 0 102 290 57 153
62 7 0 228 57 102 290 114 153
63 7 0 228 0 153 290 57 204
64 7 0 228 57 153 290 114 204
65 1 0 228 114 0 288 140 45
66 1 0 228 114 45 288 140 90
67 1 0 228 114 90 288 140 135
68 1 0 228 114 135 288 140 180
69 3 0 228 114 180 299 157 219
70 5 0 290 0 0 369 83 43
71 5 0 369 0 0 448 83 43
72 5 0 290 0 43 369 83 86
73 5 0 369 0 43 448 83 86
74 5 0 290 0 86 369 83 129
75 5 0 369 0 86 448 83 129
76 5 0 290 0 129 369 83 172
77 5 0 369 0 129 448 83 172
78 5 0 290 0 172 369 83 215
79 5 0 369 0 172 448 83 215
80 1 0 290 83 0 350 109 45
81 1 0 350 83 0 410 109 45
82 2 0 299 83 45 362 135 80
83 2 0 299 83 80 362 135 115
84 2 0 299 83 115 362 135 150
85 2 0 299 83 150 362 135 185
86 2 0 299 83 185 362 135 220
87 2 0 362 83 45 425 118 97
88 2 0 362 83 97 425 118 149
89 2 0 362 83 149 425 118 201
90 4 0 362 118 0 423 158 41
91 4 0 423 118 0 484 158 41
92 4 0 484 118 0 545 158 41
93 3 0 362 118 41 405 157 112
94 3 0 362 118 112 405 157 183
95 3 0 405 118 41 448 157 112
96 3 0 448 118 41 491 157 112
97 3 0 491 118 41 534 157 112
98 3 0 405 118 112 448 157 183
99 3 0 448 118 112 491 157 183
100 3 0 491 118 112 534 157 183
101 2 0 425 83 0 477 118 63
102 2 0 477 83 0 529 118 63
103 2 0 425 83 63 477 118 126
104 2 0 477 83 63 529 118 126
105 2 0 425 83 126 477 118 189
106 2 0 477 83 126 529 118 189
107 3 0 448 0 0 491 39 71
108 3 0 448 39 0 491 78 71
109 4 0 448 0 71 509 40 112
110 4 0 448 0 112 509 40 153
111 4 0 448 0 153 509 40 194
112 4 0 448 40 71 488 81 132
113 4 0 448 40 132 488 81 193
114 4 0 491 40 0 531 81 61
115 4 0 491 40 61 531 81 122
116 4 0 491 40 122 531 81 183
117 7 0 528 158 0 585 220 51
118 7 0 528 157 51 579 214 113
119 7 0 528 157 113 579 214 175
120 7 0 531 0 0 582 57 62
121 7 0 531 57 0 582 114 62
122 7 0 531 0 62 582 57 124
123 7 0 531 57 62 582 114 124
124 7 0 531 0 124 582 57 186
125 7 0 531 57 124 582 114 186
