Utilizacion 79.628227 VolCajasEmpacado 80.579091 Duracion[s] 60.033000 Iteraciones 1548
0 7 0 0 0 0 83 75 45
1 7 0 0 75 0 83 150 45
2 7 0 0 150 0 83 225 45
3 2 0 0 0 45 77 85 107
4 2 0 0 0 107 77 85 169
5 6 0 0 85 45 48 178 103
6 6 0 0 85 103 48 178 161
7 6 0 0 85 161 48 178 219
8 11 0 0 0 169 94 63 201
9 5 0 0 178 45 95 232 140
10 6 0 0 178 140 93 226 198
11 2 0 48 85 45 110 162 130
12 2 0 48 85 130 110 162 215
13 4 0 94 0 0 191 59 75
14 4 0 94 0 75 191 59 150
15 0 0 94 0 150 170 76 180
16 11 0 94 0 180 188 63 212
17 8 0 95 162 0 208 228 44
18 8 0 95 162 44 208 228 88
19 8 0 95 162 88 208 228 132
20 8 0 95 162 132 208 228 176
21 8 0 95 162 176 208 228 220
22 8 0 110 76 0 223 120 66
23 1 0 110 76 66 142 136 95
24 1 0 110 76 95 142 136 124
25 1 0 110 76 124 142 136 153
26 0 0 142 76 66 218 152 96
27 0 0 142 76 96 218 152 126
28 0 0 142 76 126 218 152 156
29 0 0 142 76 156 218 152 186
30 0 0 142 76 186 218 152 216
31 11 0 191 0 0 285 32 63
32 11 0 191 0 63 285 32 126
33 11 0 191 0 126 285 32 189
34 9 0 191 32 0 309 69 62
35 8 0 191 32 62 304 76 128
36 8 0 191 32 128 304 76 194
37 3 0 208 152 0 279 213 108
38 3 0 208 152 108 279 213 216
39 4 0 223 76 0 320 151 59
40 0 0 223 76 59 299 152 89
41 3 0 218 76 89 279 147 197
42 9 0 279 76 89 316 194 151
43 9 0 279 194 0 397 231 62
44 9 0 397 194 0 515 231 62
45 10 0 279 76 151 314 181 207
46 2 0 309 0 0 394 62 77
47 5 0 304 0 77 399 54 172
48 6 0 304 0 172 397 58 220
49 5 0 320 62 0 374 157 95
50 5 0 320 62 95 374 157 190
51 19 1 279 194 62 397 231 124
52 19 1 279 194 124 397 231 186
53 23 1 279 181 186 339 210 218
54 23 1 314 58 190 346 118 219
55 23 1 314 118 190 346 178 219
56 23 1 346 58 190 378 118 219
57 23 1 339 178 186 399 210 215
58 23 1 346 118 190 378 178 219
59 20 1 378 62 0 483 118 35
60 22 1 378 62 35 454 138 65
61 22 1 378 62 65 454 138 95
62 22 1 378 62 95 454 138 125
63 22 1 378 62 125 454 138 155
64 22 1 378 62 155 454 138 185
65 22 1 378 62 185 454 138 215
66 21 1 378 138 0 472 170 63
67 21 1 378 138 63 472 170 126
68 21 1 378 138 126 472 170 189
69 23 1 378 138 189 438 170 218
70 12 1 399 170 62 484 232 139
71 12 1 399 170 139 484 232 216
72 13 1 399 0 0 507 61 71
73 13 1 399 0 71 507 61 142
74 13 1 399 0 142 507 61 213
75 23 1 438 138 189 498 170 218
76 17 1 454 61 35 499 136 118
77 17 1 454 61 118 499 136 201
78 23 1 484 170 62 516 230 91
79 16 1 484 170 91 532 228 184
80 13 1 499 61 0 570 169 61
81 13 1 499 61 61 570 169 122
82 13 1 499 61 122 570 169 183
83 20 1 499 61 183 555 166 218
84 13 1 507 0 0 578 61 108
85 14 1 507 0 108 582 59 205
86 16 1 532 169 0 580 227 93
87 16 1 532 169 93 580 227 186
