Utilizacion 80.607631 VolCajasEmpacado 80.997685 Duracion[s] 60.029000 Iteraciones 1905
0 3 0 0 0 0 98 75 55
1 3 0 98 0 0 196 75 55
2 3 0 196 0 0 294 75 55
3 3 0 0 0 55 98 75 110
4 3 0 98 0 55 196 75 110
5 3 0 196 0 55 294 75 110
6 3 0 0 0 110 98 75 165
7 3 0 98 0 110 196 75 165
8 3 0 196 0 110 294 75 165
9 3 0 0 0 165 98 75 220
10 3 0 98 0 165 196 75 220
11 3 0 196 0 165 294 75 220
12 3 0 0 75 0 98 150 55
13 3 0 0 150 0 98 225 55
14 2 0 0 75 55 56 156 95
15 2 0 0 75 95 56 156 135
16 2 0 0 75 135 56 156 175
17 2 0 0 75 175 56 156 215
18 4 0 0 156 55 119 190 80
19 4 0 0 190 55 119 224 80
20 4 0 0 156 80 119 190 105
21 4 0 0 190 80 119 224 105
22 4 0 0 156 105 119 190 130
23 4 0 0 190 105 119 224 130
24 0 0 0 156 130 40 188 190
25 0 0 0 188 130 40 220 190
26 0 0 40 156 130 72 216 170
27 0 0 40 156 170 72 216 210
28 1 0 56 75 55 116 134 94
29 0 0 56 75 94 96 135 126
30 4 0 116 75 0 235 100 34
31 8 1 56 75 126 96 156 182
32 6 1 56 75 182 116 115 214
33 6 1 56 115 182 116 155 214
34 7 1 72 156 130 131 216 169
35 7 1 72 156 169 131 216 208
36 8 1 116 75 34 197 115 90
37 9 1 116 75 90 214 150 145
38 9 1 116 75 145 214 150 200
39 8 1 131 150 0 187 231 40
40 8 1 187 150 0 243 231 40
41 8 1 243 150 0 299 231 40
42 8 1 299 150 0 355 231 40
43 8 1 355 150 0 411 231 40
44 8 1 411 150 0 467 231 40
45 8 1 467 150 0 523 231 40
46 9 1 131 150 40 229 225 95
47 9 1 131 150 95 229 225 150
48 5 1 131 150 150 250 175 184
49 5 1 131 175 150 250 200 184
50 5 1 131 175 184 250 200 218
51 6 1 131 200 150 171 232 210
52 14 2 131 150 184 250 175 218
53 13 2 171 200 150 211 232 210
54 13 2 214 100 0 246 140 60
55 11 2 214 75 60 269 150 158
56 13 2 214 75 158 246 115 218
57 13 2 246 75 158 278 115 218
58 13 2 214 115 158 254 147 218
59 13 2 229 200 40 269 232 100
60 13 2 229 200 100 269 232 160
61 13 2 229 200 160 269 232 220
62 14 2 250 150 40 369 184 65
63 14 2 250 150 65 369 184 90
64 14 2 250 150 90 369 184 115
65 14 2 250 150 115 369 184 140
66 14 2 250 150 140 369 184 165
67 14 2 250 150 165 369 184 190
68 12 2 269 184 40 350 224 96
69 12 2 350 184 40 431 224 96
70 12 2 431 184 40 512 224 96
71 12 2 269 184 96 350 224 152
72 12 2 350 184 96 431 224 152
73 12 2 431 184 96 512 224 152
74 12 2 269 184 152 350 224 208
75 12 2 350 184 152 431 224 208
76 12 2 431 184 152 512 224 208
77 11 2 278 75 0 376 150 55
78 11 2 278 75 55 376 150 110
79 11 2 278 75 110 376 150 165
80 11 2 278 75 165 376 150 220
81 11 2 294 0 0 392 75 55
82 11 2 294 0 55 392 75 110
83 10 2 294 0 110 354 59 149
84 10 2 354 0 110 414 59 149
85 12 2 294 0 149 375 56 189
86 15 3 250 150 190 369 184 215
87 15 3 294 0 189 413 34 214
88 15 3 294 34 189 413 68 214
89 15 3 369 150 40 488 184 65
90 15 3 369 150 65 488 184 90
91 16 3 369 150 90 409 182 150
92 16 3 369 150 150 409 182 210
93 19 3 376 75 0 474 130 75
94 19 3 376 75 75 474 130 150
95 16 3 376 68 150 408 108 210
96 16 3 376 108 150 408 148 210
97 16 3 408 68 150 440 128 190
98 16 3 409 130 90 441 170 150
99 16 3 441 130 90 473 170 150
100 19 3 414 0 0 512 55 75
101 18 3 414 0 75 495 56 115
102 18 3 414 0 115 495 56 155
103 18 3 414 0 155 495 56 195
104 17 3 440 56 150 479 116 209
105 17 3 440 116 150 479 176 209
106 16 3 495 0 75 527 40 135
107 19 3 479 56 0 577 131 55
108 19 3 479 56 55 577 131 110
109 19 3 479 56 110 577 131 165
110 19 3 479 56 165 577 131 220
111 17 3 488 131 40 547 170 100
112 17 3 488 131 100 547 170 160
113 17 3 488 131 160 547 170 220
114 17 3 495 0 135 555 39 194
115 17 3 523 170 0 582 230 39
116 18 3 547 131 39 587 212 95
117 18 3 547 131 95 587 212 151
118 18 3 547 131 151 587 212 207
119 20 4 413 0 195 532 34 220
120 21 4 555 0 0 587 40 60
121 21 4 555 0 60 587 40 120
122 21 4 555 0 120 587 40 180
