Utilizacion 79.489289 VolCajasEmpacado 81.249407 Duracion[s] 60.002000 Iteraciones 1469
0 6 0 0 0 0 73 55 54
1 6 0 0 55 0 73 110 54
2 4 0 0 0 54 44 51 100
3 4 0 44 0 54 88 51 100
4 4 0 0 51 54 44 102 100
5 4 0 44 51 54 88 102 100
6 4 0 0 0 100 44 51 146
7 4 0 44 0 100 88 51 146
8 4 0 0 51 100 44 102 146
9 4 0 44 51 100 88 102 146
10 4 0 0 0 146 44 51 192
11 4 0 44 0 146 88 51 192
12 4 0 0 51 146 44 102 192
13 4 0 44 51 146 88 102 192
14 0 0 0 0 192 39 116 215
15 0 0 39 0 192 78 116 215
16 4 0 0 116 0 51 160 46
17 4 0 0 116 46 51 160 92
18 1 0 0 116 92 32 167 129
19 1 0 0 116 129 32 167 166
20 1 0 0 116 166 32 167 203
21 1 0 0 167 0 32 218 37
22 1 0 0 167 37 32 218 74
23 1 0 0 167 74 32 218 111
24 7 0 32 160 0 135 233 89
25 7 0 32 160 89 135 233 178
26 0 0 0 167 178 116 190 217
27 0 0 0 190 178 116 213 217
28 2 0 51 116 0 168 160 38
29 2 0 51 116 38 168 160 76
30 2 0 51 116 76 168 160 114
31 2 0 51 116 114 168 160 152
32 2 0 51 116 152 168 160 190
33 3 0 88 0 0 186 116 40
34 3 0 186 0 0 284 116 40
35 3 0 284 0 0 382 116 40
36 3 0 382 0 0 480 116 40
37 5 0 88 0 40 183 92 87
38 5 0 88 0 87 183 92 134
39 5 0 88 0 134 183 92 181
40 2 0 88 0 181 205 44 219
41 2 0 88 44 181 205 88 219
42 5 0 168 92 40 263 139 132
43 7 0 135 160 0 238 233 89
44 7 0 238 160 0 341 233 89
45 7 0 341 160 0 444 233 89
46 5 0 168 92 132 263 184 179
47 5 0 135 184 89 230 231 181
48 5 0 230 184 89 325 231 181
49 5 0 205 0 40 300 92 87
50 8 1 32 116 190 148 155 213
51 8 1 116 160 179 232 183 218
52 9 1 116 183 181 167 215 218
53 8 1 167 183 181 283 206 220
54 8 1 167 206 181 283 229 220
55 9 1 168 92 179 205 143 211
56 15 1 205 0 87 308 89 160
57 12 1 205 0 160 249 46 211
58 12 1 205 46 160 249 92 211
59 9 1 205 92 179 237 143 216
60 9 1 232 143 179 283 180 211
61 9 1 237 92 179 274 143 211
62 14 1 249 0 160 303 73 215
63 8 1 274 116 0 390 139 39
64 13 1 274 92 40 369 139 132
65 12 1 274 89 132 320 140 176
66 12 1 274 89 176 320 140 220
67 10 1 283 140 89 400 184 127
68 9 1 283 140 127 334 177 159
69 9 1 283 140 159 334 177 191
70 13 1 334 139 127 429 186 219
71 15 1 308 0 40 411 89 113
72 15 1 411 0 40 514 89 113
73 15 1 308 0 113 411 89 186
74 15 1 411 0 113 514 89 186
75 12 1 320 89 132 371 135 176
76 12 1 320 89 176 371 135 220
77 12 1 325 186 89 376 232 133
78 12 1 376 186 89 427 232 133
79 12 1 325 186 133 376 232 177
80 12 1 376 186 133 427 232 177
81 10 1 325 186 177 442 230 215
82 12 1 371 89 40 415 135 91
83 13 1 415 89 40 510 136 132
84 10 1 371 89 132 488 127 176
85 10 1 371 89 176 488 127 220
86 13 1 444 136 0 536 231 47
87 13 1 444 136 47 536 231 94
88 13 1 444 136 94 536 231 141
89 13 1 444 136 141 536 231 188
90 14 1 514 0 0 587 55 54
91 14 1 514 55 0 587 110 54
92 15 1 514 0 54 587 103 143
93 14 1 514 0 143 587 54 198
94 13 1 536 110 0 583 205 92
95 13 1 536 110 92 583 205 184
