Utilizacion 70.625857 VolCajasEmpacado 70.844690 Duracion[s] 60.015000 Iteraciones 2104
0 0 0 0 0 0 25 52 36
1 0 0 0 52 0 25 104 36
2 0 0 0 104 0 25 156 36
3 0 0 0 156 0 25 208 36
4 1 0 0 0 36 37 63 57
5 1 0 0 63 36 37 126 57
6 0 0 0 208 0 52 233 36
7 2 0 0 0 57 36 100 118
8 3 1 0 126 36 21 189 73
9 3 1 0 189 36 63 226 57
10 4 1 0 0 118 36 52 143
11 5 2 0 100 57 52 125 93
12 5 2 0 100 93 52 125 129
13 6 2 0 0 143 61 100 179
14 6 2 0 0 179 61 100 215
15 8 3 0 100 129 52 136 154
16 8 3 0 100 154 52 136 179
17 8 3 0 100 179 52 136 204
18 7 3 0 136 73 21 199 110
19 9 3 25 136 0 125 172 61
20 10 4 0 136 110 25 188 146
21 12 4 0 136 146 21 199 183
22 12 4 0 136 183 21 199 220
23 10 4 0 199 57 52 224 93
24 12 4 0 199 93 63 220 130
25 11 4 25 136 61 125 197 97
26 11 4 25 136 97 125 197 133
27 11 4 25 136 133 125 197 169
28 14 5 0 199 130 52 224 166
29 13 5 21 136 169 42 199 206
30 17 6 42 136 169 142 197 205
31 15 6 0 199 166 63 220 203
32 17 6 52 100 0 152 136 61
33 17 6 52 100 61 152 136 122
34 16 6 52 100 122 104 125 158
35 18 7 52 100 158 115 121 195
36 20 7 52 100 195 104 136 220
37 19 7 61 0 0 122 100 36
38 18 7 61 0 36 98 63 57
39 22 8 61 63 36 161 99 97
40 22 8 61 63 97 161 99 158
41 22 8 61 63 158 161 99 219
42 21 8 61 0 57 113 25 93
43 21 8 61 0 93 113 25 129
44 22 8 61 0 129 161 36 190
45 23 9 61 36 57 124 57 94
46 24 9 63 197 0 163 233 61
47 24 9 163 197 0 263 233 61
48 25 10 61 0 190 98 63 211
49 26 10 63 197 61 115 222 97
50 25 10 63 197 97 126 218 134
51 27 10 63 197 134 163 233 195
52 29 11 63 197 195 115 233 220
53 28 11 98 0 190 161 37 211
54 30 11 142 136 0 242 197 36
55 30 11 242 136 0 342 197 36
56 30 11 342 136 0 442 197 36
57 30 11 442 136 0 542 197 36
58 30 11 142 136 36 242 172 97
59 32 12 98 37 94 150 62 130
60 32 12 98 37 130 150 62 166
61 31 12 98 37 166 161 58 203
62 35 13 115 99 122 167 124 158
63 35 13 115 99 158 167 124 194
64 33 13 115 99 194 178 136 215
65 34 13 142 136 97 242 197 133
66 34 13 142 136 133 242 197 169
67 37 14 115 197 195 167 233 220
68 37 14 142 136 169 178 188 194
69 37 14 142 136 194 178 188 219
70 36 14 161 0 0 198 63 21
71 37 14 161 63 0 213 99 25
72 37 14 213 63 0 265 99 25
73 38 14 167 197 61 267 233 122
74 38 14 167 197 122 267 233 183
75 38 14 178 99 0 278 135 61
76 38 14 178 99 61 278 135 122
77 39 15 161 0 21 182 63 58
78 40 15 161 0 58 197 52 83
79 40 15 161 0 83 197 52 108
80 41 15 161 63 25 261 99 86
81 42 16 167 188 183 230 209 220
82 42 16 230 188 183 293 209 220
83 42 16 167 209 183 230 230 220
84 43 16 161 0 108 197 52 133
85 43 16 161 0 133 197 52 158
86 43 16 161 0 158 197 52 183
87 44 16 161 52 86 261 88 147
88 45 17 161 0 183 182 63 220
89 45 17 182 0 183 203 63 220
90 46 17 161 63 147 213 88 183
91 46 17 161 63 183 213 99 208
92 47 17 178 99 122 278 135 183
93 49 18 178 99 183 214 151 208
94 50 18 178 151 169 241 188 190
95 49 18 178 151 190 230 187 215
96 48 18 203 0 0 303 36 61
97 52 19 203 0 61 255 25 97
98 52 19 255 0 61 307 25 97
99 51 19 230 209 183 293 230 220
100 53 20 203 0 97 255 25 133
101 54 21 203 25 61 266 46 98
102 55 21 203 25 98 255 50 134
103 55 21 203 0 134 228 52 170
104 55 21 203 0 170 228 52 206
105 55 21 213 52 147 265 77 183
106 56 21 242 135 36 342 171 97
107 56 21 242 135 97 342 171 158
108 57 22 213 77 147 276 98 184
109 58 22 214 52 184 314 113 220
110 58 22 242 135 158 342 171 219
111 59 23 214 113 183 277 134 220
112 60 23 228 0 133 280 25 169
113 60 23 228 0 169 280 36 194
114 60 23 228 0 194 264 52 219
115 59 23 293 171 36 356 192 73
116 61 23 293 171 73 393 207 134
117 61 23 293 171 134 393 207 195
118 62 24 293 171 195 345 207 220
119 62 24 345 171 195 397 207 220
120 62 24 280 0 97 332 36 122
121 63 24 280 0 122 380 36 183
122 65 25 278 113 0 341 134 37
123 65 25 341 113 0 404 134 37
124 66 25 280 0 183 305 52 219
125 64 25 314 36 0 414 97 36
126 64 25 314 36 36 414 72 97
127 67 26 305 0 183 341 52 208
128 69 26 341 0 183 362 63 220
129 68 26 314 72 36 414 108 97
130 68 26 314 72 97 414 108 158
131 70 27 278 113 37 341 134 74
132 71 27 293 207 0 345 232 36
133 71 27 293 207 36 345 232 72
134 71 27 293 207 72 345 232 108
135 71 27 293 207 108 345 232 144
136 71 27 293 207 144 345 232 180
137 71 27 293 207 180 345 232 216
138 72 27 314 63 158 414 99 219
139 73 28 278 113 74 341 134 111
140 74 28 314 108 111 366 133 147
141 74 28 362 0 183 387 52 219
142 74 28 314 108 147 366 133 183
143 74 28 314 99 183 366 135 208
144 74 28 342 135 36 394 160 72
145 75 28 342 135 72 442 171 133
146 75 28 342 135 133 442 171 194
147 75 28 387 0 0 487 36 61
148 77 29 342 135 194 394 171 219
149 77 29 394 135 194 446 171 219
150 76 29 345 207 0 408 228 37
151 80 30 387 0 61 487 36 122
152 79 30 345 207 37 397 232 73
153 79 30 345 207 73 397 232 109
154 78 30 345 207 109 408 228 146
155 79 30 345 207 146 397 232 182
156 79 30 345 207 182 397 232 218
157 79 30 366 108 37 418 133 73
158 79 30 366 108 73 418 133 109
159 79 30 366 108 109 418 133 145
160 80 30 387 0 122 487 61 158
161 82 31 387 0 158 487 36 219
162 81 31 366 108 145 418 133 181
163 81 31 366 108 181 418 133 217
164 83 31 387 36 158 450 57 195
165 82 31 397 171 36 497 207 97
166 81 31 397 171 97 449 196 133
167 85 32 397 171 133 497 207 194
168 84 32 397 171 194 460 208 215
169 84 32 460 171 194 523 208 215
170 84 32 414 36 195 477 73 216
171 84 32 408 208 0 471 229 37
172 86 33 408 208 37 471 229 74
173 87 33 408 208 74 460 233 110
174 87 33 408 208 110 460 233 146
175 88 33 418 73 0 518 134 36
176 88 33 418 73 36 518 134 72
177 90 34 414 73 72 466 98 108
178 89 34 414 73 108 477 94 145
179 89 34 414 73 145 477 94 182
180 89 34 414 73 182 477 94 219
181 91 34 418 98 72 518 134 133
182 91 34 418 94 133 518 130 194
183 92 35 418 94 194 470 130 219
184 93 35 446 134 36 546 170 97
185 93 35 446 134 97 546 170 158
186 93 35 446 134 158 546 170 219
187 95 36 470 94 194 522 130 219
188 95 36 471 208 0 523 233 36
189 95 36 523 208 0 575 233 36
190 94 36 471 208 36 534 229 73
191 97 37 471 208 73 534 229 110
192 98 37 460 208 110 512 233 146
193 96 37 487 0 0 587 61 36
194 96 37 487 0 36 587 61 72
195 100 38 477 61 72 529 86 108
196 100 38 477 61 108 529 86 144
197 100 38 477 61 144 529 86 180
198 100 38 477 61 180 529 86 216
199 101 38 487 0 72 587 36 133
200 101 38 487 0 133 587 36 194
201 100 38 487 0 194 523 52 219
202 99 38 522 86 0 585 107 37
203 101 38 546 107 0 582 207 61
204 102 39 522 86 37 585 107 74
205 103 39 523 0 194 575 36 219
206 102 39 522 86 74 585 107 111
207 104 39 546 36 111 582 136 172
