Utilizacion 76.849193 VolCajasEmpacado 78.525478 Duracion[s] 60.022000 Iteraciones 791
0 9 0 0 0 0 53 36 40
1 9 0 0 36 0 53 72 40
2 9 0 0 72 0 53 108 40
3 9 0 0 108 0 53 144 40
4 9 0 0 144 0 53 180 40
5 9 0 0 180 0 53 216 40
6 2 0 0 0 40 95 76 100
7 2 0 0 76 40 95 152 100
8 2 0 0 0 100 95 76 160
9 2 0 0 76 100 95 152 160
10 2 0 0 0 160 95 76 220
11 2 0 0 76 160 95 152 220
12 8 0 0 152 40 53 188 85
13 8 0 0 152 85 53 188 130
14 8 0 0 152 130 53 188 175
15 8 0 0 152 175 53 188 220
16 6 0 0 188 40 80 230 92
17 6 0 0 188 92 80 230 144
18 6 0 0 188 144 80 230 196
19 11 0 53 152 0 100 186 61
20 11 0 53 152 61 100 186 122
21 11 0 53 152 122 100 186 183
22 4 0 80 186 0 140 233 64
23 4 0 80 186 64 140 233 128
24 4 0 80 186 128 140 233 192
25 1 0 80 152 192 170 227 217
26 7 0 95 0 0 189 37 65
27 7 0 95 37 0 189 74 65
28 7 0 95 74 0 189 111 65
29 7 0 95 111 0 189 148 65
30 1 0 95 0 65 170 90 90
31 1 0 95 0 90 170 90 115
32 1 0 95 0 115 170 90 140
33 1 0 95 0 140 170 90 165
34 1 0 95 0 165 170 90 190
35 1 0 95 0 190 170 90 215
36 7 0 95 90 65 189 127 130
37 7 0 95 90 130 189 127 195
38 8 0 170 0 65 206 53 110
39 11 0 170 0 110 204 61 157
40 5 0 170 148 0 220 224 43
41 13 0 170 0 157 236 68 188
42 13 0 170 0 188 236 68 219
43 6 0 170 148 43 222 228 85
44 10 0 170 127 85 205 201 149
45 10 0 170 127 149 205 201 213
46 3 0 189 68 0 285 127 102
47 3 0 189 68 102 285 127 204
48 3 0 222 127 0 318 186 102
49 3 0 222 127 102 318 186 204
50 0 0 222 186 0 342 212 34
51 0 0 222 186 34 342 212 68
52 4 0 222 186 68 286 233 128
53 4 0 286 186 68 350 233 128
54 6 0 205 186 128 257 228 208
55 10 0 236 0 0 310 64 35
56 10 0 236 0 35 310 64 70
57 10 0 236 0 70 310 64 105
58 10 0 236 0 105 310 64 140
59 10 0 236 0 140 310 64 175
60 10 0 236 0 175 310 64 210
61 10 0 257 186 128 331 221 192
62 14 0 285 64 0 394 127 28
63 14 0 285 64 28 394 127 56
64 14 0 285 64 56 394 127 84
65 3 0 285 64 84 381 123 186
66 3 0 310 0 0 412 59 96
67 10 0 310 0 96 384 64 131
68 12 0 350 127 0 449 217 32
69 12 0 350 127 32 440 226 64
70 12 0 350 127 64 440 226 96
71 13 0 350 123 96 418 189 127
72 28 1 257 186 192 377 220 218
73 28 1 285 64 186 405 98 212
74 28 1 285 98 186 405 124 220
75 24 1 310 0 131 344 61 178
76 22 1 310 0 178 346 53 218
77 17 1 318 124 127 382 184 174
78 22 1 318 124 174 371 164 210
79 24 1 346 0 131 393 34 192
80 21 1 382 124 127 418 177 172
81 21 1 382 124 172 418 177 217
82 24 1 377 189 96 438 223 143
83 18 1 377 184 143 427 227 219
84 24 1 393 0 96 427 61 143
85 24 1 393 0 143 427 61 190
86 16 1 405 61 0 501 120 102
87 16 1 405 61 102 501 120 204
88 24 1 418 120 96 452 167 157
89 24 1 418 120 157 452 167 218
90 19 1 427 0 0 507 42 52
91 19 1 427 0 52 507 42 104
92 19 1 427 0 104 507 42 156
93 19 1 427 0 156 507 42 208
94 22 1 449 167 0 489 203 53
95 22 1 489 167 0 529 203 53
96 20 1 440 167 53 534 232 90
97 20 1 440 167 90 534 232 127
98 20 1 440 167 127 534 232 164
99 20 1 440 167 164 534 232 201
100 18 1 452 120 0 528 163 50
101 18 1 452 120 50 528 163 100
102 18 1 452 120 100 528 163 150
103 18 1 452 120 150 528 163 200
104 26 1 501 42 0 567 110 31
105 26 1 501 42 31 567 110 62
106 26 1 501 42 62 567 110 93
107 26 1 501 42 93 567 110 124
108 26 1 501 42 124 567 110 155
109 26 1 501 42 155 567 110 186
110 26 1 501 42 186 567 110 217
111 23 1 507 0 0 581 35 64
112 23 1 507 0 64 581 35 128
113 23 1 507 0 128 581 35 192
114 18 1 528 110 0 578 153 76
115 18 1 528 110 76 571 160 152
116 18 1 534 160 0 577 210 76
117 18 1 534 160 76 577 210 152
118 20 1 534 110 152 571 204 217
