Utilizacion 75.762303 VolCajasEmpacado 76.648389 Duracion[s] 60.016000 Iteraciones 1961
0 4 0 0 0 0 53 78 66
1 4 0 0 78 0 53 156 66
2 4 0 0 0 66 53 78 132
3 4 0 0 78 66 53 156 132
4 4 0 0 0 132 53 78 198
5 4 0 0 78 132 53 156 198
6 1 0 0 0 198 52 34 219
7 1 0 0 34 198 52 68 219
8 1 0 0 68 198 52 102 219
9 5 0 0 156 0 81 228 45
10 9 0 0 156 45 96 216 76
11 9 0 0 156 76 96 216 107
12 7 0 0 156 107 36 219 164
13 0 0 0 156 164 31 207 195
14 7 0 36 156 107 72 219 164
15 7 0 72 156 107 108 219 164
16 2 0 53 0 0 149 95 68
17 2 0 53 0 68 149 95 136
18 2 0 53 0 136 149 95 204
19 10 0 53 95 0 153 139 75
20 3 0 53 95 75 160 150 145
21 3 0 53 95 145 160 150 215
22 5 0 53 150 164 134 222 209
23 2 0 134 150 0 229 218 96
24 6 0 134 150 96 222 207 134
25 8 0 149 0 0 234 92 34
26 25 1 134 207 96 186 228 130
27 18 1 134 150 134 172 188 200
28 18 1 172 150 134 210 188 200
29 24 1 134 188 134 167 220 163
30 24 1 134 188 163 167 220 192
31 25 1 134 188 192 186 222 213
32 18 1 186 188 134 224 226 200
33 12 1 149 0 34 245 95 102
34 15 1 149 0 102 221 45 183
35 15 1 149 45 102 221 90 183
36 20 1 149 0 183 241 85 217
37 14 1 160 95 0 238 148 66
38 14 1 238 95 0 316 148 66
39 17 1 160 95 66 248 133 123
40 17 1 248 95 66 336 133 123
41 17 1 160 95 123 248 133 180
42 17 1 248 95 123 336 133 180
43 11 1 160 90 180 223 147 216
44 19 1 223 85 180 284 154 215
45 22 1 229 154 0 325 214 31
46 22 1 229 154 31 325 214 62
47 21 1 229 154 62 341 223 93
48 16 1 229 154 93 329 229 137
49 16 1 229 154 137 329 229 181
50 23 1 210 154 181 261 185 212
51 18 1 224 185 181 290 223 219
52 15 1 245 0 0 317 81 45
53 16 1 245 0 45 345 75 89
54 16 1 245 0 89 345 75 133
55 16 1 245 0 133 345 75 177
56 17 1 241 0 177 329 57 215
57 13 1 336 75 0 443 130 70
58 16 1 336 75 70 436 119 145
59 16 1 336 75 145 436 119 220
60 34 2 261 154 181 312 185 212
61 34 2 290 185 181 341 216 212
62 34 2 329 0 177 360 51 208
63 29 2 341 130 0 386 211 72
64 29 2 386 130 0 431 211 72
65 29 2 431 130 0 476 211 72
66 27 2 341 119 72 448 174 142
67 27 2 341 119 142 448 174 212
68 28 2 341 174 72 407 227 150
69 31 2 341 174 150 379 212 216
70 35 2 360 0 0 460 75 44
71 31 2 360 0 44 398 66 82
72 30 2 407 174 72 495 231 110
73 35 2 398 0 44 498 75 88
74 35 2 398 0 88 498 75 132
75 33 2 360 0 132 472 69 163
76 33 2 360 0 163 472 69 194
77 32 2 476 75 0 561 167 34
78 32 2 476 75 34 561 167 68
79 26 2 476 75 68 571 171 136
80 33 2 448 69 136 560 138 167
81 47 3 360 0 194 412 34 215
82 47 3 360 34 194 412 68 215
83 47 3 412 0 194 446 52 215
84 47 3 446 0 194 480 52 215
85 46 3 379 174 150 412 203 182
86 46 3 379 203 150 412 232 182
87 46 3 379 174 182 412 203 214
88 46 3 379 203 182 412 232 214
89 45 3 436 69 167 467 100 218
90 48 3 448 100 167 505 163 203
91 38 3 412 174 110 478 227 188
92 45 3 412 174 188 463 205 219
93 41 3 472 52 167 538 90 205
94 42 3 495 171 0 564 232 35
95 41 3 505 90 167 571 128 205
96 40 3 495 171 35 583 228 73
97 40 3 495 171 73 583 228 111
98 44 3 478 171 111 574 202 171
99 44 3 478 202 111 574 233 171
100 36 3 498 0 0 579 45 72
101 36 3 498 0 72 579 45 144
102 39 3 480 0 144 580 44 219
103 39 3 505 128 171 580 228 215
