Utilizacion 65.666742 VolCajasEmpacado 66.525262 Duracion[s] 60.005000 Iteraciones 8029
0 0 0 0 0 0 100 114 45
1 0 0 0 114 0 100 228 45
2 2 0 0 0 45 87 117 94
3 1 0 0 0 94 92 68 133
4 6 1 0 0 133 40 62 203
5 5 1 0 117 45 59 225 83
6 4 1 0 117 83 66 176 145
7 3 1 40 0 133 68 56 165
8 7 2 0 68 94 71 111 175
9 8 2 0 111 145 66 173 204
10 9 3 0 176 83 56 204 115
11 10 3 66 117 45 128 183 104
12 11 4 0 176 115 94 227 151
13 14 4 66 111 104 136 169 189
14 12 4 100 0 0 211 98 39
15 13 4 100 0 39 217 49 126
16 15 5 92 0 126 135 71 207
17 16 6 0 173 151 108 211 210
18 17 6 128 169 0 213 227 70
19 18 7 128 169 70 180 223 143
20 19 8 108 169 143 189 212 214
21 20 9 0 71 175 56 99 207
22 22 9 100 71 39 208 109 98
23 21 9 71 71 98 165 107 149
24 23 9 211 49 0 325 149 45
25 25 10 71 71 149 165 107 200
26 24 10 66 107 189 122 139 217
27 27 11 135 0 126 178 71 207
28 26 11 208 49 45 294 139 74
29 28 12 165 71 98 247 132 187
30 29 13 178 0 126 249 43 207
31 33 14 247 43 74 329 104 163
32 30 14 189 139 70 226 200 123
33 32 14 226 149 0 343 198 87
34 31 14 226 132 87 340 232 132
35 36 15 189 132 132 274 190 202
36 35 15 247 43 163 318 124 206
37 34 15 249 0 0 319 40 62
38 37 15 274 124 132 336 183 198
39 41 16 189 190 132 297 228 191
40 38 16 329 0 0 427 111 39
41 40 16 329 0 39 416 117 88
42 38 16 329 0 88 427 111 127
43 39 16 329 0 127 395 59 189
44 42 17 329 59 127 395 121 186
45 44 18 297 183 132 350 220 193
46 43 18 318 0 189 404 90 218
47 45 18 343 121 0 451 180 38
48 46 19 343 121 38 451 180 76
49 47 19 404 0 127 447 71 208
50 48 20 343 121 76 413 179 161
51 49 20 336 121 161 409 175 213
52 52 20 350 180 0 442 219 68
53 50 20 350 180 68 467 229 155
54 51 20 447 0 0 537 86 29
55 53 21 447 0 29 545 111 68
56 54 22 413 117 76 484 160 157
57 55 22 447 0 68 536 82 129
58 56 23 413 71 157 449 165 208
59 57 24 350 179 155 444 230 191
60 59 24 447 0 129 518 43 210
61 58 24 449 43 129 489 113 191
62 60 24 489 43 129 578 104 211
63 61 25 467 160 0 575 219 38
64 62 26 444 165 155 481 226 208
65 63 26 484 113 38 584 227 83
66 64 27 481 160 83 570 221 165
67 65 27 481 113 165 581 227 210
