Utilizacion 76.261880 VolCajasEmpacado 77.950535 Duracion[s] 60.018000 Iteraciones 2542
0 0 0 0 0 0 37 32 51
1 0 0 0 32 0 37 64 51
2 0 0 0 64 0 37 96 51
3 4 0 0 0 51 44 46 102
4 4 0 0 46 51 44 92 102
5 4 0 0 0 102 44 46 153
6 4 0 0 46 102 44 92 153
7 4 0 0 0 153 44 46 204
8 4 0 0 46 153 44 92 204
9 6 0 0 96 0 117 140 38
10 6 0 0 140 0 117 184 38
11 6 0 0 184 0 117 228 38
12 3 0 0 96 38 92 191 85
13 5 0 0 92 85 116 190 125
14 3 0 0 92 125 92 187 172
15 3 0 0 92 172 92 187 219
16 1 0 0 191 38 116 230 61
17 6 0 0 191 61 117 229 105
18 3 0 44 0 0 139 92 47
19 3 0 44 0 47 139 92 94
20 2 0 44 0 94 117 89 197
21 5 0 117 92 0 215 208 40
22 5 0 116 92 40 232 190 80
23 5 0 116 92 80 232 190 120
24 7 1 0 190 105 32 227 156
25 10 1 0 187 156 51 231 202
26 8 1 92 89 125 130 206 169
27 8 1 92 89 169 130 206 213
28 10 1 117 0 94 161 51 140
29 10 1 117 0 140 161 51 186
30 11 1 130 51 120 225 143 167
31 11 1 130 51 167 225 143 214
32 13 1 130 143 120 233 232 193
33 10 1 161 0 0 207 51 44
34 10 1 161 0 44 207 51 88
35 11 1 207 0 0 302 47 92
36 11 1 207 0 92 302 47 184
37 8 1 225 47 0 342 91 38
38 13 1 232 47 38 335 120 127
39 13 1 232 47 127 335 120 216
40 13 1 233 120 0 306 209 103
41 13 1 233 120 103 306 209 206
42 11 1 302 0 0 397 47 92
43 11 1 302 0 92 397 47 184
44 12 1 306 120 0 361 193 54
45 9 1 361 47 0 477 145 40
46 19 2 44 0 197 160 39 220
47 19 2 161 0 184 277 39 207
48 19 2 277 0 184 393 39 207
49 17 2 306 193 0 423 231 44
50 17 2 306 193 44 423 231 88
51 15 2 306 120 54 360 193 109
52 15 2 306 120 109 360 193 164
53 18 2 306 120 164 338 157 215
54 16 2 306 157 164 350 203 215
55 18 2 350 193 88 401 230 120
56 14 2 335 47 40 438 120 129
57 16 2 335 47 129 386 93 173
58 16 2 335 47 173 386 93 217
59 16 2 360 93 129 404 139 180
60 16 2 361 145 0 405 191 51
61 20 2 477 0 0 575 116 40
62 20 2 477 116 0 575 232 40
63 28 3 306 203 120 422 226 159
64 28 3 335 93 180 451 116 219
65 28 3 306 203 159 422 226 198
66 27 3 338 116 180 389 148 217
67 27 3 361 148 51 412 180 88
68 27 3 361 148 88 412 180 125
69 27 3 361 148 125 412 180 162
70 24 3 360 148 162 411 194 206
71 24 3 386 47 129 437 91 175
72 24 3 386 47 175 437 93 219
73 22 3 412 120 40 515 193 129
74 22 3 412 120 129 515 193 218
75 26 3 423 193 40 540 231 84
76 26 3 423 193 84 540 231 128
77 26 3 423 193 128 540 231 172
78 26 3 423 193 172 540 231 216
79 23 3 438 0 40 493 73 94
80 21 3 397 0 94 492 47 186
81 24 3 438 47 94 489 91 140
82 24 3 438 47 140 489 91 186
83 21 3 489 73 40 584 120 132
84 22 3 493 0 40 582 73 143
85 21 3 492 0 143 587 92 190
86 21 3 540 120 40 587 215 132
