Utilizacion 82.485731 VolCajasEmpacado 83.228208 Duracion[s] 60.058000 Iteraciones 942
0 8 0 0 0 0 92 80 38
1 8 0 92 0 0 184 80 38
2 8 0 184 0 0 276 80 38
3 8 0 0 0 38 92 80 76
4 8 0 92 0 38 184 80 76
5 8 0 184 0 38 276 80 76
6 8 0 0 0 76 92 80 114
7 8 0 92 0 76 184 80 114
8 8 0 184 0 76 276 80 114
9 8 0 0 0 114 92 80 152
10 8 0 92 0 114 184 80 152
11 8 0 184 0 114 276 80 152
12 8 0 0 0 152 92 80 190
13 8 0 92 0 152 184 80 190
14 8 0 184 0 152 276 80 190
15 4 0 0 80 0 78 195 29
16 4 0 0 80 29 78 195 58
17 4 0 0 80 58 78 195 87
18 4 0 0 80 87 78 195 116
19 4 0 0 80 116 78 195 145
20 4 0 0 80 145 78 195 174
21 4 0 0 80 174 78 195 203
22 7 0 0 195 0 84 233 52
23 7 0 0 195 52 84 233 104
24 2 0 0 0 190 45 78 217
25 2 0 45 0 190 123 45 217
26 2 0 123 0 190 201 45 217
27 2 0 201 0 190 279 45 217
28 1 0 0 195 104 102 233 131
29 3 0 78 45 190 154 102 218
30 1 0 0 195 131 102 233 158
31 1 0 0 195 158 102 233 185
32 1 0 0 195 185 102 233 212
33 6 0 78 102 0 167 136 67
34 6 0 78 136 0 167 170 67
35 2 0 78 102 67 105 180 112
36 2 0 78 102 112 105 180 157
37 2 0 78 102 157 105 180 202
38 11 0 102 180 0 179 226 54
39 11 0 102 180 54 179 226 108
40 11 0 102 180 108 179 226 162
41 11 0 102 180 162 179 226 216
42 11 0 105 102 67 159 179 113
43 11 0 105 102 113 159 179 159
44 11 0 105 102 159 159 179 205
45 3 0 154 45 190 230 102 218
46 2 0 167 102 0 245 129 45
47 2 0 167 129 0 245 156 45
48 3 0 167 102 45 224 178 73
49 3 0 167 102 73 224 178 101
50 3 0 167 102 101 224 178 129
51 3 0 167 102 129 224 178 157
52 3 0 167 102 157 224 178 185
53 3 0 167 102 185 224 178 213
54 9 0 179 178 0 224 233 39
55 9 0 179 178 39 224 233 78
56 9 0 179 178 78 224 233 117
57 9 0 179 178 117 224 233 156
58 9 0 179 178 156 224 233 195
59 7 0 224 102 45 262 186 97
60 7 0 224 102 97 262 186 149
61 7 0 224 102 149 262 186 201
62 2 0 230 45 190 308 90 217
63 1 0 224 186 0 326 224 27
64 1 0 224 186 27 326 224 54
65 1 0 224 186 54 326 224 81
66 1 0 224 186 81 326 224 108
67 1 0 224 186 108 326 224 135
68 1 0 224 186 135 326 224 162
69 1 0 224 186 162 326 224 189
70 1 0 224 186 189 326 224 216
71 9 0 262 90 0 307 129 55
72 9 0 262 129 0 307 168 55
73 9 0 262 90 55 307 129 110
74 9 0 262 129 55 307 168 110
75 9 0 262 90 110 307 129 165
76 9 0 262 129 110 307 168 165
77 9 0 262 90 165 307 129 220
78 9 0 262 129 165 307 168 220
79 10 0 279 0 0 379 40 60
80 10 0 379 0 0 479 40 60
81 10 0 479 0 0 579 40 60
82 7 0 279 0 60 363 38 112
83 7 0 363 0 60 447 38 112
84 7 0 447 0 60 531 38 112
85 7 0 279 0 112 363 38 164
86 7 0 363 0 112 447 38 164
87 7 0 447 0 112 531 38 164
88 7 0 279 0 164 363 38 216
89 7 0 363 0 164 447 38 216
90 7 0 447 0 164 531 38 216
91 6 0 307 90 0 374 179 34
92 6 0 374 90 0 441 179 34
93 6 0 441 90 0 508 179 34
94 6 0 508 90 0 575 179 34
95 6 0 307 90 34 374 179 68
96 6 0 374 90 34 441 179 68
97 6 0 441 90 34 508 179 68
98 6 0 508 90 34 575 179 68
99 6 0 307 90 68 374 179 102
100 6 0 374 90 68 441 179 102
101 6 0 441 90 68 508 179 102
102 6 0 508 90 68 575 179 102
103 4 0 307 90 102 422 168 131
104 4 0 307 90 131 422 168 160
105 4 0 307 90 160 422 168 189
106 4 0 307 90 189 422 168 218
107 10 0 308 40 0 408 80 60
108 10 0 408 40 0 508 80 60
109 10 0 308 40 60 408 80 120
110 10 0 408 40 60 508 80 120
111 10 0 308 40 120 408 80 180
112 10 0 408 40 120 508 80 180
113 2 0 308 38 180 386 83 207
114 2 0 326 179 0 404 206 45
115 2 0 326 206 0 404 233 45
116 1 0 386 38 180 488 76 207
117 3 0 422 80 102 479 156 130
118 3 0 479 80 102 536 156 130
119 3 0 422 80 130 479 156 158
120 3 0 479 80 130 536 156 158
121 3 0 422 80 158 479 156 186
122 3 0 479 80 158 536 156 186
123 3 0 422 80 186 479 156 214
124 3 0 479 80 186 536 156 214
125 5 0 326 179 45 416 228 78
126 5 0 326 179 78 416 228 111
127 5 0 326 179 111 416 228 144
128 5 0 326 179 144 416 228 177
129 5 0 326 179 177 416 228 210
130 11 0 416 179 0 462 233 77
131 11 0 462 179 0 508 233 77
132 11 0 508 179 0 554 233 77
133 11 0 416 179 77 462 233 154
134 11 0 462 179 77 508 233 154
135 11 0 508 179 77 554 233 154
136 5 0 416 168 154 506 217 187
137 5 0 416 168 187 506 217 220
138 11 0 506 156 154 552 233 208
139 11 0 531 0 60 577 77 114
140 11 0 531 0 114 577 77 168
141 11 0 531 0 168 585 77 214
142 11 0 536 77 102 582 154 156
143 11 0 536 77 156 582 154 210
