Utilizacion 83.160990 VolCajasEmpacado 84.024273 Duracion[s] 60.013000 Iteraciones 1403
0 2 0 0 0 0 79 46 63
1 2 0 0 46 0 79 92 63
2 2 0 0 92 0 79 138 63
3 2 0 0 138 0 79 184 63
4 2 0 0 184 0 79 230 63
5 2 0 0 0 63 79 46 126
6 2 0 0 46 63 79 92 126
7 2 0 0 92 63 79 138 126
8 2 0 0 138 63 79 184 126
9 2 0 0 184 63 79 230 126
10 0 0 0 0 126 72 46 153
11 0 0 0 46 126 72 92 153
12 0 0 0 92 126 72 138 153
13 0 0 0 138 126 72 184 153
14 0 0 0 184 126 72 230 153
15 2 0 0 0 153 79 46 216
16 2 0 0 46 153 79 92 216
17 2 0 0 92 153 79 138 216
18 2 0 0 138 153 79 184 216
19 4 0 0 184 153 48 233 212
20 4 0 48 184 153 96 233 212
21 1 0 79 0 0 117 95 58
22 1 0 117 0 0 155 95 58
23 1 0 155 0 0 193 95 58
24 1 0 193 0 0 231 95 58
25 1 0 231 0 0 269 95 58
26 1 0 269 0 0 307 95 58
27 1 0 307 0 0 345 95 58
28 1 0 345 0 0 383 95 58
29 1 0 383 0 0 421 95 58
30 1 0 421 0 0 459 95 58
31 1 0 459 0 0 497 95 58
32 1 0 497 0 0 535 95 58
33 1 0 535 0 0 573 95 58
34 3 0 79 0 58 126 95 137
35 3 0 79 0 137 126 95 216
36 4 0 79 95 0 128 154 48
37 4 0 79 95 48 128 154 96
38 4 0 79 95 96 128 154 144
39 4 0 79 95 144 128 154 192
40 0 0 79 95 192 125 167 219
41 4 0 96 167 0 144 226 49
42 4 0 96 167 49 144 226 98
43 4 0 96 167 98 144 226 147
44 4 0 96 167 147 144 226 196
45 0 0 126 0 58 198 46 85
46 0 0 126 46 58 198 92 85
47 3 0 126 0 85 173 95 164
48 0 0 126 0 164 198 27 210
49 0 0 126 27 164 198 54 210
50 3 0 198 0 58 293 79 105
51 3 0 293 0 58 388 79 105
52 3 0 388 0 58 483 79 105
53 3 0 483 0 58 578 79 105
54 3 0 198 0 105 293 79 152
55 3 0 293 0 105 388 79 152
56 3 0 388 0 105 483 79 152
57 3 0 483 0 105 578 79 152
58 3 0 128 95 0 223 142 79
59 3 0 128 95 79 223 142 158
60 1 0 128 95 158 223 133 216
61 3 0 144 142 0 239 221 47
62 1 0 144 142 47 239 180 105
63 5 1 126 54 164 198 81 210
64 6 1 144 142 105 239 200 143
65 6 1 144 142 143 239 200 181
66 6 1 144 142 181 239 200 219
67 9 1 198 0 152 257 48 201
68 9 1 257 0 152 316 48 201
69 9 1 316 0 152 375 48 201
70 9 1 375 0 152 434 48 201
71 9 1 434 0 152 493 48 201
72 9 1 493 0 152 552 48 201
73 5 1 198 48 152 270 94 179
74 5 1 270 48 152 342 94 179
75 5 1 342 48 152 414 94 179
76 5 1 414 48 152 486 94 179
77 5 1 486 48 152 558 94 179
78 5 1 198 48 179 270 94 206
79 5 1 270 48 179 342 94 206
80 5 1 342 48 179 414 94 206
81 5 1 414 48 179 486 94 206
82 5 1 486 48 179 558 94 206
83 5 1 144 200 47 216 227 93
84 5 1 144 200 93 216 227 139
85 5 1 144 200 139 216 227 185
86 5 1 223 95 0 295 141 27
87 5 1 558 0 152 585 72 198
88 7 1 223 95 27 302 141 90
89 7 1 223 95 90 302 141 153
90 7 1 223 95 153 302 141 216
91 7 1 239 141 0 285 204 79
92 7 1 239 141 79 302 220 125
93 7 1 239 141 125 302 220 171
94 7 1 239 141 171 302 220 217
95 8 1 302 95 0 397 142 79
96 8 1 397 95 0 492 142 79
97 8 1 492 95 0 587 142 79
98 8 1 302 142 0 397 189 79
99 8 1 397 142 0 492 189 79
100 8 1 492 142 0 587 189 79
101 8 1 302 95 79 397 142 158
102 8 1 397 95 79 492 142 158
103 8 1 492 95 79 587 142 158
104 8 1 302 142 79 397 189 158
105 8 1 397 142 79 492 189 158
106 8 1 492 142 79 587 189 158
107 5 1 302 189 0 374 216 46
108 5 1 374 189 0 446 216 46
109 5 1 446 189 0 518 216 46
110 9 1 302 94 158 351 142 217
111 7 1 302 142 158 365 221 204
112 6 1 351 94 158 446 132 216
113 6 1 365 189 46 460 227 104
114 6 1 460 189 46 555 227 104
115 6 1 365 189 104 460 227 162
116 6 1 460 189 104 555 227 162
117 6 1 365 189 162 460 227 220
118 6 1 460 189 162 555 227 220
119 6 1 365 132 158 460 170 216
120 6 1 446 94 158 541 132 216
121 6 1 460 132 158 555 170 216
