Utilizacion 83.717787 VolCajasEmpacado 84.586697 Duracion[s] 60.017000 Iteraciones 663
0 4 0 0 0 0 105 77 31
1 4 0 0 77 0 105 154 31
2 4 0 0 154 0 105 231 31
3 4 0 0 0 31 105 77 62
4 4 0 0 77 31 105 154 62
5 4 0 0 154 31 105 231 62
6 4 0 0 0 62 105 77 93
7 4 0 0 77 62 105 154 93
8 4 0 0 154 62 105 231 93
9 14 0 0 0 93 70 88 168
10 5 0 0 0 168 113 34 215
11 5 0 0 34 168 113 68 215
12 5 0 0 68 168 113 102 215
13 2 0 0 102 93 33 193 122
14 2 0 33 102 93 66 193 122
15 2 0 66 102 93 99 193 122
16 2 0 0 102 122 33 193 151
17 2 0 33 102 122 66 193 151
18 2 0 66 102 122 99 193 151
19 2 0 0 102 151 33 193 180
20 2 0 33 102 151 66 193 180
21 2 0 66 102 151 99 193 180
22 2 0 0 102 180 33 193 209
23 2 0 33 102 180 66 193 209
24 2 0 66 102 180 99 193 209
25 9 0 0 193 93 87 229 146
26 9 0 0 193 146 87 229 199
27 3 0 87 193 93 118 227 146
28 3 0 87 193 146 118 227 199
29 14 0 105 102 0 193 177 70
30 14 0 193 102 0 281 177 70
31 14 0 281 102 0 369 177 70
32 14 0 369 102 0 457 177 70
33 14 0 457 102 0 545 177 70
34 14 0 105 102 70 193 177 140
35 14 0 193 102 70 281 177 140
36 14 0 281 102 70 369 177 140
37 14 0 369 102 70 457 177 140
38 14 0 457 102 70 545 177 140
39 0 0 99 102 140 159 192 165
40 0 0 159 102 140 219 192 165
41 0 0 219 102 140 279 192 165
42 0 0 99 102 165 159 192 190
43 0 0 159 102 165 219 192 190
44 0 0 219 102 165 279 192 190
45 0 0 99 102 190 159 192 215
46 0 0 159 102 190 219 192 215
47 0 0 219 102 190 279 192 215
48 3 0 113 0 0 144 34 53
49 3 0 113 34 0 144 68 53
50 3 0 113 68 0 144 102 53
51 12 0 113 0 53 168 90 104
52 12 0 113 0 104 168 90 155
53 12 0 113 0 155 168 90 206
54 3 0 118 192 0 152 223 53
55 3 0 118 192 53 152 223 106
56 3 0 118 192 106 152 223 159
57 3 0 118 192 159 152 223 212
58 11 0 152 192 0 239 232 68
59 11 0 239 192 0 326 232 68
60 11 0 326 192 0 413 232 68
61 11 0 152 192 68 239 232 136
62 11 0 239 192 68 326 232 136
63 11 0 326 192 68 413 232 136
64 11 0 152 192 136 239 232 204
65 11 0 239 192 136 326 232 204
66 11 0 326 192 136 413 232 204
67 12 0 168 0 0 219 90 55
68 12 0 219 0 0 270 90 55
69 12 0 270 0 0 321 90 55
70 12 0 321 0 0 372 90 55
71 12 0 372 0 0 423 90 55
72 12 0 423 0 0 474 90 55
73 12 0 474 0 0 525 90 55
74 9 0 168 0 55 204 87 108
75 9 0 168 0 108 204 87 161
76 9 0 168 0 161 204 87 214
77 13 0 204 0 55 315 64 106
78 13 0 204 0 106 315 64 157
79 13 0 204 0 157 315 64 208
80 8 0 204 64 55 275 100 102
81 8 0 204 64 102 275 100 149
82 8 0 204 64 149 275 100 196
83 10 0 275 64 55 394 102 96
84 10 0 394 64 55 513 102 96
85 10 0 275 64 96 394 102 137
86 10 0 275 64 137 394 102 178
87 10 0 275 64 178 394 102 219
88 9 0 279 102 140 332 189 176
89 9 0 279 102 176 332 189 212
90 6 0 332 102 140 376 192 175
91 6 0 376 102 140 420 192 175
92 6 0 420 102 140 464 192 175
93 6 0 464 102 140 508 192 175
94 6 0 508 102 140 552 192 175
95 9 0 332 102 175 385 189 211
96 9 0 385 102 175 438 189 211
97 13 0 315 0 55 426 64 106
98 13 0 426 0 55 537 64 106
99 13 0 315 0 106 426 64 157
100 13 0 426 0 106 537 64 157
101 13 0 315 0 157 426 64 208
102 13 0 426 0 157 537 64 208
103 8 0 394 64 96 441 100 167
104 8 0 441 64 96 488 100 167
105 3 0 394 64 167 428 95 220
106 6 0 438 64 175 473 154 219
107 10 0 413 192 0 532 233 38
108 10 0 413 192 38 532 233 76
109 10 0 413 192 76 532 233 114
110 10 0 413 192 114 532 233 152
111 6 0 438 154 175 528 198 210
112 2 0 413 198 152 504 231 181
113 3 0 413 198 181 466 232 212
114 3 0 466 198 181 519 232 212
115 11 0 473 64 175 541 151 215
116 6 0 541 0 0 576 90 44
117 6 0 541 0 44 576 90 88
118 7 0 541 0 88 576 97 144
119 7 0 541 0 144 576 97 200
120 7 0 552 97 0 587 194 56
121 7 0 552 97 56 587 194 112
122 7 0 552 97 112 587 194 168
123 5 0 552 97 168 586 210 215
