Utilizacion 72.709772 VolCajasEmpacado 74.569004 Duracion[s] 60.008000 Iteraciones 3328
0 5 0 0 0 0 50 85 58
1 5 0 0 85 0 50 170 58
2 7 0 0 0 58 90 74 156
3 1 0 0 0 156 86 33 212
4 1 0 0 33 156 86 66 212
5 6 0 0 74 58 59 137 162
6 0 0 0 66 162 68 101 189
7 0 0 0 101 162 68 136 189
8 8 0 0 66 189 56 121 211
9 3 0 0 137 58 48 195 104
10 4 0 0 137 104 49 230 158
11 1 0 0 137 158 33 223 214
12 2 0 50 137 0 122 210 36
13 11 1 49 170 36 112 229 140
14 14 1 49 137 140 138 206 166
15 13 1 33 136 166 89 222 199
16 9 1 68 74 0 123 130 22
17 11 1 68 74 22 131 133 126
18 12 1 68 74 126 116 132 172
19 10 1 90 0 0 188 74 90
20 21 2 68 66 172 114 124 220
21 18 2 89 132 166 138 225 220
22 17 2 90 0 90 149 63 194
23 19 2 114 0 194 183 89 220
24 16 2 138 89 0 212 187 90
25 16 2 138 89 90 212 187 180
26 20 2 138 89 180 210 162 216
27 15 2 188 0 0 246 85 50
28 17 2 188 0 50 292 63 109
29 22 3 138 162 180 206 189 215
30 23 3 138 189 0 237 233 31
31 27 3 183 0 109 281 74 199
32 23 3 138 189 31 237 233 62
33 24 3 138 189 62 224 222 118
34 24 3 138 189 118 224 222 174
35 26 3 212 85 0 275 189 59
36 25 3 212 74 59 270 120 107
37 25 3 212 120 59 270 166 107
38 26 3 212 74 107 271 178 170
39 27 3 275 74 0 373 164 74
40 29 4 138 189 174 237 220 218
41 33 4 212 74 170 270 159 220
42 30 4 237 189 0 323 222 56
43 33 4 271 74 74 321 159 132
44 29 4 237 189 56 336 233 87
45 28 4 237 178 87 293 233 109
46 32 4 237 178 109 286 232 202
47 35 4 271 74 132 361 172 206
48 30 4 292 0 0 378 33 56
49 30 4 292 33 0 378 66 56
50 31 4 292 0 56 364 73 92
51 31 4 292 0 92 364 73 128
52 35 4 281 0 128 379 74 218
53 34 4 293 172 87 356 231 191
54 39 5 286 172 191 354 207 218
55 36 5 356 172 0 414 222 85
56 39 5 356 172 85 424 199 120
57 38 5 356 172 120 455 216 151
58 40 5 356 172 151 442 228 184
59 37 5 373 74 0 463 148 98
60 41 6 356 172 184 411 228 206
61 46 6 361 74 98 410 167 152
62 45 6 361 74 152 419 120 200
63 45 6 361 120 152 419 166 200
64 49 6 379 0 0 469 74 98
65 49 6 379 0 98 469 74 196
66 43 6 419 74 98 487 109 125
67 43 6 419 109 98 487 144 125
68 49 6 419 74 125 493 172 215
69 48 6 455 172 0 559 231 63
70 47 6 455 172 63 513 222 148
71 44 6 455 172 148 541 228 181
72 42 6 469 0 0 558 69 26
73 55 7 379 0 196 435 55 218
74 53 7 442 172 181 541 216 212
75 51 7 469 0 26 515 48 84
76 51 7 515 0 26 561 48 84
77 56 7 469 0 84 542 72 120
78 56 7 469 0 120 542 72 156
79 56 7 469 0 156 542 72 192
80 54 7 469 0 192 558 69 218
81 50 7 493 72 0 567 170 90
82 53 7 493 72 90 537 171 121
83 56 7 493 72 121 565 145 157
84 51 7 493 72 157 539 120 215
85 52 7 541 72 157 584 190 214
