Utilizacion 76.790082 VolCajasEmpacado 78.218653 Duracion[s] 60.059000 Iteraciones 1437
0 5 0 0 0 0 90 64 53
1 5 0 0 64 0 90 128 53
2 5 0 0 128 0 90 192 53
3 2 0 0 0 53 75 67 136
4 2 0 0 0 136 75 67 219
5 6 0 0 67 53 48 117 122
6 6 0 48 67 53 96 117 122
7 6 0 0 67 122 48 117 191
8 6 0 48 67 122 96 117 191
9 7 0 0 192 0 56 233 71
10 7 0 0 192 71 56 233 142
11 7 0 0 192 142 56 233 213
12 10 0 0 117 53 66 188 104
13 10 0 0 117 104 66 188 155
14 6 0 0 117 155 50 186 203
15 0 0 50 117 155 80 175 203
16 8 0 56 192 0 162 230 55
17 9 0 56 188 55 118 229 91
18 4 0 66 175 91 145 230 187
19 2 0 90 0 0 173 67 75
20 3 0 75 0 75 181 63 132
21 3 0 75 0 132 181 63 189
22 1 0 75 0 189 156 59 213
23 4 0 90 117 0 186 172 79
24 6 0 80 117 79 149 167 127
25 1 0 162 172 0 243 231 24
26 1 0 162 172 24 243 231 48
27 1 0 162 172 48 243 231 72
28 20 1 56 175 187 104 233 217
29 20 1 156 0 189 204 58 219
30 16 1 80 117 127 151 173 168
31 20 1 80 117 168 110 175 216
32 20 1 96 67 0 154 115 30
33 11 1 96 67 30 165 115 80
34 11 1 96 67 80 165 115 130
35 11 1 96 67 130 165 115 180
36 19 1 96 63 180 158 104 216
37 17 1 110 115 168 185 164 207
38 16 1 145 173 72 201 214 143
39 16 1 145 173 143 201 214 214
40 18 1 165 67 0 271 105 55
41 18 1 165 67 55 271 105 110
42 18 1 165 67 110 271 105 165
43 18 1 165 67 165 271 105 220
44 12 1 186 105 0 261 172 83
45 12 1 186 105 83 261 172 166
46 15 1 185 105 166 256 171 217
47 13 1 201 172 72 264 229 178
48 13 1 204 0 0 261 63 106
49 14 1 204 0 106 300 55 185
50 13 1 261 105 0 318 168 106
51 31 2 201 171 178 272 227 219
52 30 2 204 0 185 262 48 215
53 30 2 262 0 185 310 58 215
54 25 2 261 105 106 312 171 177
55 27 2 256 105 177 331 154 216
56 29 2 271 58 0 312 94 62
57 29 2 271 58 62 312 94 124
58 29 2 271 58 124 312 94 186
59 30 2 272 171 0 320 229 30
60 31 2 272 171 30 343 212 86
61 22 2 272 171 86 335 228 192
62 23 2 310 0 0 406 55 79
63 23 2 406 0 0 502 55 79
64 25 2 310 0 79 381 51 145
65 25 2 310 0 145 381 51 211
66 26 2 381 0 79 429 50 148
67 26 2 381 0 148 429 50 217
68 26 2 312 55 0 381 103 50
69 26 2 381 55 0 450 103 50
70 26 2 450 55 0 519 103 50
71 21 2 429 0 79 504 83 146
72 21 2 429 0 146 504 83 213
73 28 2 312 55 50 418 93 105
74 28 2 312 55 105 418 93 160
75 28 2 312 55 160 418 93 215
76 28 2 418 83 50 524 121 105
77 24 2 418 83 105 508 147 158
78 24 2 418 83 158 508 147 211
79 24 2 331 103 0 384 167 90
80 24 2 331 103 90 384 167 180
81 29 2 331 93 180 393 134 216
82 23 2 343 167 0 439 222 79
83 23 2 343 167 79 439 222 158
84 41 3 272 154 192 353 213 216
85 39 3 353 167 158 389 229 199
86 37 3 389 147 158 439 216 206
87 40 3 439 147 0 487 205 30
88 33 3 439 147 30 522 222 97
89 33 3 439 147 97 522 222 164
90 39 3 439 147 164 475 209 205
91 39 3 475 147 164 511 209 205
92 36 3 504 0 0 570 51 71
93 33 3 504 0 71 587 67 146
94 37 3 504 0 146 554 48 215
95 40 3 504 48 146 552 78 204
96 32 3 522 121 0 585 227 57
97 32 3 522 121 57 585 227 114
98 32 3 522 121 114 585 227 171
99 38 3 511 78 171 566 184 209
100 39 3 511 184 171 573 220 212
