Utilizacion 88.976850 VolCajasEmpacado 90.643826 Duracion[s] 60.006000 Iteraciones 5582
0 0 0 0 0 0 33 115 42
1 0 0 0 115 0 33 230 42
2 0 0 0 0 42 33 115 84
3 0 0 0 115 42 33 230 84
4 0 0 0 0 84 33 115 126
5 0 0 0 115 84 33 230 126
6 0 0 0 0 126 33 115 168
7 0 0 0 115 126 33 230 168
8 0 0 0 0 168 33 115 210
9 0 0 0 115 168 33 230 210
10 0 0 33 0 0 75 115 33
11 0 0 75 0 0 117 115 33
12 0 0 33 115 0 75 230 33
13 0 0 75 115 0 117 230 33
14 0 0 33 0 33 75 115 66
15 0 0 75 0 33 117 115 66
16 0 0 33 115 33 75 230 66
17 0 0 75 115 33 117 230 66
18 0 0 33 0 66 75 115 99
19 0 0 75 0 66 117 115 99
20 0 0 33 115 66 75 230 99
21 0 0 75 115 66 117 230 99
22 0 0 33 0 99 75 115 132
23 0 0 75 0 99 117 115 132
24 0 0 33 115 99 75 230 132
25 0 0 75 115 99 117 230 132
26 0 0 33 0 132 75 115 165
27 0 0 75 0 132 117 115 165
28 0 0 33 115 132 75 230 165
29 0 0 75 115 132 117 230 165
30 0 0 33 0 165 75 115 198
31 0 0 75 0 165 117 115 198
32 0 0 33 115 165 75 230 198
33 0 0 75 115 165 117 230 198
34 2 0 117 0 0 221 94 50
35 2 0 221 0 0 325 94 50
36 2 0 325 0 0 429 94 50
37 2 0 429 0 0 533 94 50
38 2 0 117 0 50 221 94 100
39 2 0 221 0 50 325 94 100
40 2 0 325 0 50 429 94 100
41 2 0 429 0 50 533 94 100
42 2 0 117 0 100 221 94 150
43 2 0 221 0 100 325 94 150
44 2 0 325 0 100 429 94 150
45 2 0 429 0 100 533 94 150
46 2 0 117 0 150 221 94 200
47 2 0 221 0 150 325 94 200
48 2 0 325 0 150 429 94 200
49 2 0 429 0 150 533 94 200
50 1 0 117 94 0 219 181 36
51 1 0 117 94 36 219 181 72
52 1 0 117 94 72 219 181 108
53 1 0 117 94 108 219 181 144
54 1 0 117 94 144 219 181 180
55 1 0 117 94 180 219 181 216
56 2 0 117 181 0 221 231 94
57 2 0 221 181 0 325 231 94
58 2 0 325 181 0 429 231 94
59 2 0 429 181 0 533 231 94
60 2 0 117 181 94 221 231 188
61 1 0 219 94 0 321 181 36
62 1 0 321 94 0 423 181 36
63 1 0 423 94 0 525 181 36
64 1 0 219 94 36 321 181 72
65 1 0 321 94 36 423 181 72
66 1 0 423 94 36 525 181 72
67 1 0 219 94 72 321 181 108
68 1 0 321 94 72 423 181 108
69 1 0 423 94 72 525 181 108
70 1 0 219 94 108 321 181 144
71 1 0 321 94 108 423 181 144
72 1 0 423 94 108 525 181 144
73 1 0 219 94 144 321 181 180
74 1 0 321 94 144 423 181 180
75 1 0 423 94 144 525 181 180
76 1 0 219 94 180 321 181 216
77 1 0 321 94 180 423 181 216
78 1 0 423 94 180 525 181 216
79 2 0 221 181 94 325 231 188
80 2 0 325 181 94 429 231 188
81 2 0 429 181 94 533 231 188
82 2 0 533 0 0 583 104 94
83 2 0 533 104 0 583 208 94
84 2 0 533 0 94 583 104 188
85 2 0 533 104 94 583 208 188
