Utilizacion 77.130359 VolCajasEmpacado 78.083992 Duracion[s] 60.006000 Iteraciones 2635
0 4 0 0 0 0 108 78 53
1 4 0 0 0 53 108 78 106
2 4 0 0 0 106 108 78 159
3 4 0 0 0 159 108 78 212
4 2 0 0 78 0 56 190 57
5 2 0 0 78 57 56 190 114
6 2 0 0 78 114 56 190 171
7 0 0 0 78 171 100 126 200
8 0 0 0 126 171 100 174 200
9 5 0 0 190 0 91 227 59
10 1 0 0 78 200 52 198 220
11 0 0 0 198 59 100 227 107
12 1 0 52 78 200 104 198 220
13 6 0 0 198 107 88 232 153
14 6 0 0 198 153 88 232 199
15 2 0 104 78 0 161 190 56
16 3 0 104 78 56 171 178 110
17 3 0 104 78 110 171 178 164
18 3 0 104 78 164 171 178 218
19 1 0 108 0 0 228 52 20
20 1 0 228 0 0 348 52 20
21 14 1 108 0 20 220 57 76
22 14 1 108 0 76 220 57 132
23 14 1 108 0 132 220 57 188
24 8 1 100 198 0 200 227 48
25 8 1 108 0 188 208 48 217
26 9 1 100 198 48 188 232 94
27 9 1 100 198 94 188 232 140
28 9 1 100 198 140 188 232 186
29 8 1 104 178 186 204 226 215
30 13 1 171 57 0 271 124 54
31 13 1 171 57 54 271 124 108
32 13 1 171 57 108 271 124 162
33 13 1 171 57 162 271 124 216
34 7 1 220 0 20 340 52 40
35 12 1 171 124 0 249 178 59
36 12 1 171 124 59 249 178 118
37 12 1 171 124 118 249 178 177
38 9 1 171 124 177 259 170 211
39 7 1 204 178 0 324 230 20
40 7 1 204 178 20 324 230 40
41 10 1 204 178 40 295 215 99
42 10 1 204 178 99 295 215 158
43 10 1 204 178 158 295 215 217
44 11 1 220 0 40 328 53 118
45 11 1 220 0 118 328 53 196
46 20 2 208 0 196 328 52 216
47 16 2 259 124 0 326 178 100
48 16 2 259 124 100 326 178 200
49 21 2 271 53 0 362 112 37
50 21 2 271 53 37 362 112 74
51 21 2 271 53 74 362 112 111
52 17 2 271 53 111 349 112 165
53 17 2 271 53 165 349 112 219
54 16 2 324 178 0 424 232 67
55 18 2 295 178 67 403 231 145
56 19 2 295 178 145 395 207 193
57 15 2 326 112 0 438 168 57
58 19 2 326 112 57 426 141 105
59 19 2 326 112 105 426 141 153
60 19 2 326 112 153 426 141 201
61 18 2 348 0 0 456 53 78
62 15 2 362 0 78 474 56 135
63 15 2 362 0 135 474 56 192
64 15 2 362 56 0 474 112 57
65 15 2 362 56 57 474 112 114
66 15 2 362 56 114 474 112 171
67 29 3 295 178 193 415 230 213
68 27 3 326 141 57 414 175 103
69 27 3 326 141 103 414 175 149
70 26 3 326 141 149 417 178 208
71 29 3 328 0 192 448 52 212
72 27 3 349 56 171 437 90 217
73 28 3 437 56 171 466 156 219
74 24 3 424 168 0 483 222 78
75 24 3 483 168 0 542 222 78
76 24 3 415 178 78 493 232 137
77 25 3 415 178 137 523 231 215
78 22 3 466 112 0 566 166 67
79 22 3 466 112 67 566 166 134
80 22 3 466 112 134 566 166 201
81 23 3 474 0 0 586 56 57
82 23 3 474 56 0 586 112 57
83 23 3 474 0 57 531 112 113
84 25 3 474 0 113 552 108 166
85 25 3 474 0 166 552 108 219
86 28 3 552 0 57 581 100 105
87 28 3 552 0 105 581 100 153
