Utilizacion 74.956121 VolCajasEmpacado 75.339488 Duracion[s] 60.017000 Iteraciones 2486
0 6 0 0 0 0 56 48 40
1 6 0 0 48 0 56 96 40
2 5 0 0 96 0 104 162 40
3 5 0 0 162 0 104 228 40
4 5 0 0 96 40 104 162 80
5 5 0 0 162 40 104 228 80
6 3 0 0 0 40 91 48 123
7 3 0 0 48 40 91 96 123
8 4 0 0 0 123 66 118 170
9 4 0 0 0 170 66 118 217
10 2 0 0 118 80 113 178 158
11 7 0 0 118 158 75 178 191
12 3 0 0 178 80 83 226 171
13 0 0 0 178 171 36 207 207
14 1 0 0 118 191 99 174 216
15 0 0 36 178 171 72 207 207
16 2 0 91 0 0 151 78 113
17 1 0 91 0 113 190 56 138
18 15 1 66 0 138 179 60 216
19 11 1 66 60 123 106 116 171
20 11 1 66 60 171 106 116 219
21 9 1 83 178 80 112 214 116
22 11 1 83 178 116 123 226 172
23 9 1 72 178 172 108 207 208
24 12 1 106 78 0 210 118 66
25 12 1 106 78 66 210 118 132
26 12 1 106 78 132 210 118 198
27 13 1 113 118 0 231 165 66
28 13 1 231 118 0 349 165 66
29 13 1 349 118 0 467 165 66
30 13 1 467 118 0 585 165 66
31 15 1 113 118 66 191 178 179
32 15 1 191 118 66 269 178 179
33 15 1 269 118 66 347 178 179
34 15 1 347 118 66 425 178 179
35 10 1 99 118 179 174 178 212
36 10 1 174 118 179 249 178 212
37 10 1 249 118 179 324 178 212
38 14 1 123 178 0 214 226 83
39 14 1 214 178 0 305 226 83
40 14 1 305 178 0 396 226 83
41 13 1 123 178 83 241 225 149
42 13 1 123 178 149 241 225 215
43 8 1 190 0 0 289 56 25
44 8 1 190 0 25 289 56 50
45 8 1 190 0 50 289 56 75
46 8 1 190 0 75 289 56 100
47 8 1 190 0 100 289 56 125
48 17 2 190 0 125 281 48 208
49 17 2 210 56 0 293 104 91
50 20 2 210 56 91 246 85 127
51 20 2 246 56 91 282 85 127
52 20 2 210 85 91 246 114 127
53 20 2 246 85 91 282 114 127
54 21 2 210 48 127 309 104 152
55 21 2 210 48 152 309 104 177
56 21 2 210 48 177 309 104 202
57 19 2 241 178 83 345 218 149
58 19 2 241 178 149 345 218 215
59 22 2 289 0 0 329 48 56
60 22 2 289 0 56 345 48 96
61 22 2 289 0 96 345 48 136
62 18 2 281 0 136 399 47 202
63 19 2 309 48 0 413 114 40
64 19 2 309 48 40 413 114 80
65 19 2 309 48 80 413 114 120
66 18 2 309 48 120 427 114 167
67 18 2 309 47 167 427 113 214
68 21 2 324 113 179 423 169 204
69 16 2 425 114 66 503 174 179
70 16 2 503 114 66 581 174 179
71 27 3 345 178 83 401 226 123
72 27 3 345 178 123 401 226 163
73 27 3 345 178 163 401 226 203
74 26 3 399 0 0 503 40 66
75 25 3 399 0 66 517 47 132
76 27 3 399 0 132 447 40 188
77 29 3 399 0 188 435 36 217
78 26 3 401 178 0 505 218 66
79 23 3 401 178 66 492 226 149
80 26 3 401 178 149 505 218 215
81 28 3 423 113 179 498 173 212
82 23 3 427 47 0 518 95 83
83 23 3 427 47 83 518 95 166
84 30 3 427 40 166 526 96 191
85 30 3 427 40 191 526 96 216
86 28 3 447 0 132 522 33 192
87 28 3 498 96 179 558 171 212
88 28 3 505 174 0 580 207 60
89 28 3 505 174 60 580 207 120
90 24 3 526 0 0 586 78 113
