Utilizacion 72.235535 VolCajasEmpacado 73.615901 Duracion[s] 60.024000 Iteraciones 2486
0 5 0 0 0 0 77 89 26
1 5 0 0 0 26 77 89 52
2 0 0 0 0 52 28 71 88
3 0 0 0 0 88 28 71 124
4 1 0 0 0 124 33 35 172
5 1 0 0 0 172 33 35 220
6 1 0 0 35 124 48 68 159
7 4 0 0 89 0 61 193 66
8 2 0 0 71 66 90 122 111
9 2 0 0 71 111 90 122 156
10 3 0 0 35 159 50 95 210
11 7 1 0 95 156 71 123 192
12 8 1 0 193 0 48 228 33
13 8 1 48 193 0 96 228 33
14 8 1 96 193 0 144 228 33
15 7 1 0 95 192 71 131 220
16 12 1 0 131 66 104 197 127
17 12 1 0 131 127 104 197 188
18 6 1 0 131 188 89 208 214
19 10 1 50 0 52 100 60 103
20 11 1 50 0 103 126 59 185
21 6 1 50 0 185 139 77 211
22 9 1 90 77 0 180 128 45
23 17 2 71 77 156 106 125 189
24 17 2 89 197 33 122 232 81
25 17 2 122 197 33 155 232 81
26 17 2 89 197 81 137 232 114
27 15 2 104 128 0 180 187 82
28 15 2 104 128 82 180 187 164
29 18 2 104 125 164 181 214 190
30 18 2 104 125 190 181 214 216
31 18 2 139 0 0 228 77 26
32 18 2 139 0 26 228 77 52
33 18 2 139 0 52 228 77 78
34 14 2 139 0 78 205 108 162
35 16 2 139 0 162 199 51 212
36 16 2 139 51 162 199 102 212
37 13 2 181 108 0 285 174 61
38 23 3 181 108 61 263 167 137
39 23 3 181 108 137 263 167 213
40 21 3 181 174 0 216 222 33
41 21 3 216 174 0 251 222 33
42 22 3 181 174 33 271 219 84
43 20 3 181 167 84 252 195 120
44 25 3 228 0 0 294 84 108
45 25 3 228 0 108 294 84 216
46 24 3 285 84 0 346 150 104
47 24 3 285 150 0 346 216 104
48 19 3 263 84 104 340 173 130
49 19 3 263 84 130 340 173 156
50 27 4 181 173 120 214 208 168
51 29 4 181 167 168 232 227 218
52 29 4 263 84 156 313 135 216
53 30 4 252 173 104 334 232 180
54 26 4 263 135 180 340 224 206
55 28 4 294 0 0 384 51 45
56 28 4 384 0 0 474 51 45
57 32 5 294 0 45 360 84 153
58 35 5 294 0 153 342 35 186
59 35 5 294 0 186 342 35 219
60 34 5 294 35 153 384 80 204
61 32 5 346 84 0 412 168 108
62 32 5 346 84 108 412 168 216
63 36 5 346 168 0 422 227 82
64 36 5 346 168 82 422 227 164
65 33 5 340 168 164 411 204 192
66 33 5 340 204 164 411 232 200
67 36 5 384 0 45 443 82 121
68 31 5 384 0 121 488 66 182
69 38 6 340 168 192 411 204 220
70 38 6 384 0 182 412 71 218
71 38 6 412 0 182 440 71 218
72 38 6 440 0 182 468 71 218
73 38 6 468 0 182 496 71 218
74 42 6 412 82 0 520 166 66
75 42 6 412 82 66 520 166 132
76 39 6 412 71 132 502 116 183
77 39 6 412 116 132 502 161 183
78 38 6 412 71 183 483 99 219
79 37 6 412 99 183 501 176 209
80 40 6 422 176 0 482 226 51
81 40 6 422 176 51 482 227 101
82 41 6 496 0 0 557 66 104
83 46 7 422 176 101 457 224 134
84 46 7 457 176 101 492 224 134
85 47 7 422 176 134 493 204 170
86 49 7 411 176 170 501 227 215
87 49 7 496 0 104 586 51 149
88 45 7 502 0 149 584 76 208
89 44 7 501 166 0 585 232 108
90 44 7 501 166 108 585 232 216
91 45 7 520 76 0 579 152 82
92 43 7 520 76 82 586 137 186
93 48 7 501 76 186 578 165 212
