Utilizacion 84.427706 VolCajasEmpacado 85.819767 Duracion[s] 60.015000 Iteraciones 2349
0 1 0 0 0 0 59 76 82
1 1 0 59 0 0 118 76 82
2 1 0 0 76 0 59 152 82
3 1 0 59 76 0 118 152 82
4 1 0 0 152 0 59 228 82
5 1 0 59 152 0 118 228 82
6 1 0 0 0 82 59 76 164
7 1 0 59 0 82 118 76 164
8 1 0 0 76 82 59 152 164
9 1 0 59 76 82 118 152 164
10 1 0 0 152 82 59 228 164
11 1 0 59 152 82 118 228 164
12 0 0 0 0 164 60 51 214
13 0 0 60 0 164 120 51 214
14 0 0 0 51 164 60 102 214
15 0 0 60 51 164 120 102 214
16 0 0 0 102 164 60 153 214
17 0 0 60 102 164 120 153 214
18 0 0 0 153 164 60 204 214
19 0 0 60 153 164 120 204 214
20 1 0 120 0 0 202 59 76
21 1 0 120 59 0 202 118 76
22 1 0 120 0 76 202 59 152
23 1 0 120 59 76 202 118 152
24 2 0 120 0 152 224 61 218
25 2 0 120 61 152 224 122 218
26 2 0 120 122 0 181 226 66
27 2 0 120 122 66 181 226 132
28 2 0 120 122 132 181 226 198
29 0 0 181 122 0 241 173 50
30 0 0 181 173 0 241 224 50
31 0 0 181 122 50 231 173 110
32 0 0 181 173 50 231 224 110
33 0 0 181 122 110 231 173 170
34 0 0 181 173 110 231 224 170
35 0 0 181 122 170 241 173 220
36 0 0 181 173 170 241 224 220
37 2 0 224 0 0 290 61 104
38 2 0 290 0 0 356 61 104
39 2 0 356 0 0 422 61 104
40 2 0 224 61 0 290 122 104
41 2 0 290 61 0 356 122 104
42 2 0 356 61 0 422 122 104
43 2 0 224 0 104 290 61 208
44 2 0 290 0 104 356 61 208
45 2 0 356 0 104 422 61 208
46 2 0 224 61 104 290 122 208
47 2 0 290 61 104 356 122 208
48 2 0 356 61 104 422 122 208
49 0 0 241 122 0 291 182 51
50 3 1 241 182 0 301 233 50
51 3 1 301 182 0 361 233 50
52 3 1 361 182 0 421 233 50
53 3 1 421 182 0 481 233 50
54 3 1 481 182 0 541 233 50
55 5 1 241 122 51 307 226 112
56 3 1 241 122 112 301 173 162
57 3 1 241 173 112 301 224 162
58 3 1 241 122 162 301 173 212
59 3 1 241 173 162 301 224 212
60 4 1 307 122 0 383 181 82
61 4 1 383 122 0 459 181 82
62 4 1 459 122 0 535 181 82
63 5 1 307 122 82 368 226 148
64 3 1 301 122 148 352 172 208
65 3 1 301 172 148 352 222 208
66 5 1 368 122 82 434 226 143
67 5 1 434 122 82 500 226 143
68 5 1 500 122 82 566 226 143
69 5 1 368 122 143 434 226 204
70 5 1 434 122 143 500 226 204
71 5 1 500 122 143 566 226 204
72 5 1 422 0 0 526 61 66
73 5 1 422 61 0 526 122 66
74 5 1 422 0 66 526 61 132
75 5 1 422 61 66 526 122 132
76 5 1 422 0 132 526 61 198
77 5 1 422 61 132 526 122 198
78 4 1 526 0 0 585 82 76
79 4 1 526 0 76 585 82 152
80 5 1 526 0 152 587 104 218
