Utilizacion 64.594521 VolCajasEmpacado 65.417479 Duracion[s] 60.008000 Iteraciones 4441
0 2 0 0 0 0 80 119 59
1 1 0 0 119 0 74 218 27
2 0 0 0 0 59 72 64 90
3 6 1 0 119 27 75 175 61
4 5 1 0 175 27 79 230 59
5 3 1 0 64 59 42 95 90
6 4 1 0 0 90 54 48 179
7 9 2 0 0 179 90 41 213
8 8 2 0 48 90 64 80 118
9 7 2 0 95 61 74 194 88
10 10 2 0 95 88 94 185 132
11 15 3 0 48 132 90 142 176
12 14 3 0 48 176 72 128 218
13 11 3 72 41 176 106 103 207
14 17 3 0 142 132 68 205 185
15 13 3 0 128 185 93 206 217
16 12 3 90 0 0 169 32 55
17 16 3 93 185 0 147 233 89
18 18 3 94 103 0 213 162 80
19 19 4 93 185 89 157 217 117
20 21 5 93 185 117 124 227 148
21 22 5 94 103 80 126 167 108
22 20 5 90 0 55 180 34 96
23 23 6 94 103 108 122 167 140
24 23 6 93 103 140 125 167 168
25 24 6 90 0 96 152 34 127
26 25 6 93 103 168 157 175 199
27 26 6 106 34 0 225 93 80
28 27 7 93 175 148 124 217 179
29 30 7 90 0 127 165 34 183
30 28 7 90 0 183 152 31 217
31 29 7 106 34 80 185 89 112
32 31 7 106 34 112 225 93 192
33 32 8 93 103 199 123 158 220
34 33 8 157 93 80 250 171 112
35 34 9 93 175 179 124 217 210
36 35 9 157 93 112 221 165 143
37 37 10 106 31 192 136 86 213
38 36 10 157 93 143 191 183 184
39 39 11 157 183 0 232 217 56
40 38 11 225 0 0 303 93 32
41 40 11 225 0 32 344 80 91
42 40 11 225 0 91 344 80 150
43 41 12 124 183 117 188 215 145
44 42 12 124 183 145 214 217 186
45 43 13 152 0 192 251 74 219
46 45 13 124 175 186 186 206 220
47 47 13 157 93 184 213 168 218
48 44 13 186 168 186 217 210 217
49 48 13 232 171 0 351 230 80
50 46 13 250 93 0 322 157 31
51 53 14 214 210 80 269 231 110
52 49 14 217 171 80 292 205 136
53 54 14 217 165 136 245 229 168
54 50 14 250 93 31 340 134 65
55 52 14 250 80 65 349 154 92
56 51 14 250 80 92 322 144 123
57 57 15 221 93 123 293 157 154
58 56 15 213 93 154 247 155 185
59 55 15 213 93 185 255 124 216
60 60 15 247 124 154 336 172 208
61 58 15 245 172 136 335 213 170
62 59 15 251 0 150 345 90 194
63 62 16 217 172 170 307 206 211
64 61 16 345 0 0 464 59 80
65 63 17 255 90 154 317 121 188
66 64 17 345 0 80 377 79 135
67 65 17 345 0 135 379 90 176
68 67 18 345 0 176 379 90 217
69 66 18 379 0 80 443 72 111
70 68 18 349 90 0 468 170 59
71 69 19 349 90 59 448 164 86
72 69 19 349 90 86 448 164 113
73 70 19 322 90 113 412 124 154
74 72 20 255 90 188 317 124 219
75 71 20 336 124 113 455 183 193
76 73 20 351 183 0 431 225 72
77 74 21 379 0 111 473 90 155
78 75 22 379 0 155 407 64 187
79 77 23 317 90 154 407 124 195
80 76 23 379 0 187 407 64 219
81 78 23 351 183 72 405 231 161
82 76 23 335 183 161 399 211 193
83 79 23 407 0 155 475 63 208
84 80 24 317 90 195 372 120 216
85 82 24 407 63 155 475 116 218
86 81 24 431 183 0 485 231 89
87 83 25 405 183 89 469 215 117
88 84 25 468 116 0 521 179 68
89 85 26 336 124 193 410 223 220
90 86 26 410 183 117 474 211 149
91 89 26 455 116 68 574 175 148
92 88 26 474 116 148 568 206 192
93 87 26 475 0 0 568 78 32
94 92 27 455 116 192 519 148 220
95 90 27 475 0 32 569 90 76
96 91 27 475 0 76 554 32 131
97 93 27 475 0 131 537 34 162
98 95 28 475 0 162 565 34 203
99 96 28 475 34 76 528 102 139
100 94 28 475 34 139 539 106 170
101 97 29 475 34 170 568 112 202
