Utilizacion 83.400834 VolCajasEmpacado 84.194703 Duracion[s] 60.049000 Iteraciones 1164
0 0 0 0 0 0 98 36 44
1 0 0 0 36 0 98 72 44
2 0 0 0 72 0 98 108 44
3 0 0 0 108 0 98 144 44
4 0 0 0 144 0 98 180 44
5 0 0 0 180 0 98 216 44
6 1 0 0 0 44 46 45 87
7 1 0 0 0 87 46 45 130
8 1 0 0 0 130 46 45 173
9 1 0 0 0 173 46 45 216
10 2 0 0 45 44 49 92 122
11 2 0 0 92 44 49 139 122
12 2 0 0 139 44 49 186 122
13 2 0 0 186 44 49 233 122
14 2 0 0 45 122 49 92 200
15 2 0 0 92 122 49 139 200
16 2 0 0 139 122 49 186 200
17 2 0 0 186 122 49 233 200
18 1 0 46 0 44 92 45 87
19 1 0 46 0 87 92 45 130
20 1 0 46 0 130 92 45 173
21 1 0 46 0 173 92 45 216
22 0 0 49 45 44 85 143 88
23 0 0 49 45 88 85 143 132
24 0 0 49 45 132 85 143 176
25 0 0 49 45 176 85 143 220
26 0 0 49 143 44 147 179 88
27 2 0 49 143 88 127 190 137
28 2 0 49 143 137 127 190 186
29 0 0 49 190 44 147 226 88
30 3 1 49 190 88 147 226 132
31 3 1 49 190 132 147 226 176
32 3 1 49 190 176 147 226 220
33 3 1 98 0 0 134 98 44
34 3 1 98 0 44 134 98 88
35 3 1 98 0 88 134 98 132
36 3 1 98 0 132 134 98 176
37 3 1 98 0 176 134 98 220
38 4 1 98 98 0 144 143 43
39 4 1 98 98 43 144 143 86
40 4 1 98 98 86 144 143 129
41 4 1 98 98 129 144 143 172
42 4 1 98 98 172 144 143 215
43 3 1 134 0 0 178 98 36
44 3 1 134 0 36 178 98 72
45 3 1 134 0 72 178 98 108
46 3 1 134 0 108 178 98 144
47 3 1 134 0 144 178 98 180
48 3 1 134 0 180 178 98 216
49 4 1 144 98 0 190 143 43
50 4 1 144 98 43 190 143 86
51 4 1 144 98 86 187 143 132
52 4 1 144 98 132 187 143 178
53 4 1 147 143 0 193 186 45
54 4 1 147 186 0 193 229 45
55 4 1 147 143 45 193 186 90
56 4 1 147 186 45 193 229 90
57 5 1 127 143 90 205 190 139
58 5 1 127 143 139 205 190 188
59 4 1 147 190 90 193 233 135
60 5 1 178 0 0 256 47 49
61 5 1 178 47 0 256 94 49
62 5 1 178 0 49 256 47 98
63 5 1 178 0 98 256 47 147
64 5 1 178 0 147 256 47 196
65 5 1 178 47 49 225 96 127
66 5 1 178 47 127 225 96 205
67 5 1 225 47 49 274 94 127
68 5 1 190 96 0 268 143 49
69 5 1 268 96 0 346 143 49
70 5 1 346 96 0 424 143 49
71 5 1 424 96 0 502 143 49
72 5 1 502 96 0 580 143 49
73 7 2 147 190 135 192 233 181
74 7 2 190 96 49 235 142 92
75 7 2 225 47 127 271 90 172
76 7 2 225 47 172 271 90 217
77 7 2 187 96 92 230 142 137
78 7 2 187 96 137 230 142 182
79 6 2 144 98 182 242 142 218
80 7 2 193 190 0 239 233 45
81 7 2 193 190 45 239 233 90
82 7 2 193 190 90 239 233 135
83 7 2 193 190 135 239 233 180
84 7 2 205 143 0 251 186 45
85 6 2 242 94 49 340 130 93
86 6 2 340 94 49 438 130 93
87 6 2 438 94 49 536 130 93
88 7 2 205 143 45 250 186 91
89 8 2 205 142 91 283 189 140
90 8 2 205 142 140 283 189 189
91 7 2 242 94 93 285 140 138
92 7 2 285 94 93 328 140 138
93 7 2 328 94 93 371 140 138
94 7 2 371 94 93 414 140 138
95 7 2 242 94 138 285 140 183
96 7 2 285 94 138 328 140 183
97 7 2 328 94 138 371 140 183
98 7 2 371 94 138 414 140 183
99 6 2 239 189 0 337 233 36
100 6 2 239 189 36 337 233 72
101 6 2 239 189 72 337 233 108
102 6 2 239 189 108 337 233 144
103 6 2 239 189 144 337 233 180
104 8 2 256 0 0 305 47 78
105 8 2 256 0 78 305 47 156
106 8 2 256 0 156 334 47 205
107 8 2 274 47 0 352 94 49
108 8 2 352 47 0 430 94 49
109 8 2 430 47 0 508 94 49
110 8 2 508 47 0 586 94 49
111 8 2 274 47 49 323 94 127
112 8 2 274 47 127 323 94 205
113 8 2 323 47 49 372 94 127
114 8 2 323 47 127 372 94 205
115 8 2 334 0 0 383 47 78
116 9 3 242 94 183 340 138 219
117 10 3 283 143 0 329 188 43
118 10 3 283 143 43 329 188 86
119 10 3 283 143 86 329 188 129
120 10 3 283 143 129 329 188 172
121 10 3 283 143 172 329 188 215
122 9 3 283 188 180 381 232 216
123 10 3 329 143 0 375 186 45
124 10 3 329 143 45 372 188 91
125 10 3 329 143 91 372 188 137
126 10 3 329 143 137 372 188 183
127 10 3 334 0 78 377 46 123
128 10 3 334 0 123 379 46 166
129 9 3 340 94 183 438 138 219
130 10 3 334 0 166 377 46 211
131 11 3 372 47 49 421 94 127
132 11 3 421 47 49 470 94 127
133 11 3 470 47 49 519 94 127
134 11 3 519 47 49 568 94 127
135 11 3 372 47 127 421 94 205
136 11 3 421 47 127 470 94 205
137 11 3 470 47 127 519 94 205
138 11 3 519 47 127 568 94 205
139 9 3 375 143 0 473 187 36
140 9 3 375 143 36 473 187 72
141 9 3 375 143 72 473 187 108
142 9 3 375 143 108 473 187 144
143 9 3 375 143 144 473 187 180
144 9 3 375 143 180 473 187 216
145 9 3 381 187 0 479 231 36
146 11 3 438 94 93 516 143 140
147 9 3 381 187 36 479 223 80
148 9 3 381 187 80 479 223 124
149 9 3 381 187 124 479 223 168
150 9 3 381 187 168 479 223 212
151 10 3 383 0 0 428 46 43
152 10 3 428 0 0 473 46 43
153 10 3 473 0 0 518 46 43
154 10 3 518 0 0 563 46 43
155 11 3 438 94 140 516 143 187
156 10 3 383 0 43 428 46 86
157 10 3 379 0 86 422 45 132
158 11 3 379 0 132 428 47 210
159 11 3 428 0 43 477 47 121
160 11 3 477 0 43 526 47 121
161 11 3 428 0 121 477 47 199
162 11 3 477 0 121 526 47 199
163 9 3 473 143 0 571 187 36
164 12 4 473 143 36 571 187 72
165 12 4 473 143 72 571 187 108
166 12 4 473 143 108 571 187 144
167 12 4 473 143 144 571 187 180
168 12 4 473 143 180 571 187 216
169 14 4 536 94 49 583 143 127
170 14 4 516 94 127 563 143 205
171 13 4 479 187 0 525 232 43
172 13 4 479 187 43 525 232 86
173 13 4 479 187 86 525 232 129
174 13 4 479 187 129 525 232 172
175 13 4 479 187 172 525 232 215
176 13 4 525 187 0 570 233 43
177 13 4 525 187 43 570 233 86
178 13 4 525 187 86 570 233 129
179 13 4 525 187 129 570 233 172
180 13 4 525 187 172 570 233 215
181 13 4 526 0 43 571 43 89
182 13 4 526 0 89 571 43 135
183 13 4 526 0 135 571 43 181
