Utilizacion 85.490927 VolCajasEmpacado 86.201879 Duracion[s] 60.028000 Iteraciones 913
0 5 0 0 0 0 52 79 36
1 5 0 0 79 0 52 158 36
2 5 0 0 0 36 52 79 72
3 5 0 0 79 36 52 158 72
4 5 0 0 0 72 52 79 108
5 5 0 0 79 72 52 158 108
6 5 0 0 0 108 52 79 144
7 5 0 0 79 108 52 158 144
8 5 0 0 0 144 52 79 180
9 5 0 0 79 144 52 158 180
10 5 0 0 0 180 52 79 216
11 5 0 0 79 180 52 158 216
12 7 0 0 158 0 99 194 63
13 7 0 0 194 0 99 230 63
14 7 0 0 158 63 99 194 126
15 7 0 0 194 63 99 230 126
16 7 0 0 158 126 99 194 189
17 7 0 0 194 126 99 230 189
18 0 0 0 158 189 63 195 210
19 0 0 0 195 189 63 232 210
20 8 0 52 0 0 163 76 41
21 8 0 52 76 0 163 152 41
22 8 0 52 0 41 163 76 82
23 8 0 52 76 41 163 152 82
24 8 0 52 0 82 163 76 123
25 8 0 52 76 82 163 152 123
26 8 0 52 0 123 163 76 164
27 8 0 52 76 123 163 152 164
28 8 0 52 0 164 163 76 205
29 8 0 52 76 164 163 152 205
30 0 0 63 152 189 126 189 210
31 0 0 63 189 189 126 226 210
32 4 0 126 152 0 221 187 44
33 4 0 221 152 0 316 187 44
34 4 0 316 152 0 411 187 44
35 4 0 126 152 44 221 187 88
36 4 0 221 152 44 316 187 88
37 4 0 316 152 44 411 187 88
38 4 0 126 152 88 221 187 132
39 4 0 221 152 88 316 187 132
40 4 0 316 152 88 411 187 132
41 4 0 126 152 132 221 187 176
42 4 0 221 152 132 316 187 176
43 4 0 316 152 132 411 187 176
44 4 0 126 152 176 221 187 220
45 4 0 221 152 176 316 187 220
46 4 0 316 152 176 411 187 220
47 0 0 126 187 0 189 208 37
48 0 0 126 208 0 189 229 37
49 2 0 126 187 37 217 220 65
50 2 0 126 187 65 217 220 93
51 2 0 126 187 93 217 220 121
52 2 0 126 187 121 217 220 149
53 2 0 126 187 149 217 220 177
54 2 0 126 187 177 217 220 205
55 7 0 163 0 0 226 99 36
56 7 0 163 0 36 226 99 72
57 7 0 163 0 72 226 99 108
58 7 0 163 0 108 226 99 144
59 7 0 163 0 144 226 99 180
60 7 0 163 0 180 226 99 216
61 7 0 163 99 0 262 135 63
62 1 0 163 99 63 188 151 99
63 1 0 163 99 99 188 151 135
64 1 0 163 99 135 188 151 171
65 1 0 163 99 171 188 151 207
66 0 0 188 99 63 251 120 100
67 0 0 188 120 63 251 141 100
68 0 0 188 99 100 251 120 137
69 0 0 188 120 100 251 141 137
70 0 0 188 99 137 251 120 174
71 0 0 188 120 137 251 141 174
72 1 0 188 99 174 224 151 199
73 0 0 188 99 199 251 136 220
74 4 0 217 187 0 312 231 35
75 6 0 217 187 35 317 223 96
76 6 0 217 187 96 317 223 157
77 6 0 217 187 157 317 223 218
78 9 0 226 0 0 295 90 55
79 9 0 295 0 0 364 90 55
80 9 0 364 0 0 433 90 55
81 9 0 433 0 0 502 90 55
82 9 0 226 0 55 295 90 110
83 9 0 295 0 55 364 90 110
84 9 0 364 0 55 433 90 110
85 9 0 433 0 55 502 90 110
86 9 0 226 0 110 295 90 165
87 9 0 295 0 110 364 90 165
88 9 0 364 0 110 433 90 165
89 9 0 433 0 110 502 90 165
90 9 0 226 0 165 295 90 220
91 9 0 295 0 165 364 90 220
92 9 0 364 0 165 433 90 220
93 9 0 433 0 165 502 90 220
94 3 0 262 90 0 359 139 30
95 3 0 262 90 30 359 139 60
96 3 0 262 90 60 359 139 90
97 3 0 262 90 90 359 139 120
98 3 0 262 90 120 359 139 150
99 3 0 262 90 150 359 139 180
100 3 0 262 90 180 359 139 210
101 8 0 317 187 0 428 228 76
102 8 0 428 187 0 539 228 76
103 8 0 317 187 76 428 228 152
104 8 0 428 187 76 539 228 152
105 2 0 317 187 152 408 220 180
106 2 0 317 187 180 408 220 208
107 1 0 359 90 0 411 115 36
108 1 0 359 115 0 411 140 36
109 1 0 359 90 36 411 115 72
110 1 0 359 115 36 411 140 72
111 1 0 359 90 72 411 115 108
112 1 0 359 115 72 411 140 108
113 1 0 359 90 108 411 115 144
114 1 0 359 115 108 411 140 144
115 1 0 359 90 144 411 115 180
116 1 0 359 115 144 411 140 180
117 1 0 359 90 180 411 115 216
118 1 0 359 115 180 411 140 216
119 2 0 408 187 152 499 215 185
120 2 0 408 187 185 499 215 218
121 2 0 411 90 0 444 181 28
122 2 0 411 90 28 444 181 56
123 2 0 411 90 56 444 181 84
124 2 0 411 90 84 444 181 112
125 3 0 411 90 112 441 187 161
126 3 0 411 90 161 441 187 210
127 6 0 444 90 0 544 151 36
128 6 0 444 90 36 544 151 72
129 6 0 444 90 72 544 151 108
130 6 0 444 90 108 544 151 144
131 6 0 444 90 144 544 151 180
132 6 0 444 90 180 544 151 216
133 6 0 444 151 0 544 187 61
134 6 0 444 151 61 544 187 122
135 6 0 444 151 122 544 187 183
136 1 0 441 151 183 493 187 208
137 1 0 493 151 183 545 176 219
138 1 0 499 187 152 551 223 177
139 1 0 499 187 177 551 212 213
140 5 0 502 0 0 581 36 52
141 5 0 502 0 52 581 36 104
142 5 0 502 0 104 581 36 156
143 5 0 502 0 156 581 36 208
144 1 0 502 36 0 527 88 36
145 1 0 502 36 36 527 88 72
146 1 0 502 36 72 527 88 108
147 1 0 502 36 108 527 88 144
148 1 0 502 36 144 527 88 180
149 1 0 502 36 180 527 88 216
150 6 0 544 36 0 580 136 61
151 3 0 544 36 61 574 133 110
152 3 0 544 36 110 574 133 159
153 3 0 544 36 159 574 133 208
154 5 0 551 136 0 587 215 52
