Utilizacion 77.439529 VolCajasEmpacado 78.285428 Duracion[s] 60.025000 Iteraciones 1732
0 4 0 0 0 0 47 75 72
1 4 0 0 0 72 47 75 144
2 4 0 0 0 144 47 75 216
3 5 0 0 75 0 40 175 39
4 5 0 0 75 39 40 175 78
5 5 0 0 75 78 40 175 117
6 5 0 0 75 117 40 175 156
7 5 0 0 75 156 40 175 195
8 0 0 0 75 195 28 111 219
9 0 0 0 111 195 28 147 219
10 0 0 0 147 195 28 183 219
11 1 0 28 75 195 48 155 220
12 3 0 0 183 0 72 231 51
13 3 0 0 183 51 72 231 102
14 3 0 0 183 102 72 231 153
15 0 0 0 183 153 36 211 177
16 0 0 0 183 177 36 211 201
17 1 0 0 211 153 80 231 178
18 7 0 47 0 0 143 72 31
19 6 0 47 0 31 132 58 66
20 6 0 47 0 66 132 58 101
21 6 0 47 0 101 132 58 136
22 6 0 47 0 136 132 58 171
23 7 0 47 0 171 143 72 202
24 2 0 48 72 0 162 166 61
25 2 0 162 72 0 276 166 61
26 2 0 276 72 0 390 166 61
27 2 0 390 72 0 504 166 61
28 2 0 48 72 61 162 166 122
29 5 0 48 72 122 87 172 162
30 5 0 48 72 162 87 172 202
31 5 0 87 72 122 127 172 161
32 5 0 87 72 161 127 172 200
33 7 0 143 0 0 239 72 31
34 8 1 0 211 178 80 231 203
35 9 1 36 175 153 64 211 177
36 9 1 36 175 177 64 211 201
37 8 1 87 72 200 167 97 220
38 9 1 127 97 122 163 125 146
39 9 1 127 97 146 163 125 170
40 9 1 127 97 170 163 125 194
41 9 1 127 97 194 163 125 218
42 9 1 72 172 0 96 200 36
43 9 1 72 172 36 96 208 64
44 9 1 72 172 64 96 208 92
45 9 1 72 172 92 96 208 120
46 15 1 96 172 0 190 233 114
47 15 1 96 172 114 210 233 208
48 13 1 162 125 61 237 172 133
49 13 1 237 125 61 312 172 133
50 13 1 312 125 61 387 172 133
51 13 1 162 125 133 237 172 205
52 13 1 237 125 133 312 172 205
53 13 1 312 125 133 387 172 205
54 14 1 143 0 31 191 72 82
55 14 1 143 0 82 191 72 133
56 14 1 143 0 133 191 72 184
57 10 1 143 0 184 239 72 215
58 12 1 167 72 61 267 112 100
59 12 1 167 72 100 267 112 139
60 12 1 167 72 139 267 112 178
61 15 1 210 172 0 304 233 114
62 11 1 210 172 114 295 230 149
63 11 1 210 172 149 295 230 184
64 11 1 210 172 184 295 230 219
65 10 1 239 0 0 335 72 31
66 10 1 335 0 0 431 72 31
67 11 1 239 0 31 324 35 89
68 22 2 163 97 178 243 122 198
69 22 2 163 97 198 243 122 218
70 21 2 167 72 178 195 96 214
71 21 2 195 72 178 223 96 214
72 21 2 223 72 178 251 96 214
73 16 2 239 0 89 333 61 203
74 23 2 267 61 61 352 119 96
75 16 2 267 61 96 381 122 190
76 16 2 304 172 0 398 233 114
77 23 2 333 0 31 418 58 66
78 23 2 333 0 66 418 58 101
79 16 2 333 0 101 447 61 195
80 16 2 381 61 61 495 122 155
81 17 2 381 61 155 453 112 203
82 18 2 387 122 61 462 169 133
83 18 2 462 122 61 537 169 133
84 18 2 387 122 133 462 169 205
85 18 2 462 122 133 537 169 205
86 16 2 398 169 0 512 230 94
87 19 2 398 169 94 498 208 134
88 18 2 295 172 114 370 219 186
89 18 2 370 172 134 442 219 209
90 20 2 504 0 0 576 96 31
91 20 2 504 0 31 576 96 62
92 20 2 504 0 62 576 96 93
93 31 3 333 0 195 413 20 220
94 31 3 333 20 195 413 40 220
95 31 3 333 40 195 413 60 220
96 30 3 413 0 195 449 28 219
97 30 3 413 28 195 449 56 219
98 31 3 442 208 94 522 233 114
99 24 3 442 169 134 490 220 206
100 25 3 449 0 93 563 61 187
101 31 3 449 0 187 529 20 212
102 29 3 453 20 187 549 92 218
103 24 3 522 169 0 573 217 72
104 24 3 522 169 72 573 217 144
105 26 3 490 169 144 562 216 219
106 26 3 537 96 0 584 168 75
107 26 3 537 96 75 584 168 150
108 28 3 549 61 150 584 146 208
