Utilizacion 71.417718 VolCajasEmpacado 72.148734 Duracion[s] 60.002000 Iteraciones 1584
0 6 0 0 0 0 52 92 58
1 6 0 0 0 58 52 92 116
2 1 0 0 92 0 42 156 26
3 1 0 0 156 0 42 220 26
4 1 0 0 92 26 42 156 52
5 1 0 0 156 26 42 220 52
6 3 0 0 92 52 54 140 86
7 3 0 0 92 86 54 140 120
8 3 0 0 92 120 54 140 154
9 3 0 0 92 154 54 140 188
10 2 0 0 140 52 49 230 85
11 2 0 0 140 85 49 230 118
12 2 0 0 140 118 49 230 151
13 2 0 0 140 151 49 230 184
14 5 0 0 0 116 46 72 165
15 0 0 0 140 184 42 196 209
16 0 0 0 0 165 56 42 190
17 0 0 0 42 165 56 84 190
18 0 0 0 84 188 42 140 213
19 1 0 0 0 190 42 64 216
20 7 0 49 140 0 141 225 21
21 4 0 49 140 21 144 202 66
22 4 0 49 140 66 144 202 111
23 4 0 49 140 111 144 202 156
24 4 0 49 140 156 144 202 201
25 0 0 49 202 21 105 227 63
26 13 1 49 202 63 113 228 105
27 13 1 49 202 105 113 228 147
28 13 1 49 202 147 113 228 189
29 13 1 54 84 0 118 126 26
30 13 1 118 84 0 182 126 26
31 9 1 54 84 26 146 136 84
32 9 1 54 84 84 146 136 142
33 9 1 54 84 142 146 136 200
34 8 1 56 0 0 112 42 25
35 8 1 112 0 0 168 42 25
36 8 1 168 0 0 224 42 25
37 10 1 56 0 25 151 45 87
38 10 1 56 0 87 151 45 149
39 10 1 56 0 149 151 45 211
40 12 1 56 45 0 146 78 49
41 12 1 56 45 49 146 78 98
42 12 1 56 45 98 146 78 147
43 11 1 56 45 147 110 79 195
44 14 1 144 136 0 236 221 21
45 14 1 236 136 0 328 221 21
46 14 1 328 136 0 420 221 21
47 14 1 420 136 0 512 221 21
48 9 1 144 136 21 202 228 73
49 10 1 144 136 73 189 231 135
50 18 2 110 45 147 174 71 189
51 18 2 113 202 135 177 228 177
52 16 2 144 136 135 193 182 207
53 16 2 146 71 26 218 117 75
54 16 2 146 71 75 218 117 124
55 17 2 146 71 124 241 133 169
56 17 2 146 71 169 241 133 214
57 20 2 151 0 25 241 33 74
58 15 2 174 0 74 226 58 166
59 19 2 202 133 21 294 218 42
60 23 3 113 202 177 177 228 219
61 23 3 151 0 166 215 42 192
62 23 3 151 0 192 215 42 218
63 22 3 174 42 166 230 67 208
64 25 3 202 133 42 297 178 104
65 25 3 202 178 42 297 223 104
66 26 3 189 182 104 238 228 176
67 24 3 177 182 176 231 230 210
68 24 3 193 133 104 247 167 152
69 24 3 193 133 152 247 167 200
70 22 3 230 33 0 286 58 42
71 27 3 238 167 104 330 225 156
72 27 3 238 167 156 330 225 208
73 21 3 241 0 42 326 92 63
74 21 3 241 0 63 326 92 84
75 21 3 241 0 84 326 92 105
76 21 3 241 0 105 326 92 126
77 21 3 241 0 126 326 92 147
78 21 3 241 0 147 326 92 168
79 21 3 241 0 168 326 92 189
80 21 3 241 0 189 326 92 210
81 21 3 326 0 0 411 92 21
82 25 3 411 0 0 456 95 62
83 26 3 326 0 21 375 72 67
84 32 4 241 95 0 295 129 48
85 32 4 295 95 0 349 129 48
86 32 4 349 95 0 403 129 48
87 32 4 403 95 0 457 129 48
88 32 4 457 95 0 511 129 48
89 28 4 326 0 67 382 42 92
90 28 4 326 0 92 382 42 117
91 33 4 241 95 48 331 128 97
92 33 4 241 95 97 331 128 146
93 34 4 241 92 146 305 118 188
94 30 4 305 92 146 354 138 218
95 30 4 326 42 67 375 88 139
96 35 4 326 0 139 411 92 160
97 35 4 326 0 160 411 92 181
98 29 4 411 0 62 463 58 154
99 31 4 330 138 21 392 233 66
100 31 4 330 138 66 392 233 111
101 40 5 326 0 181 375 90 214
102 40 5 375 0 181 424 90 214
103 39 5 330 138 111 392 233 156
104 42 5 330 138 156 378 192 190
105 42 5 330 192 156 378 226 210
106 36 5 330 138 190 386 180 215
107 36 5 354 95 48 410 120 90
108 39 5 354 92 90 449 137 152
109 39 5 354 92 152 449 137 214
110 37 5 424 0 154 482 92 206
111 38 5 449 95 48 498 141 120
112 38 5 449 95 120 498 141 192
113 36 5 392 137 21 448 179 46
114 36 5 392 179 21 448 221 46
115 37 5 392 137 46 444 229 104
116 38 5 392 137 104 441 183 176
117 41 5 386 137 176 412 201 218
118 37 5 448 141 21 500 233 79
119 45 6 392 201 104 456 227 146
120 45 6 392 201 146 456 227 188
121 44 6 412 141 176 454 197 201
122 45 6 449 92 192 513 134 218
123 46 6 454 141 79 544 190 112
124 50 6 454 141 112 512 193 204
125 50 6 512 141 112 570 193 204
126 45 6 456 193 79 520 219 121
127 46 6 456 193 121 546 226 170
128 46 6 456 193 170 546 226 219
129 46 6 482 0 0 572 49 33
130 46 6 482 0 33 572 49 66
131 47 6 482 49 0 536 83 48
132 48 6 482 0 66 577 62 111
133 48 6 482 0 111 577 62 156
134 48 6 482 0 156 577 62 201
135 44 6 482 62 48 538 87 90
136 44 6 482 62 90 538 87 132
137 44 6 482 62 132 538 87 174
138 44 6 482 62 174 538 87 216
139 49 6 513 87 0 585 136 46
140 47 6 513 87 46 561 141 80
141 50 6 513 87 80 571 139 172
142 45 6 513 87 172 577 129 198
