Utilizacion 82.366318 VolCajasEmpacado 83.522524 Duracion[s] 60.013000 Iteraciones 3205
0 2 0 0 0 0 92 39 68
1 2 0 92 0 0 184 39 68
2 2 0 184 0 0 276 39 68
3 2 0 0 39 0 92 78 68
4 2 0 92 39 0 184 78 68
5 2 0 184 39 0 276 78 68
6 2 0 0 78 0 92 117 68
7 2 0 92 78 0 184 117 68
8 2 0 184 78 0 276 117 68
9 2 0 0 117 0 92 156 68
10 2 0 92 117 0 184 156 68
11 2 0 184 117 0 276 156 68
12 2 0 0 156 0 92 195 68
13 2 0 92 156 0 184 195 68
14 2 0 184 156 0 276 195 68
15 0 0 0 195 0 56 227 28
16 0 0 0 195 28 56 227 56
17 0 0 0 195 56 56 227 84
18 0 0 0 195 84 56 227 112
19 0 0 0 195 112 56 227 140
20 0 0 0 195 140 56 227 168
21 0 0 0 195 168 56 227 196
22 0 0 0 0 68 32 56 96
23 0 0 0 56 68 32 112 96
24 0 0 0 112 68 32 168 96
25 0 0 0 0 96 32 56 124
26 0 0 0 56 96 32 112 124
27 0 0 0 112 96 32 168 124
28 0 0 0 0 124 28 56 156
29 0 0 0 0 156 28 56 188
30 2 0 0 56 124 39 148 192
31 1 0 39 0 68 129 86 97
32 1 0 39 0 97 129 86 126
33 1 0 39 0 126 129 86 155
34 1 0 39 0 155 129 86 184
35 1 0 39 0 184 129 86 213
36 1 0 39 86 68 125 176 97
37 1 0 39 86 97 125 176 126
38 1 0 39 86 126 125 176 155
39 3 1 0 86 192 56 118 220
40 3 1 0 118 192 56 150 220
41 3 1 56 86 155 112 114 187
42 3 1 56 114 155 112 142 187
43 3 1 56 142 155 112 170 187
44 3 1 56 86 187 112 114 219
45 3 1 56 114 187 112 142 219
46 3 1 56 142 187 112 170 219
47 3 1 56 176 68 112 208 96
48 3 1 56 176 96 112 208 124
49 3 1 56 176 124 112 208 152
50 3 1 56 176 152 112 208 180
51 3 1 56 176 180 112 208 208
52 3 1 112 176 68 168 204 100
53 5 1 112 176 100 204 215 168
54 5 1 125 86 68 217 125 136
55 5 1 217 86 68 309 125 136
56 5 1 125 125 68 217 164 136
57 5 1 217 125 68 309 164 136
58 5 1 125 86 136 217 125 204
59 5 1 217 86 136 309 125 204
60 5 1 125 125 136 217 164 204
61 5 1 217 125 136 309 164 204
62 5 1 112 164 168 204 232 207
63 4 1 129 0 68 219 86 97
64 4 1 129 0 97 219 86 126
65 5 1 129 0 126 221 68 165
66 5 1 129 0 165 221 68 204
67 5 1 204 164 68 296 203 136
68 4 1 221 0 68 311 86 97
69 4 1 221 0 97 311 86 126
70 4 1 221 0 126 311 86 155
71 4 1 221 0 155 311 86 184
72 6 2 204 203 0 260 231 32
73 6 2 260 203 0 316 231 32
74 6 2 316 203 0 372 231 32
75 6 2 372 203 0 428 231 32
76 6 2 428 203 0 484 231 32
77 6 2 484 203 0 540 231 32
78 7 2 221 0 184 311 86 213
79 8 2 204 164 136 296 232 175
80 8 2 204 164 175 296 232 214
81 8 2 296 164 0 388 203 68
82 8 2 296 164 68 388 203 136
83 8 2 296 164 136 388 203 204
84 8 2 309 86 0 401 125 68
85 8 2 401 86 0 493 125 68
86 8 2 493 86 0 585 125 68
87 8 2 309 86 68 401 125 136
88 8 2 401 86 68 493 125 136
89 8 2 493 86 68 585 125 136
90 8 2 309 86 136 401 125 204
91 8 2 401 86 136 493 125 204
92 8 2 493 86 136 585 125 204
93 8 2 309 125 0 401 164 68
94 8 2 309 125 68 401 164 136
95 8 2 309 125 136 401 164 204
96 7 2 311 0 0 401 86 29
97 7 2 311 0 29 401 86 58
98 7 2 311 0 58 401 86 87
99 7 2 311 0 87 401 86 116
100 7 2 311 0 116 401 86 145
101 7 2 311 0 145 401 86 174
102 7 2 311 0 174 401 86 203
103 7 2 401 0 0 491 86 29
104 9 3 296 203 32 352 231 64
105 9 3 296 203 64 352 231 96
106 9 3 296 203 96 352 231 128
107 11 3 388 164 0 480 203 68
108 11 3 388 164 68 480 203 136
109 11 3 388 164 136 480 203 204
110 11 3 401 125 0 493 164 68
111 11 3 401 125 68 493 164 136
112 11 3 401 125 136 493 164 204
113 10 3 401 0 29 491 86 58
114 10 3 401 0 58 491 86 87
115 10 3 401 0 87 491 86 116
116 10 3 401 0 116 491 86 145
117 10 3 401 0 145 491 86 174
118 10 3 401 0 174 491 86 203
119 11 3 480 164 0 572 203 68
120 11 3 480 164 68 572 203 136
121 10 3 491 0 0 581 86 29
122 10 3 491 0 29 581 86 58
123 10 3 491 0 58 581 86 87
124 10 3 491 0 87 581 86 116
125 10 3 491 0 116 581 86 145
126 12 4 296 203 128 352 231 160
127 12 4 296 203 160 352 231 192
128 12 4 352 203 32 408 231 64
129 12 4 352 203 64 408 231 96
130 12 4 352 203 96 408 231 128
131 12 4 352 203 128 408 231 160
132 12 4 352 203 160 408 231 192
133 12 4 408 203 32 464 231 64
134 14 4 480 164 136 572 232 175
135 14 4 480 164 175 572 232 214
136 13 4 491 0 145 581 86 174
137 13 4 491 0 174 581 86 203
138 14 4 493 125 0 585 164 68
139 14 4 493 125 68 585 164 136
140 14 4 493 125 136 585 164 204
