Utilizacion 80.004038 VolCajasEmpacado 81.459537 Duracion[s] 60.002000 Iteraciones 3677
0 1 0 0 0 0 85 77 62
1 1 0 0 77 0 85 154 62
2 1 0 0 154 0 85 231 62
3 0 0 0 0 62 83 45 137
4 0 0 0 45 62 83 90 137
5 0 0 0 0 137 83 45 212
6 0 0 0 45 137 83 90 212
7 2 0 0 90 62 94 153 94
8 2 0 0 153 62 94 216 94
9 0 0 0 90 94 83 165 139
10 1 0 0 90 139 85 152 216
11 2 0 0 165 94 94 197 157
12 3 1 0 152 157 94 184 220
13 3 1 0 197 94 94 229 157
14 3 1 0 197 157 94 229 220
15 4 1 85 0 0 168 45 75
16 4 1 85 45 0 168 90 75
17 5 1 83 0 75 160 85 137
18 5 1 83 0 137 160 85 199
19 4 1 94 90 0 169 135 83
20 4 1 94 135 0 169 180 83
21 4 1 94 180 0 169 225 83
22 4 1 94 85 83 169 168 128
23 4 1 85 85 128 160 130 211
24 5 1 94 130 128 171 192 213
25 3 1 94 192 83 188 224 146
26 6 2 94 192 146 188 224 209
27 7 2 168 0 0 245 85 62
28 7 2 168 0 62 245 85 124
29 7 2 168 0 124 245 85 186
30 6 2 160 0 186 223 94 218
31 6 2 169 94 0 263 126 63
32 7 2 171 94 63 256 156 140
33 7 2 171 94 140 256 156 217
34 8 3 171 156 0 265 188 63
35 8 3 171 156 63 265 188 126
36 9 3 188 188 0 263 233 83
37 9 3 188 188 83 263 233 166
38 9 3 188 156 166 271 231 211
39 9 3 245 0 0 328 45 75
40 9 3 245 45 0 328 90 75
41 10 3 245 0 75 322 85 137
42 10 3 245 0 137 322 85 199
43 10 3 263 90 0 340 152 85
44 11 4 256 85 85 350 117 148
45 11 4 256 117 85 350 149 148
46 11 4 256 85 148 350 117 211
47 11 4 256 117 148 350 149 211
48 12 4 271 152 0 316 227 83
49 12 4 271 152 83 316 227 166
50 13 4 316 152 0 378 229 85
51 13 4 378 152 0 440 229 85
52 13 4 440 152 0 502 229 85
53 11 4 328 0 0 422 63 32
54 11 4 328 0 32 422 32 95
55 16 5 271 149 166 346 232 211
56 14 5 322 0 95 416 63 127
57 15 5 322 0 127 384 85 204
58 15 5 384 0 127 446 85 204
59 16 5 346 149 85 421 232 130
60 16 5 346 149 130 421 232 175
61 16 5 346 149 175 421 232 220
62 14 5 350 85 0 444 148 32
63 14 5 444 85 0 538 148 32
64 15 5 350 85 32 435 147 109
65 14 5 350 85 109 444 117 172
66 14 5 350 117 109 444 149 172
67 17 6 350 85 172 444 148 204
68 18 6 421 149 85 504 224 130
69 18 6 421 149 130 504 224 175
70 18 6 421 149 175 504 224 220
71 17 6 444 85 32 538 148 64
72 17 6 444 85 64 538 148 96
73 17 6 444 85 96 538 148 128
74 19 6 444 85 128 521 147 213
75 21 7 446 0 0 491 83 75
76 21 7 491 0 0 536 83 75
77 21 7 536 0 0 581 83 75
78 21 7 446 0 75 491 75 158
79 21 7 446 0 158 521 83 203
80 21 7 504 148 0 587 193 75
81 22 7 504 148 75 581 233 137
82 21 7 504 147 137 579 230 182
83 20 7 538 0 75 570 94 138
84 20 7 538 0 138 570 94 201
