Utilizacion 81.971467 VolCajasEmpacado 82.522623 Duracion[s] 60.006000 Iteraciones 2010
0 2 0 0 0 0 48 46 64
1 2 0 0 46 0 48 92 64
2 2 0 0 92 0 48 138 64
3 2 0 0 138 0 48 184 64
4 2 0 0 0 64 48 46 128
5 2 0 0 46 64 48 92 128
6 2 0 0 92 64 48 138 128
7 2 0 0 138 64 48 184 128
8 2 0 0 0 128 48 46 192
9 2 0 0 46 128 48 92 192
10 2 0 0 92 128 48 138 192
11 2 0 0 138 128 48 184 192
12 0 0 0 0 192 22 79 217
13 0 0 22 0 192 44 79 217
14 0 0 0 184 0 79 209 22
15 0 0 0 184 22 79 209 44
16 0 0 0 184 44 79 209 66
17 0 0 0 184 66 79 209 88
18 0 0 0 184 88 79 209 110
19 0 0 0 184 110 79 209 132
20 0 0 0 184 132 79 209 154
21 0 0 0 184 154 79 209 176
22 0 0 0 184 176 79 209 198
23 0 0 0 184 198 79 209 220
24 2 0 48 0 0 112 48 46
25 2 0 48 48 0 112 96 46
26 1 0 48 0 46 133 89 79
27 1 0 48 0 79 133 89 112
28 1 0 48 0 112 133 89 145
29 1 0 48 0 145 133 89 178
30 1 0 48 0 178 133 89 211
31 1 0 48 96 0 137 181 33
32 1 0 48 96 33 137 181 66
33 1 0 48 96 66 137 181 99
34 1 0 48 96 99 137 181 132
35 1 0 48 96 132 137 181 165
36 1 0 48 96 165 137 181 198
37 3 1 0 209 0 79 231 25
38 3 1 0 209 25 79 231 50
39 3 1 0 209 50 79 231 75
40 3 1 0 209 75 79 231 100
41 3 1 0 209 100 79 231 125
42 3 1 0 209 125 79 231 150
43 5 1 79 181 0 125 229 64
44 5 1 125 181 0 171 229 64
45 5 1 171 181 0 217 229 64
46 5 1 217 181 0 263 229 64
47 5 1 263 181 0 309 229 64
48 5 1 309 181 0 355 229 64
49 5 1 355 181 0 401 229 64
50 5 1 401 181 0 447 229 64
51 5 1 447 181 0 493 229 64
52 5 1 493 181 0 539 229 64
53 5 1 539 181 0 585 229 64
54 5 1 79 181 64 125 229 128
55 5 1 79 181 128 125 229 192
56 5 1 125 181 64 189 229 110
57 4 1 133 0 0 218 89 33
58 4 1 218 0 0 303 89 33
59 4 1 303 0 0 388 89 33
60 4 1 388 0 0 473 89 33
61 4 1 473 0 0 558 89 33
62 4 1 133 0 33 218 89 66
63 4 1 218 0 33 303 89 66
64 4 1 303 0 33 388 89 66
65 4 1 388 0 33 473 89 66
66 4 1 473 0 33 558 89 66
67 4 1 133 0 66 218 89 99
68 4 1 218 0 66 303 89 99
69 4 1 303 0 66 388 89 99
70 4 1 388 0 66 473 89 99
71 4 1 473 0 66 558 89 99
72 6 2 79 89 198 104 168 220
73 6 2 79 181 192 158 206 214
74 6 2 104 89 198 129 168 220
75 6 2 79 206 192 158 231 214
76 7 2 133 0 99 218 89 132
77 7 2 133 0 132 218 89 165
78 7 2 133 0 165 218 89 198
79 8 2 137 89 0 201 135 48
80 8 2 137 135 0 201 181 48
81 8 2 137 89 48 201 135 96
82 8 2 137 135 48 201 181 96
83 8 2 137 89 96 201 135 144
84 8 2 137 135 96 201 181 144
85 8 2 137 89 144 201 135 192
86 8 2 137 135 144 201 181 192
87 6 2 158 0 198 237 25 220
88 6 2 158 25 198 237 50 220
89 6 2 158 50 198 237 75 220
90 6 2 158 75 198 237 100 220
91 6 2 133 0 198 158 79 220
92 6 2 133 79 198 158 158 220
93 6 2 137 158 192 216 180 217
94 6 2 158 100 192 237 122 217
95 6 2 158 122 192 237 147 214
96 8 2 158 181 110 204 229 174
97 8 2 158 181 174 222 229 220
98 7 2 222 147 64 311 232 97
99 7 2 222 147 97 311 232 130
100 7 2 222 147 130 311 232 163
101 7 2 222 147 163 311 232 196
102 8 2 237 89 0 283 137 64
103 8 2 283 89 0 329 137 64
104 8 2 329 89 0 375 137 64
105 8 2 375 89 0 421 137 64
106 8 2 421 89 0 467 137 64
107 8 2 467 89 0 513 137 64
108 8 2 513 89 0 559 137 64
109 8 2 237 89 64 301 137 110
110 7 2 237 0 99 322 89 132
111 7 2 237 0 132 322 89 165
112 7 2 237 0 165 322 89 198
113 7 2 322 0 99 411 85 132
114 9 3 216 147 196 295 172 218
115 9 3 222 172 196 301 197 218
116 9 3 222 197 196 301 222 218
117 9 3 237 89 110 316 114 132
118 9 3 237 114 110 316 139 132
119 9 3 237 89 132 316 114 154
120 9 3 237 114 132 316 139 154
121 9 3 237 89 154 316 114 176
122 9 3 237 114 154 316 139 176
123 9 3 237 89 176 316 114 198
124 9 3 237 114 176 316 139 198
125 10 3 322 0 132 411 85 165
126 10 3 322 0 165 407 89 198
127 10 3 411 0 99 500 85 132
128 10 3 311 139 64 396 228 97
129 10 3 396 139 64 481 228 97
130 10 3 481 139 64 566 228 97
131 10 3 311 139 97 396 228 130
132 10 3 396 139 97 481 228 130
133 10 3 481 139 97 566 228 130
134 10 3 311 139 130 396 228 163
135 10 3 396 139 130 481 228 163
136 10 3 481 139 130 566 228 163
137 11 3 311 139 163 357 203 211
138 11 3 357 139 163 403 203 211
139 11 3 403 139 163 449 203 211
140 11 3 449 139 163 495 203 211
141 11 3 495 139 163 541 203 211
142 11 3 541 139 163 587 203 211
143 11 3 316 89 64 380 137 110
144 11 3 316 89 110 380 137 156
145 11 3 316 89 156 380 137 202
146 11 3 380 89 64 444 137 110
147 11 3 380 89 110 444 137 156
148 11 3 380 89 156 444 137 202
149 10 3 411 0 132 496 89 165
150 10 3 411 0 165 496 89 198
151 12 4 237 0 198 316 25 220
152 12 4 237 25 198 316 50 220
153 12 4 237 50 198 316 75 220
154 12 4 311 203 163 390 228 185
155 12 4 316 0 198 341 79 220
156 12 4 341 0 198 420 25 220
157 12 4 420 0 198 499 25 220
158 12 4 341 25 198 420 50 220
159 12 4 420 25 198 499 50 220
160 12 4 341 50 198 420 75 220
161 12 4 420 50 198 499 75 220
162 12 4 311 203 185 390 225 210
163 12 4 390 203 163 469 228 185
164 14 4 444 89 64 508 137 110
165 14 4 444 89 110 508 137 156
166 14 4 444 89 156 508 137 202
167 13 4 500 0 99 585 89 132
168 14 4 508 0 132 572 46 180
169 13 4 499 0 180 584 89 213
170 14 4 508 89 64 554 137 128
171 14 4 508 89 128 554 137 192
