Utilizacion 72.219626 VolCajasEmpacado 72.896396 Duracion[s] 60.015000 Iteraciones 2066
0 5 0 0 0 0 58 91 108
1 5 0 0 91 0 58 182 108
2 6 0 0 0 108 75 80 155
3 11 0 0 0 155 42 35 186
4 11 0 0 0 186 42 35 217
5 10 0 0 182 0 109 225 33
6 10 0 0 182 33 109 225 66
7 10 0 0 182 66 109 225 99
8 12 0 0 35 155 62 109 185
9 12 0 0 35 185 62 109 215
10 8 0 0 109 108 38 171 150
11 8 0 38 109 108 76 171 150
12 9 0 0 182 99 117 232 132
13 9 0 0 182 132 117 232 165
14 4 0 0 109 150 84 182 216
15 0 0 0 182 165 119 216 193
16 5 0 75 0 0 166 108 58
17 3 0 75 0 58 186 71 131
18 13 0 75 71 58 150 101 112
19 2 0 75 0 131 153 97 213
20 7 0 153 0 131 219 95 174
21 7 0 153 0 174 219 95 217
22 6 0 84 108 0 159 155 80
23 1 0 84 101 80 180 182 105
24 29 1 0 182 193 58 225 219
25 22 1 84 101 105 179 167 148
26 22 1 84 101 148 179 167 191
27 27 1 84 97 191 180 179 219
28 20 1 119 182 0 203 230 69
29 20 1 119 182 69 203 230 138
30 14 1 119 179 138 154 210 178
31 14 1 154 179 138 189 210 178
32 14 1 119 179 178 154 210 218
33 14 1 154 179 178 189 210 218
34 17 1 180 95 0 246 179 73
35 17 1 180 95 73 246 179 146
36 23 1 180 95 146 218 157 188
37 23 1 218 95 146 256 157 188
38 25 1 180 95 188 215 137 219
39 14 1 180 137 188 215 177 219
40 24 1 203 179 0 312 212 43
41 19 1 203 179 43 318 228 111
42 19 1 203 179 111 318 228 179
43 26 1 215 95 188 277 169 218
44 28 1 189 177 179 308 205 213
45 18 1 219 0 0 277 91 108
46 18 1 219 0 108 277 91 216
47 16 1 277 0 0 350 71 111
48 21 1 277 0 111 357 47 186
49 26 1 277 0 186 351 62 216
50 15 1 277 71 0 359 168 78
51 27 1 277 71 78 359 167 106
52 41 2 189 205 179 308 233 213
53 40 2 277 71 106 359 167 134
54 40 2 277 71 134 359 167 162
55 34 2 277 62 162 385 153 220
56 36 2 318 168 0 393 215 80
57 36 2 318 168 80 393 215 160
58 39 2 318 167 160 392 229 190
59 38 2 357 0 0 392 40 31
60 37 2 357 0 31 399 62 69
61 35 2 357 0 69 441 48 138
62 43 2 357 0 138 452 43 204
63 30 2 385 62 0 502 95 50
64 30 2 385 95 0 502 128 50
65 30 2 385 128 0 502 161 50
66 31 2 385 62 50 463 159 132
67 33 2 385 48 132 458 114 216
68 32 2 393 161 0 504 232 73
69 42 2 393 114 132 489 195 157
70 34 2 393 114 157 484 222 215
71 34 2 458 0 0 566 58 91
72 44 3 452 0 91 521 48 175
73 50 3 452 0 175 561 33 218
74 56 3 458 33 175 516 59 218
75 53 3 463 59 50 538 113 80
76 50 3 463 59 80 572 102 113
77 47 3 463 59 113 578 108 181
78 51 3 458 59 181 498 90 216
79 57 3 484 195 73 519 226 115
80 52 3 498 59 181 560 133 211
81 52 3 504 133 0 578 195 30
82 52 3 504 133 30 578 195 60
83 52 3 504 133 60 578 195 90
84 52 3 504 133 90 578 195 120
85 54 3 489 133 120 585 215 148
86 54 3 489 133 148 585 215 176
87 48 3 484 133 176 579 199 219
