Utilizacion 76.553895 VolCajasEmpacado 78.090122 Duracion[s] 60.001000 Iteraciones 3185
0 0 0 0 0 0 40 85 73
1 3 0 0 85 0 54 147 73
2 3 0 0 85 73 54 147 146
3 3 0 0 85 146 54 147 219
4 4 0 0 147 0 95 222 80
5 4 0 95 147 0 190 222 80
6 5 0 0 147 80 61 222 104
7 2 0 0 147 104 93 192 174
8 1 0 0 147 174 90 210 215
9 7 1 0 0 73 40 85 146
10 7 1 0 0 146 40 85 219
11 9 1 40 0 0 133 45 70
12 9 1 40 0 70 133 45 140
13 9 1 40 0 140 133 45 210
14 7 1 40 45 0 125 85 73
15 8 1 90 192 80 180 233 143
16 8 1 90 192 143 180 233 206
17 6 1 54 45 73 115 120 97
18 13 2 40 45 97 113 78 133
19 13 2 40 45 133 113 78 169
20 13 2 40 45 169 113 78 205
21 15 2 54 78 97 144 141 138
22 15 2 54 78 138 144 141 179
23 15 2 54 78 179 144 141 220
24 11 2 93 141 80 186 186 150
25 11 2 93 141 150 186 186 220
26 10 2 133 0 0 228 75 80
27 14 2 133 0 80 208 61 104
28 10 2 133 0 104 228 75 184
29 12 2 144 75 0 188 128 57
30 11 2 188 75 0 281 145 45
31 20 3 113 45 184 186 78 220
32 17 3 144 78 57 217 140 111
33 21 3 144 78 111 219 139 135
34 21 3 144 78 135 219 139 159
35 18 3 144 78 159 188 131 216
36 16 3 219 75 45 314 150 125
37 16 3 219 75 125 314 150 205
38 16 3 190 150 0 265 230 95
39 19 3 180 186 95 265 226 168
40 22 4 133 0 184 206 33 220
41 22 4 180 186 168 253 219 204
42 25 4 228 0 0 308 75 95
43 25 4 308 0 0 388 75 95
44 23 4 228 0 95 272 53 152
45 23 4 228 0 152 272 53 209
46 24 4 265 150 0 358 195 70
47 31 5 186 150 95 259 186 128
48 31 5 186 150 128 259 186 161
49 29 5 265 150 70 322 203 114
50 29 5 265 150 114 322 194 167
51 29 5 265 150 167 322 194 220
52 32 5 272 0 95 333 75 119
53 26 5 272 0 119 367 75 199
54 27 5 314 75 0 387 129 62
55 28 5 314 75 62 407 145 107
56 30 5 314 75 107 399 115 180
57 33 5 322 115 107 412 156 170
58 35 6 314 115 170 387 148 206
59 38 6 322 156 70 384 229 124
60 38 6 322 156 124 384 229 178
61 34 6 322 148 178 397 209 202
62 39 6 388 0 0 468 75 95
63 37 6 397 156 0 490 226 45
64 39 6 397 156 45 492 231 125
65 39 6 397 156 125 492 231 205
66 34 6 407 0 95 468 75 119
67 34 6 407 0 119 468 75 143
68 37 6 367 0 143 460 70 188
69 36 6 407 75 0 492 115 73
70 45 7 367 0 188 442 61 212
71 44 7 407 75 73 492 115 146
72 42 7 399 70 146 492 115 216
73 43 7 412 115 0 502 156 63
74 43 7 412 115 63 502 156 126
75 43 7 412 115 126 502 156 189
76 46 7 468 0 0 525 53 44
77 46 7 525 0 0 582 53 44
78 42 7 468 0 44 561 70 89
79 43 7 468 0 89 558 63 130
80 43 7 468 0 130 558 63 171
81 43 7 468 0 171 558 63 212
82 41 7 492 156 0 554 229 54
83 40 7 492 156 54 572 231 149
84 41 7 492 156 149 546 229 211
85 52 8 492 70 0 577 110 73
86 52 8 492 70 73 577 110 146
87 52 8 492 70 146 577 110 219
88 50 8 502 110 0 555 154 57
89 53 8 502 110 57 575 146 90
