Utilizacion 77.204607 VolCajasEmpacado 77.409979 Duracion[s] 60.059000 Iteraciones 1064
0 2 0 0 0 0 69 84 103
1 2 0 0 0 103 69 84 206
2 7 0 0 84 0 81 124 56
3 7 0 0 124 0 81 164 56
4 7 0 0 84 56 81 124 112
5 7 0 0 124 56 81 164 112
6 7 0 0 84 112 81 124 168
7 7 0 0 124 112 81 164 168
8 13 0 0 164 0 119 198 25
9 13 0 0 198 0 119 232 25
10 13 0 0 164 25 119 198 50
11 13 0 0 198 25 119 232 50
12 13 0 0 164 50 119 198 75
13 13 0 0 198 50 119 232 75
14 13 0 0 164 75 119 198 100
15 13 0 0 198 75 119 232 100
16 12 0 0 84 168 35 150 194
17 12 0 35 84 168 70 150 194
18 12 0 0 84 194 35 150 220
19 12 0 35 84 194 70 150 220
20 8 0 0 164 100 39 223 160
21 8 0 0 164 160 39 223 220
22 1 0 39 150 168 108 170 200
23 1 0 39 150 200 108 182 220
24 10 0 39 182 100 79 214 160
25 10 0 39 182 160 79 214 220
26 6 0 69 0 0 176 42 61
27 6 0 69 42 0 176 84 61
28 2 0 69 0 61 172 84 130
29 2 0 69 0 130 172 84 199
30 1 0 69 0 199 138 32 219
31 1 0 69 32 199 138 64 219
32 11 0 79 182 100 109 216 140
33 10 0 79 182 140 111 222 200
34 3 0 81 84 0 156 139 98
35 3 0 81 84 98 156 139 196
36 0 0 70 84 196 158 126 216
37 4 0 119 139 0 214 186 77
38 4 0 119 186 0 214 233 77
39 4 0 119 139 77 214 186 154
40 4 0 119 186 77 214 233 154
41 0 0 108 139 154 196 181 174
42 0 0 108 139 174 196 181 194
43 0 0 108 139 194 196 181 214
44 11 0 111 181 154 141 221 188
45 8 0 141 181 154 201 220 213
46 3 0 158 84 0 233 139 98
47 3 0 158 84 98 233 139 196
48 0 0 158 84 196 246 126 216
49 7 0 176 0 0 232 81 40
50 7 0 176 0 40 232 81 80
51 6 0 172 0 80 279 61 122
52 6 0 172 0 122 279 61 164
53 6 0 172 0 164 279 61 206
54 9 0 214 139 0 277 217 38
55 9 0 214 139 38 277 217 76
56 9 0 214 139 76 277 217 114
57 9 0 214 139 114 277 217 152
58 9 0 214 139 152 277 217 190
59 0 0 196 139 190 284 181 210
60 0 0 201 181 190 289 223 210
61 3 0 246 61 0 344 136 55
62 3 0 246 61 55 344 136 110
63 3 0 246 61 110 344 136 165
64 3 0 246 61 165 344 136 220
65 8 0 279 0 0 339 59 39
66 8 0 279 0 39 339 59 78
67 5 0 279 0 78 376 45 144
68 14 0 289 136 0 397 221 20
69 2 0 289 136 20 358 220 123
70 2 0 289 136 123 392 220 192
71 14 0 289 136 192 397 221 212
72 2 0 344 45 0 413 129 103
73 2 0 413 45 0 482 129 103
74 24 1 279 0 144 313 30 184
75 24 1 279 30 144 313 60 184
76 23 1 279 0 184 319 60 216
77 21 1 319 0 144 358 60 203
78 29 1 344 60 103 376 129 123
79 29 1 344 60 123 376 129 143
80 29 1 344 60 143 376 129 163
81 29 1 344 60 163 376 129 183
82 29 1 344 60 183 376 129 203
83 23 1 358 0 144 390 60 184
84 24 1 358 0 184 398 30 218
85 24 1 358 30 184 398 60 218
86 22 1 376 60 103 454 98 166
87 22 1 376 98 103 454 136 166
88 29 1 376 60 166 408 129 186
89 29 1 376 60 186 408 129 206
90 18 1 454 0 103 499 97 169
91 26 1 398 0 169 517 34 194
92 26 1 398 0 194 517 34 219
93 17 1 397 136 0 474 231 47
94 17 1 474 136 0 551 231 47
95 17 1 397 136 47 474 231 94
96 17 1 474 136 47 551 231 94
97 17 1 397 136 94 474 231 141
98 17 1 474 136 94 551 231 141
99 17 1 397 136 141 474 231 188
100 17 1 474 136 141 551 231 188
101 23 1 397 129 188 457 169 220
102 23 1 397 169 188 457 209 220
103 29 1 397 209 188 466 229 220
104 25 1 408 34 166 443 100 192
105 25 1 408 34 192 443 100 218
106 17 1 443 34 169 520 129 216
107 24 1 457 129 188 491 169 218
108 28 1 466 169 188 554 211 208
109 20 1 520 0 0 560 81 56
110 18 1 520 0 56 586 97 101
111 18 1 520 0 101 586 97 146
112 18 1 520 0 146 586 97 191
113 28 1 520 0 191 562 88 211
114 21 1 520 97 0 579 136 60
115 21 1 520 97 60 579 136 120
116 21 1 520 97 120 579 136 180
