Utilizacion 81.689965 VolCajasEmpacado 82.472169 Duracion[s] 60.008000 Iteraciones 1237
0 6 0 0 0 0 81 47 54
1 6 0 0 47 0 81 94 54
2 6 0 0 94 0 81 141 54
3 6 0 0 141 0 81 188 54
4 6 0 0 0 54 81 47 108
5 6 0 0 47 54 81 94 108
6 6 0 0 94 54 81 141 108
7 6 0 0 141 54 81 188 108
8 6 0 0 0 108 81 47 162
9 6 0 0 47 108 81 94 162
10 6 0 0 94 108 81 141 162
11 6 0 0 141 108 81 188 162
12 6 0 0 0 162 81 47 216
13 6 0 0 47 162 81 94 216
14 6 0 0 94 162 81 141 216
15 6 0 0 141 162 81 188 216
16 2 0 0 188 0 86 213 34
17 2 0 0 188 34 86 222 59
18 2 0 0 188 59 86 222 84
19 2 0 0 188 84 86 222 109
20 2 0 0 188 109 86 222 134
21 2 0 0 188 134 86 222 159
22 2 0 0 188 159 86 222 184
23 2 0 0 188 184 86 222 209
24 0 0 81 0 0 137 57 22
25 0 0 81 0 22 137 57 44
26 0 0 81 0 44 137 57 66
27 0 0 81 0 66 137 57 88
28 0 0 81 0 88 137 57 110
29 0 0 81 0 110 137 57 132
30 0 0 81 0 132 137 57 154
31 0 0 81 0 154 137 57 176
32 0 0 81 0 176 137 57 198
33 0 0 81 0 198 137 57 220
34 5 0 81 57 0 133 97 68
35 5 0 133 57 0 185 97 68
36 5 0 185 57 0 237 97 68
37 5 0 237 57 0 289 97 68
38 5 0 289 57 0 341 97 68
39 5 0 81 57 68 133 97 136
40 5 0 133 57 68 185 97 136
41 5 0 185 57 68 237 97 136
42 5 0 237 57 68 289 97 136
43 5 0 289 57 68 341 97 136
44 5 0 81 57 136 133 97 204
45 5 0 133 57 136 185 97 204
46 5 0 185 57 136 237 97 204
47 5 0 237 57 136 289 97 204
48 5 0 289 57 136 341 97 204
49 1 0 81 97 0 180 165 23
50 1 0 81 97 23 180 165 46
51 1 0 81 97 46 180 165 69
52 1 0 81 97 69 180 165 92
53 1 0 81 97 92 180 165 115
54 1 0 81 97 115 180 165 138
55 1 0 81 97 138 180 165 161
56 1 0 81 97 161 180 165 184
57 1 0 81 97 184 180 165 207
58 1 0 86 165 0 185 233 23
59 1 0 86 165 23 185 233 46
60 1 0 86 165 46 185 233 69
61 1 0 86 165 69 185 233 92
62 1 0 86 165 92 185 233 115
63 1 0 86 165 115 185 233 138
64 3 0 86 165 138 140 192 184
65 3 0 86 192 138 140 219 184
66 4 0 86 165 184 181 230 218
67 3 0 137 0 0 164 54 46
68 3 0 137 0 46 191 46 73
69 3 0 137 0 73 191 46 100
70 3 0 137 0 100 191 46 127
71 6 0 137 0 127 218 54 174
72 0 0 137 0 174 194 56 196
73 4 0 180 97 0 275 131 65
74 4 0 180 131 0 275 165 65
75 4 0 180 97 65 275 131 130
76 4 0 180 131 65 275 165 130
77 4 0 180 97 130 275 131 195
78 4 0 180 131 130 275 165 195
79 4 0 185 165 0 280 230 34
80 7 0 185 165 34 286 226 100
81 4 0 185 165 100 280 199 165
82 4 0 185 199 100 280 233 165
83 4 0 181 165 165 276 230 199
84 4 0 218 0 0 313 34 65
85 4 0 218 0 65 313 34 130
86 7 0 275 97 0 376 158 66
87 7 0 275 97 66 376 158 132
88 7 0 275 97 132 376 158 198
89 7 0 286 158 0 387 224 61
90 7 0 387 158 0 488 224 61
91 7 0 286 158 61 387 219 127
92 7 0 387 158 61 488 219 127
93 7 0 280 158 127 381 224 188
94 8 1 276 97 198 332 154 220
95 8 1 137 0 196 193 57 218
96 11 1 194 0 174 240 54 201
97 8 1 332 97 198 388 154 220
98 8 1 276 158 188 332 215 210
99 11 1 240 0 130 286 54 157
100 11 1 240 0 157 286 54 184
101 11 1 240 0 184 286 54 211
102 14 1 286 0 130 333 54 211
103 10 1 332 158 188 418 192 213
104 10 1 332 192 188 418 226 213
105 8 1 333 0 0 389 57 22
106 8 1 333 0 22 389 57 44
107 8 1 333 0 44 389 57 66
108 8 1 333 0 66 389 57 88
109 8 1 333 0 88 389 57 110
110 8 1 333 0 110 389 57 132
111 8 1 333 0 132 389 57 154
112 8 1 333 0 154 389 57 176
113 8 1 333 0 176 389 57 198
114 8 1 333 0 198 389 57 220
115 13 1 341 57 0 409 97 52
116 13 1 409 57 0 477 97 52
117 13 1 341 57 52 409 97 104
118 13 1 409 57 52 477 97 104
119 13 1 341 57 104 409 97 156
120 13 1 409 57 104 477 97 156
121 13 1 341 57 156 409 97 208
122 13 1 409 57 156 477 97 208
123 15 1 388 97 0 454 158 101
124 15 1 454 97 0 520 158 101
125 15 1 520 97 0 586 158 101
126 15 1 388 97 101 489 158 167
127 11 1 388 97 167 442 143 194
128 11 1 442 97 167 496 143 194
129 10 1 388 97 194 474 131 219
130 14 1 389 0 0 470 47 54
131 14 1 389 0 54 470 47 108
132 14 1 389 0 108 470 47 162
133 14 1 389 0 162 470 47 216
134 15 1 418 158 127 519 224 188
135 10 1 418 143 188 452 229 213
136 11 1 452 143 188 506 189 215
137 10 1 452 189 188 538 223 213
138 14 1 470 0 0 517 54 81
139 14 1 517 0 0 564 54 81
140 14 1 470 0 81 517 54 162
141 14 1 517 0 81 564 54 162
142 10 1 470 0 162 556 34 187
143 10 1 470 0 187 556 34 212
144 11 1 477 34 162 531 61 208
145 11 1 531 34 162 585 61 208
146 11 1 477 61 0 531 88 46
147 12 1 477 61 46 572 95 111
148 12 1 477 61 111 572 95 176
149 11 1 496 61 176 550 107 203
150 11 1 496 107 101 550 134 147
151 14 1 506 107 147 587 154 201
152 14 1 538 158 0 585 212 81
153 14 1 538 158 81 585 212 162
154 13 1 538 154 162 578 222 214
