Utilizacion 70.627705 VolCajasEmpacado 70.961850 Duracion[s] 60.002000 Iteraciones 4988
0 0 0 0 0 0 101 66 61
1 1 0 0 0 61 99 68 84
2 1 0 0 0 84 99 68 107
3 3 1 0 0 107 99 68 130
4 2 1 0 0 130 61 101 196
5 6 2 0 0 196 68 99 219
6 4 2 68 0 130 120 68 170
7 4 2 68 0 170 120 68 210
8 5 2 0 101 0 66 202 61
9 5 2 0 101 61 66 162 162
10 5 2 0 162 61 66 223 162
11 4 2 0 101 162 40 169 214
12 6 2 66 99 0 134 198 23
13 7 3 66 99 23 134 198 46
14 8 4 0 169 162 68 209 214
15 8 4 40 101 162 80 169 214
16 10 5 68 169 46 136 221 86
17 11 5 68 169 86 169 230 152
18 11 5 68 169 152 169 230 218
19 9 5 80 68 46 148 167 69
20 12 6 80 68 69 141 169 135
21 13 6 80 68 135 148 167 158
22 14 7 80 68 158 148 167 181
23 15 8 80 68 181 179 136 204
24 16 8 120 0 0 160 52 68
25 16 8 160 0 0 200 52 68
26 18 9 120 0 68 172 68 108
27 17 9 120 0 108 219 68 131
28 17 9 120 0 131 219 68 154
29 19 10 120 0 154 219 68 177
30 20 10 120 0 177 188 52 217
31 20 10 169 136 0 221 176 68
32 22 11 169 136 68 221 176 136
33 22 11 169 136 136 221 176 204
34 21 11 179 68 0 280 134 61
35 24 12 169 176 0 237 228 40
36 23 12 179 68 61 278 136 84
37 25 13 188 0 177 240 68 217
38 26 13 179 68 84 280 134 145
39 27 14 169 176 40 237 228 80
40 27 14 169 176 80 237 228 120
41 28 15 179 68 145 278 136 168
42 28 15 179 68 168 278 136 191
43 30 16 169 176 120 209 228 188
44 29 16 179 68 191 278 136 214
45 30 16 209 176 120 261 216 188
46 29 16 240 0 0 339 68 23
47 29 16 240 0 23 339 68 46
48 31 17 240 0 46 339 68 69
49 32 18 221 136 0 289 176 52
50 32 18 221 136 52 289 176 104
51 33 19 221 136 104 289 176 156
52 33 19 221 136 156 289 176 208
53 34 19 240 0 69 306 61 170
54 34 19 306 0 69 372 61 170
55 35 20 240 0 170 339 68 193
56 35 20 240 0 193 339 68 216
57 36 20 261 176 0 329 216 52
58 37 20 280 68 0 341 134 101
59 39 21 261 176 52 301 228 120
60 40 21 280 68 101 341 134 202
61 38 21 329 134 0 397 233 23
62 40 21 329 134 23 430 200 84
63 43 22 339 0 170 391 68 210
64 41 22 301 134 84 402 200 145
65 42 22 289 134 145 357 233 168
66 41 22 341 68 0 442 134 61
67 45 23 261 176 168 329 216 220
68 44 23 341 68 61 407 129 162
69 47 24 289 134 168 357 174 220
70 47 24 341 68 162 409 108 214
71 46 24 357 129 145 425 228 168
72 48 25 357 108 168 456 176 191
73 49 25 391 0 0 492 66 61
74 49 25 391 0 61 492 66 122
75 51 26 329 176 168 397 228 208
76 50 26 357 108 191 456 176 214
77 51 26 391 0 122 443 68 162
78 52 26 443 0 122 509 101 183
79 54 27 409 0 183 508 68 206
80 53 27 456 101 0 557 162 66
81 55 28 456 101 66 555 169 89
82 55 28 456 101 89 555 169 112
83 57 29 430 176 0 470 228 68
84 56 29 456 101 112 555 169 135
85 56 29 456 101 135 555 169 158
86 58 30 456 101 158 557 167 219
87 59 31 509 0 0 577 99 23
88 59 31 509 0 23 577 99 46
89 61 32 430 176 68 470 228 136
90 61 32 425 176 136 465 228 204
91 62 32 470 169 0 571 230 66
92 62 32 470 169 66 571 230 132
93 60 32 509 0 46 577 99 69
94 60 32 509 0 69 577 99 92
95 63 33 470 169 132 571 230 198
96 64 33 509 0 92 549 52 160
97 65 33 509 0 160 577 99 183
