Utilizacion 64.769618 VolCajasEmpacado 65.494705 Duracion[s] 60.003000 Iteraciones 5752
0 1 0 0 0 0 37 118 38
1 1 0 37 0 0 74 118 38
2 1 0 74 0 0 111 118 38
3 2 0 0 0 38 50 100 111
4 2 0 0 0 111 50 100 184
5 3 0 0 118 0 82 193 39
6 0 0 0 193 0 76 231 38
7 4 1 0 100 39 38 176 77
8 6 2 0 193 38 82 232 113
9 6 2 0 193 113 82 232 188
10 7 2 50 0 38 100 100 111
11 5 2 50 0 111 87 118 149
12 9 3 50 0 149 92 118 203
13 8 3 38 118 39 120 157 114
14 9 3 0 118 114 118 172 156
15 10 4 0 118 156 100 152 212
16 11 4 0 152 156 75 188 214
17 13 5 75 152 156 150 188 214
18 12 5 82 188 0 182 222 56
19 12 5 82 188 56 182 222 112
20 14 6 82 188 112 200 226 149
21 15 7 82 188 149 200 230 203
22 18 7 111 0 0 206 112 20
23 18 7 111 0 20 206 112 40
24 16 7 100 0 40 200 73 90
25 17 7 100 0 90 138 76 128
26 19 8 92 0 128 176 44 204
27 19 8 92 44 128 176 88 204
28 20 9 120 112 0 196 150 38
29 21 9 120 88 40 204 132 116
30 21 9 120 88 116 204 132 192
31 22 10 150 150 0 250 184 56
32 23 10 150 132 56 234 176 132
33 25 11 150 132 132 226 170 170
34 24 11 176 0 90 212 75 148
35 28 12 150 132 170 226 183 211
36 26 12 176 0 148 212 75 206
37 28 12 200 184 0 276 225 51
38 29 12 200 184 51 284 228 127
39 27 12 200 183 127 282 222 202
40 32 13 206 75 0 306 131 34
41 31 13 206 75 34 306 125 107
42 33 13 204 75 107 322 113 144
43 30 13 284 131 0 396 226 20
44 35 14 204 75 144 304 109 200
45 34 14 284 131 20 396 226 40
46 36 15 212 0 0 288 51 41
47 37 15 212 0 41 312 73 91
48 39 16 212 0 91 312 73 141
49 38 16 212 0 141 248 75 199
50 40 17 248 0 141 323 58 177
51 41 17 248 0 177 330 75 216
52 42 17 250 125 40 350 175 113
53 43 18 234 113 113 334 169 147
54 44 18 226 109 147 344 146 185
55 47 19 282 146 147 358 184 185
56 46 19 330 0 0 430 50 73
57 45 19 330 0 73 442 95 93
58 48 20 284 184 40 335 225 116
59 49 20 330 0 93 448 42 147
60 50 21 226 109 185 326 165 219
61 50 21 284 184 116 384 218 172
62 50 21 330 0 147 430 34 203
63 51 21 330 42 93 406 93 134
64 52 22 330 42 134 448 84 188
65 53 23 282 184 172 400 221 210
66 54 23 358 95 40 399 171 91
67 53 23 399 95 0 517 133 37
68 55 23 399 133 0 499 183 73
69 58 24 330 34 188 442 129 208
70 56 24 358 129 91 399 180 167
71 57 24 399 129 73 517 167 110
72 61 25 399 129 110 517 171 164
73 61 25 399 129 164 517 171 218
74 62 25 442 84 37 526 128 113
75 59 25 442 84 113 524 123 188
76 60 25 400 183 0 500 233 73
77 65 26 448 0 0 524 84 44
78 65 26 448 0 44 524 84 88
79 63 26 448 0 88 523 82 127
80 64 26 448 0 127 499 76 168
81 66 26 448 0 168 548 73 218
82 67 27 500 171 0 576 215 84
83 68 27 400 171 73 500 221 146
84 69 28 400 171 146 518 225 188
85 70 29 548 0 0 586 118 37
