Utilizacion 68.777366 VolCajasEmpacado 69.269434 Duracion[s] 60.007000 Iteraciones 5010
0 0 0 0 0 0 42 82 69
1 2 0 0 0 69 69 69 150
2 1 0 0 82 0 20 180 33
3 5 1 0 0 150 81 69 219
4 3 1 0 82 33 33 180 53
5 4 1 0 82 53 42 151 135
6 6 2 0 180 0 98 213 20
7 7 2 0 69 135 69 111 217
8 10 3 0 180 20 76 230 55
9 9 3 0 151 55 69 233 97
10 8 3 0 151 97 66 228 194
11 11 4 42 111 0 128 145 56
12 12 4 76 145 20 118 227 89
13 13 5 0 111 194 42 220 216
14 14 5 42 111 56 128 145 112
15 15 5 66 111 112 135 153 194
16 16 5 69 153 89 150 222 158
17 19 6 42 111 194 84 220 216
18 19 6 69 69 0 178 91 42
19 17 6 69 69 42 167 89 75
20 17 6 69 91 0 167 111 33
21 17 6 69 91 33 167 111 66
22 18 6 69 69 75 155 103 131
23 20 7 84 153 158 193 206 182
24 21 7 69 69 131 155 103 187
25 22 8 81 0 0 162 69 69
26 23 9 81 0 69 162 69 138
27 24 10 69 69 187 178 111 209
28 25 10 84 153 182 193 206 206
29 28 11 81 0 138 178 66 215
30 27 11 135 111 0 221 145 56
31 26 11 178 0 0 287 53 24
32 29 12 84 206 158 193 228 200
33 32 13 135 111 56 221 145 112
34 30 13 178 53 0 287 106 24
35 31 13 178 0 24 244 77 121
36 33 14 135 111 112 211 146 162
37 34 15 135 111 162 211 146 212
38 35 15 178 0 121 220 69 203
39 37 16 193 146 0 262 227 69
40 36 16 193 146 69 259 223 166
41 40 17 193 146 166 262 228 208
42 38 17 178 77 24 287 99 66
43 41 17 244 0 24 325 69 93
44 39 17 244 0 93 297 109 117
45 43 18 220 0 121 262 82 190
46 42 18 211 82 117 297 116 173
47 44 18 262 0 117 328 77 214
48 45 19 178 82 173 287 104 215
49 46 19 262 116 0 312 192 35
50 47 20 211 104 173 309 124 206
51 49 20 262 124 35 328 221 112
52 48 20 262 124 112 338 159 162
53 48 20 262 159 112 338 194 162
54 48 20 262 194 112 338 229 162
55 50 20 328 0 0 397 81 69
56 52 21 262 124 162 338 159 212
57 52 21 262 159 162 338 194 212
58 51 21 262 194 162 360 227 182
59 53 22 297 81 0 406 103 42
60 54 22 328 0 69 384 86 103
61 55 22 328 0 103 378 76 138
62 56 23 309 86 42 395 120 98
63 57 23 309 86 98 385 121 148
64 58 24 328 0 138 425 77 204
65 59 25 338 77 148 407 158 217
66 60 26 262 194 182 360 227 202
67 63 26 338 158 0 424 192 56
68 62 26 360 158 56 469 211 80
69 61 26 360 158 80 441 227 149
70 64 27 338 158 149 436 191 169
71 64 27 338 158 169 436 191 189
72 65 28 360 158 189 469 200 211
73 67 28 407 77 0 504 143 77
74 66 28 407 77 77 489 119 146
75 66 28 407 77 146 489 119 215
76 68 28 425 0 0 494 69 81
77 68 28 425 0 81 494 69 162
78 69 29 360 200 149 458 233 169
79 71 29 425 0 162 475 76 197
80 71 29 475 0 162 510 76 212
81 70 29 469 143 0 578 196 24
82 74 30 360 200 169 469 222 211
83 73 30 407 119 77 493 153 133
84 72 30 469 153 24 566 230 90
85 75 31 407 119 133 493 153 189
86 77 31 469 153 90 535 230 187
87 76 31 504 76 0 586 118 69
88 76 31 504 76 69 586 118 138
89 78 32 469 153 187 578 206 211
90 79 32 493 76 138 562 145 219
91 79 32 510 0 0 579 69 81
92 80 33 469 206 187 567 226 220
93 84 33 510 0 81 587 66 178
94 83 33 510 0 178 586 50 213
