Utilizacion 71.024745 VolCajasEmpacado 72.003226 Duracion[s] 60.017000 Iteraciones 2571
0 2 0 0 0 0 73 72 36
1 2 0 0 72 0 73 144 36
2 2 0 0 144 0 73 216 36
3 6 0 0 0 36 58 50 121
4 6 0 0 0 121 58 50 206
5 7 0 0 50 36 74 148 126
6 0 0 0 148 36 27 216 71
7 0 0 0 148 71 27 216 106
8 4 0 0 50 126 48 108 172
9 1 0 0 50 172 86 106 205
10 5 0 0 108 126 54 157 219
11 8 0 27 157 36 116 226 62
12 3 0 27 157 62 145 200 119
13 8 0 0 157 119 89 226 145
14 13 1 0 157 145 46 215 193
15 13 1 46 157 145 92 215 193
16 9 1 0 157 193 89 226 219
17 12 1 73 0 0 166 49 54
18 12 1 73 0 54 166 49 108
19 11 1 58 0 108 143 50 166
20 14 1 58 0 166 157 44 197
21 9 1 86 50 0 175 119 26
22 10 1 86 50 26 184 140 100
23 17 2 74 106 100 167 155 154
24 17 2 74 106 154 167 155 208
25 18 2 92 155 119 150 201 167
26 18 2 92 155 167 150 201 215
27 21 2 86 50 100 185 94 131
28 21 2 86 50 131 185 94 162
29 15 2 86 50 162 172 106 195
30 20 2 150 155 0 223 227 36
31 22 2 150 155 36 239 224 62
32 22 2 150 155 62 239 224 88
33 16 2 150 155 88 248 229 178
34 19 2 166 0 0 284 43 57
35 23 3 150 155 178 239 224 204
36 27 3 166 0 57 224 46 105
37 29 3 166 0 105 251 50 163
38 28 3 157 0 163 250 49 217
39 24 3 184 94 0 252 121 35
40 26 3 184 121 0 270 154 56
41 29 3 184 94 56 269 152 106
42 29 3 184 94 106 269 152 156
43 28 3 167 106 156 260 155 210
44 25 3 185 50 0 284 81 44
45 30 3 248 155 0 338 229 98
46 23 3 248 155 98 337 224 124
47 33 4 248 155 124 341 209 173
48 38 4 185 50 44 271 83 100
49 38 4 185 50 100 271 83 156
50 38 4 185 50 156 271 83 212
51 36 4 248 155 173 366 212 216
52 32 4 251 0 57 309 50 142
53 34 4 251 0 142 297 48 200
54 35 4 270 83 0 343 155 36
55 33 4 270 83 36 363 137 85
56 35 4 269 83 85 342 155 121
57 35 4 269 83 121 342 155 157
58 35 4 269 83 157 342 155 193
59 37 4 260 83 193 349 152 219
60 31 4 309 0 0 399 74 98
61 31 4 399 0 0 489 74 98
62 31 4 489 0 0 579 74 98
63 35 4 309 0 98 382 72 134
64 42 5 309 0 134 359 58 219
65 39 5 359 0 134 386 68 169
66 39 5 359 0 169 386 68 204
67 42 5 363 74 0 421 124 85
68 41 5 366 74 85 420 123 178
69 40 5 349 68 178 422 140 214
70 50 6 386 0 98 421 68 125
71 50 6 386 0 125 421 68 152
72 47 6 366 140 0 414 186 58
73 47 6 366 186 0 414 232 58
74 48 6 421 0 98 507 33 154
75 48 6 421 33 98 507 66 154
76 46 6 366 140 58 415 233 112
77 49 6 386 0 154 485 31 198
78 49 6 386 31 154 485 62 198
79 46 6 366 140 112 420 233 161
80 46 6 366 140 161 420 233 210
81 45 6 420 140 0 470 198 85
82 43 6 507 0 98 580 72 134
83 44 6 420 140 85 518 230 159
84 51 6 420 140 159 489 229 185
85 57 7 420 140 185 488 167 220
86 56 7 420 167 185 506 223 218
87 55 7 485 0 154 528 118 211
88 54 7 489 118 159 535 166 217
89 54 7 528 0 134 586 46 182
90 52 7 422 74 0 472 132 85
91 52 7 422 74 85 472 132 170
92 54 7 422 62 170 480 110 216
93 54 7 518 166 0 576 214 46
94 53 7 518 166 46 567 220 139
95 53 7 535 74 0 584 128 93
96 53 7 535 74 93 584 128 186
