Utilizacion 75.703585 VolCajasEmpacado 77.081814 Duracion[s] 60.042000 Iteraciones 698
0 2 0 0 0 0 68 80 81
1 2 0 0 0 81 68 80 162
2 3 0 0 0 162 79 87 217
3 4 0 0 87 0 113 177 54
4 3 0 0 87 54 87 142 133
5 3 0 0 142 54 87 197 133
6 3 0 0 87 133 87 142 212
7 3 0 0 142 133 87 197 212
8 17 0 0 197 0 54 231 48
9 13 0 0 197 48 64 231 74
10 13 0 0 197 74 64 231 100
11 16 0 0 197 100 113 229 124
12 16 0 0 197 124 113 229 148
13 16 0 0 197 148 113 229 172
14 16 0 0 197 172 113 229 196
15 16 0 0 197 196 113 229 220
16 8 0 79 0 0 124 81 52
17 8 0 124 0 0 169 81 52
18 8 0 169 0 0 214 81 52
19 8 0 214 0 0 259 81 52
20 8 0 259 0 0 304 81 52
21 8 0 304 0 0 349 81 52
22 8 0 349 0 0 394 81 52
23 12 0 79 0 52 105 64 94
24 12 0 79 0 94 105 64 136
25 12 0 79 0 136 105 64 178
26 12 0 79 0 178 105 64 220
27 10 0 87 64 54 120 154 103
28 10 0 87 64 103 120 154 152
29 10 0 87 64 152 120 154 201
30 6 0 105 0 52 177 49 98
31 6 0 105 0 98 177 49 144
32 6 0 105 0 144 177 49 190
33 12 0 105 0 190 147 64 216
34 3 0 113 154 0 200 233 55
35 12 0 147 0 190 189 64 216
36 11 0 87 154 55 187 194 88
37 11 0 87 154 88 187 194 121
38 11 0 87 154 121 187 194 154
39 11 0 87 154 154 187 194 187
40 15 0 87 154 187 143 196 212
41 16 0 113 196 55 226 228 79
42 10 0 113 196 79 203 229 128
43 15 0 113 196 128 169 221 170
44 15 0 113 196 170 169 221 212
45 5 0 120 81 0 212 139 52
46 5 0 120 81 52 212 139 104
47 5 0 120 81 104 212 139 156
48 5 0 120 81 156 212 139 208
49 15 0 143 139 187 185 195 212
50 12 0 169 195 128 233 221 170
51 2 0 189 0 52 257 81 132
52 0 0 189 0 132 263 65 154
53 0 0 189 0 154 263 65 176
54 0 0 189 0 176 263 65 198
55 0 0 189 0 198 263 65 220
56 9 0 263 0 52 349 94 90
57 9 0 263 0 90 349 94 128
58 9 0 263 0 128 349 94 166
59 9 0 263 0 166 349 94 204
60 3 0 200 139 0 287 194 79
61 6 0 187 139 79 259 188 125
62 7 0 187 139 125 282 184 187
63 7 0 212 94 0 307 139 62
64 14 0 212 94 187 269 186 212
65 1 0 287 139 0 372 231 21
66 1 0 287 139 21 372 231 42
67 0 0 287 139 42 361 204 64
68 0 0 287 139 64 361 204 86
69 30 1 169 195 170 269 228 210
70 35 1 269 204 42 382 228 74
71 35 1 269 94 187 293 207 219
72 34 1 269 207 74 325 232 116
73 34 1 269 207 116 325 232 158
74 34 1 269 207 158 325 232 200
75 37 1 293 94 86 378 186 107
76 37 1 293 94 107 378 186 128
77 37 1 293 94 128 378 186 149
78 37 1 293 94 149 378 186 170
79 37 1 293 94 170 378 186 191
80 37 1 293 94 191 378 186 212
81 34 1 325 204 74 381 229 116
82 34 1 325 204 116 381 229 158
83 34 1 325 204 158 381 229 200
84 21 1 349 0 52 394 81 104
85 21 1 349 0 104 394 81 156
86 21 1 349 0 156 394 81 208
87 19 1 378 81 0 471 194 40
88 19 1 378 81 40 471 194 80
89 19 1 378 81 80 471 194 120
90 19 1 378 81 120 471 194 160
91 19 1 378 81 160 471 194 200
92 28 1 382 194 0 430 228 54
93 28 1 382 194 54 430 228 108
94 28 1 382 194 108 430 228 162
95 28 1 382 194 162 430 228 216
96 21 1 394 0 0 439 81 52
97 21 1 394 0 52 439 81 104
98 21 1 394 0 104 439 81 156
99 32 1 394 0 156 420 64 190
100 32 1 394 0 190 428 64 216
101 31 1 430 194 0 494 220 42
102 31 1 494 194 0 558 220 42
103 29 1 430 194 42 520 227 91
104 28 1 430 194 91 478 228 145
105 32 1 430 194 145 494 228 171
106 29 1 430 194 171 520 227 220
107 27 1 439 0 0 519 81 68
108 22 1 439 0 68 534 45 130
109 36 1 439 0 130 513 65 152
110 36 1 439 0 152 513 65 174
111 36 1 439 0 174 513 65 196
112 36 1 439 0 196 513 65 218
113 26 1 471 81 0 558 136 79
114 26 1 471 136 0 558 191 79
115 22 1 471 65 79 566 110 141
116 22 1 471 65 141 566 110 203
117 24 1 471 110 79 529 162 171
118 23 1 471 110 171 543 156 220
119 35 1 471 162 79 584 194 103
120 35 1 471 162 103 584 194 127
121 23 1 520 162 127 566 211 199
122 24 1 534 0 0 586 58 92
123 23 1 534 0 92 583 46 164
124 36 1 513 0 164 587 65 186
125 36 1 513 0 186 587 65 208
