Utilizacion 82.314941 VolCajasEmpacado 84.611253 Duracion[s] 60.023000 Iteraciones 1135
0 9 0 0 0 0 70 94 64
1 9 0 70 0 0 140 94 64
2 9 0 140 0 0 210 94 64
3 9 0 210 0 0 280 94 64
4 9 0 280 0 0 350 94 64
5 9 0 0 0 64 70 94 128
6 9 0 70 0 64 140 94 128
7 9 0 140 0 64 210 94 128
8 9 0 210 0 64 280 94 128
9 9 0 280 0 64 350 94 128
10 9 0 0 0 128 70 94 192
11 9 0 70 0 128 140 94 192
12 9 0 140 0 128 210 94 192
13 9 0 210 0 128 280 94 192
14 9 0 280 0 128 350 94 192
15 2 0 0 0 192 116 56 217
16 8 0 0 94 0 108 156 53
17 8 0 0 94 53 108 156 106
18 8 0 0 94 106 108 156 159
19 8 0 0 94 159 108 156 212
20 7 0 0 156 0 65 206 51
21 7 0 0 156 51 65 206 102
22 7 0 0 156 102 65 206 153
23 7 0 0 156 153 65 206 204
24 1 0 0 56 192 71 91 213
25 1 0 71 56 192 142 91 213
26 1 0 142 56 192 213 91 213
27 1 0 213 56 192 284 91 213
28 1 0 284 56 192 355 91 213
29 1 0 0 206 0 71 227 35
30 1 0 0 206 35 71 227 70
31 1 0 0 206 70 71 227 105
32 1 0 0 206 105 71 227 140
33 1 0 0 206 140 71 227 175
34 1 0 0 206 175 71 227 210
35 7 0 65 156 0 130 206 51
36 7 0 65 156 51 130 206 102
37 7 0 65 156 102 130 206 153
38 7 0 65 156 153 130 206 204
39 1 0 71 206 0 142 227 35
40 1 0 71 206 35 142 227 70
41 1 0 71 206 70 142 227 105
42 1 0 71 206 105 142 227 140
43 1 0 71 206 140 142 227 175
44 1 0 71 206 175 142 227 210
45 2 0 116 0 192 232 56 217
46 2 0 232 0 192 348 56 217
47 7 0 108 94 0 173 144 51
48 7 0 108 94 51 173 144 102
49 7 0 108 94 102 173 144 153
50 7 0 108 94 153 173 144 204
51 7 0 130 144 0 195 194 51
52 7 0 130 144 51 195 194 102
53 7 0 130 144 102 195 194 153
54 7 0 130 144 153 195 194 204
55 4 0 142 194 0 206 226 33
56 4 0 142 194 33 206 226 66
57 4 0 142 194 66 206 226 99
58 4 0 142 194 99 206 226 132
59 4 0 142 194 132 206 226 165
60 4 0 142 194 165 206 226 198
61 5 0 173 94 0 293 126 35
62 5 0 173 94 35 293 126 70
63 5 0 173 94 70 293 126 105
64 5 0 173 94 105 293 126 140
65 5 0 173 94 140 293 126 175
66 5 0 173 94 175 293 126 210
67 6 0 195 126 0 254 175 85
68 6 0 254 126 0 313 175 85
69 6 0 313 126 0 372 175 85
70 6 0 372 126 0 431 175 85
71 6 0 431 126 0 490 175 85
72 6 0 490 126 0 549 175 85
73 6 0 195 126 85 254 175 170
74 6 0 254 126 85 313 175 170
75 6 0 313 126 85 372 175 170
76 6 0 372 126 85 431 175 170
77 6 0 431 126 85 490 175 170
78 6 0 490 126 85 549 175 170
79 6 0 195 126 170 280 185 219
80 5 0 206 185 0 326 217 35
81 5 0 326 185 0 446 217 35
82 5 0 446 185 0 566 217 35
83 5 0 206 185 35 326 217 70
84 5 0 206 185 70 326 217 105
85 5 0 206 185 105 326 217 140
86 5 0 206 185 140 326 217 175
87 5 0 206 185 175 326 217 210
88 6 0 280 126 170 365 185 219
89 4 0 326 185 35 390 217 68
90 4 0 326 185 68 390 217 101
91 4 0 326 185 101 390 217 134
92 4 0 326 185 134 390 217 167
93 4 0 326 185 167 390 217 200
94 4 0 293 94 0 357 126 33
95 4 0 293 94 33 357 126 66
96 4 0 293 94 66 357 126 99
97 8 0 390 175 35 498 228 97
98 8 0 390 175 97 498 228 159
99 2 0 390 175 159 506 231 184
100 2 0 390 175 184 506 231 209
101 7 0 506 175 35 571 225 86
102 0 0 506 175 86 577 228 106
103 0 0 506 175 106 577 228 126
104 0 0 506 175 126 577 228 146
105 0 0 506 175 146 577 228 166
106 0 0 506 175 166 577 228 186
107 0 0 506 175 186 577 228 206
108 8 0 350 0 0 458 53 62
109 8 0 458 0 0 566 53 62
110 8 0 350 0 62 458 53 124
111 8 0 458 0 62 566 53 124
112 8 0 350 0 124 458 53 186
113 8 0 458 0 124 566 53 186
114 2 0 350 0 186 466 56 211
115 2 0 466 0 186 582 56 211
116 8 0 357 56 0 465 109 62
117 8 0 465 56 0 573 109 62
118 0 0 357 56 62 428 109 82
119 0 0 428 56 62 499 109 82
120 0 0 499 56 62 570 109 82
121 0 0 357 56 82 428 109 102
122 0 0 428 56 82 499 109 102
123 0 0 499 56 82 570 109 102
124 6 0 355 56 102 414 105 187
125 2 0 355 56 187 471 112 212
126 6 0 365 112 170 450 171 219
127 2 0 450 112 170 566 168 195
128 2 0 450 112 195 566 168 220
129 6 0 471 56 102 556 105 161
130 6 0 471 56 161 556 105 220
