Utilizacion 71.869239 VolCajasEmpacado 72.731778 Duracion[s] 60.011000 Iteraciones 2106
0 8 0 0 0 0 72 84 59
1 8 0 0 0 59 72 84 118
2 8 0 0 0 118 72 84 177
3 1 0 0 84 0 73 141 33
4 1 0 0 141 0 73 198 33
5 4 0 0 0 177 68 75 217
6 2 0 0 198 0 104 232 53
7 5 0 0 84 33 53 152 77
8 1 0 0 84 77 73 117 134
9 9 0 0 152 33 72 178 68
10 7 0 0 178 53 47 227 118
11 7 0 0 178 118 47 227 183
12 3 0 72 0 0 145 73 36
13 0 0 72 0 36 174 70 63
14 0 0 72 0 63 174 70 90
15 6 0 73 73 0 166 170 45
16 17 1 0 84 134 104 137 168
17 17 1 0 84 168 104 137 202
18 12 1 47 178 53 126 232 102
19 13 1 47 137 102 144 230 147
20 13 1 47 137 147 144 230 192
21 10 1 72 0 90 152 65 125
22 10 1 72 0 125 107 80 190
23 18 1 104 80 45 177 113 102
24 14 1 104 80 102 172 124 155
25 10 1 104 80 155 184 115 220
26 11 1 107 0 125 166 72 209
27 15 1 144 124 45 184 192 120
28 15 1 144 124 120 184 192 195
29 16 1 174 0 0 247 73 36
30 13 1 184 73 0 277 170 45
31 24 2 144 192 0 212 232 75
32 24 2 144 192 75 212 232 150
33 26 2 144 192 150 216 227 176
34 27 2 144 192 176 196 224 203
35 20 2 174 0 36 233 72 120
36 20 2 174 0 120 233 72 204
37 22 2 184 72 45 233 151 99
38 22 2 184 72 99 233 151 153
39 22 2 184 72 153 233 151 207
40 27 2 184 151 45 236 183 72
41 19 2 184 151 72 257 184 129
42 22 2 216 184 0 295 233 54
43 28 2 216 151 129 284 204 173
44 23 2 216 151 173 281 200 220
45 21 2 247 0 0 300 71 74
46 25 2 233 71 45 306 144 81
47 25 2 295 144 0 368 217 36
48 32 3 233 0 74 298 47 123
49 32 3 233 0 123 298 47 172
50 36 3 216 204 54 288 230 89
51 35 3 233 47 81 267 151 134
52 35 3 233 47 134 267 151 187
53 33 3 267 47 81 311 100 149
54 33 3 267 47 149 311 100 217
55 31 3 267 100 81 321 149 160
56 32 3 267 100 160 332 147 209
57 30 3 295 149 36 366 202 110
58 34 3 284 149 110 357 222 146
59 34 3 284 149 146 357 222 182
60 29 3 311 0 0 404 97 45
61 31 3 311 0 45 360 79 99
62 45 4 281 147 182 333 174 214
63 44 4 233 0 172 305 35 198
64 44 4 281 174 182 353 200 217
65 40 4 305 0 99 354 47 164
66 40 4 305 0 164 370 47 213
67 39 4 311 47 99 390 96 153
68 40 4 311 47 153 360 94 218
69 46 4 332 97 0 419 123 49
70 39 4 332 96 49 386 145 128
71 38 4 333 96 128 407 149 199
72 37 4 368 149 0 440 233 59
73 37 4 368 149 59 440 233 118
74 37 4 368 149 118 440 233 177
75 43 4 357 149 177 430 222 213
76 41 4 404 0 0 501 93 45
77 42 4 407 0 45 509 70 72
78 43 4 390 0 72 463 73 108
79 51 5 360 47 153 407 96 218
80 48 5 370 0 108 474 34 161
81 47 5 370 0 161 457 26 210
82 51 5 407 34 108 456 81 173
83 47 5 407 123 0 494 149 49
84 47 5 407 123 49 494 149 98
85 47 5 407 123 98 494 149 147
86 50 5 407 26 173 500 123 218
87 52 5 440 149 0 493 220 74
88 49 5 440 149 74 513 222 110
89 54 6 440 149 110 499 221 194
90 55 6 500 93 0 549 147 79
91 54 6 509 0 0 581 59 84
92 53 6 500 0 84 568 75 124
93 55 6 500 75 79 579 129 128
94 56 6 500 0 124 565 49 171
95 56 6 500 0 171 565 49 218
96 59 6 500 49 128 573 106 161
97 55 6 500 49 161 554 128 210
98 57 6 513 147 0 586 220 36
99 56 6 513 147 36 578 194 85
100 58 6 513 129 85 547 233 138
101 58 6 499 128 138 533 232 191
102 70 7 430 128 194 517 177 220
103 70 7 430 177 194 517 226 220
104 69 7 517 128 191 549 180 218
105 69 7 517 180 191 549 232 218
106 66 7 549 129 85 584 209 150
107 66 7 549 129 150 584 209 215
108 71 7 554 49 161 580 121 196
