Utilizacion 86.402686 VolCajasEmpacado 86.918078 Duracion[s] 60.024000 Iteraciones 795
0 0 0 0 0 0 44 60 36
1 0 0 0 60 0 44 120 36
2 0 0 0 120 0 44 180 36
3 0 0 0 0 36 44 60 72
4 0 0 0 60 36 44 120 72
5 0 0 0 120 36 44 180 72
6 0 0 0 0 72 44 60 108
7 0 0 0 60 72 44 120 108
8 0 0 0 120 72 44 180 108
9 0 0 0 0 108 44 60 144
10 0 0 0 60 108 44 120 144
11 0 0 0 120 108 44 180 144
12 0 0 0 0 144 44 60 180
13 0 0 0 60 144 44 120 180
14 0 0 0 120 144 44 180 180
15 0 0 0 0 180 44 60 216
16 0 0 0 60 180 44 120 216
17 0 0 0 120 180 44 180 216
18 0 0 0 180 0 36 224 60
19 0 0 0 180 60 36 224 120
20 0 0 0 180 120 36 224 180
21 0 0 0 180 180 60 224 216
22 0 0 44 0 0 80 60 44
23 0 0 44 60 0 80 120 44
24 0 0 44 120 0 80 180 44
25 0 0 44 0 44 80 60 88
26 0 0 44 60 44 80 120 88
27 0 0 44 120 44 80 180 88
28 0 0 44 0 88 80 60 132
29 0 0 44 60 88 80 120 132
30 0 0 44 120 88 80 180 132
31 0 0 44 0 132 80 60 176
32 0 0 44 60 132 80 120 176
33 0 0 44 120 132 80 180 176
34 0 0 44 0 176 80 60 220
35 0 0 44 60 176 80 120 220
36 0 0 44 120 176 80 180 220
37 2 0 60 180 0 108 229 65
38 2 0 60 180 65 125 229 113
39 2 0 60 180 113 125 229 161
40 2 0 60 180 161 125 229 209
41 2 0 80 0 0 128 65 49
42 2 0 128 0 0 176 65 49
43 2 0 176 0 0 224 65 49
44 2 0 224 0 0 272 65 49
45 2 0 272 0 0 320 65 49
46 2 0 320 0 0 368 65 49
47 2 0 368 0 0 416 65 49
48 2 0 416 0 0 464 65 49
49 2 0 464 0 0 512 65 49
50 2 0 512 0 0 560 65 49
51 2 0 80 0 49 128 65 98
52 2 0 128 0 49 176 65 98
53 2 0 176 0 49 224 65 98
54 2 0 224 0 49 272 65 98
55 2 0 272 0 49 320 65 98
56 2 0 320 0 49 368 65 98
57 2 0 368 0 49 416 65 98
58 2 0 416 0 49 464 65 98
59 2 0 464 0 49 512 65 98
60 2 0 512 0 49 560 65 98
61 2 0 80 0 98 128 65 147
62 2 0 128 0 98 176 65 147
63 2 0 176 0 98 224 65 147
64 2 0 224 0 98 272 65 147
65 2 0 272 0 98 320 65 147
66 2 0 320 0 98 368 65 147
67 2 0 368 0 98 416 65 147
68 2 0 416 0 98 464 65 147
69 2 0 464 0 98 512 65 147
70 2 0 512 0 98 560 65 147
71 2 0 80 0 147 128 65 196
72 2 0 128 0 147 176 65 196
73 2 0 176 0 147 224 65 196
74 2 0 224 0 147 272 65 196
75 2 0 272 0 147 320 65 196
76 2 0 320 0 147 368 65 196
77 2 0 368 0 147 416 65 196
78 2 0 416 0 147 464 65 196
79 2 0 464 0 147 512 65 196
80 2 0 512 0 147 560 65 196
81 1 0 80 65 0 156 107 40
82 1 0 80 107 0 156 149 40
83 1 0 80 65 40 156 107 80
84 1 0 80 107 40 156 149 80
85 1 0 80 65 80 156 107 120
86 1 0 80 107 80 156 149 120
87 1 0 80 65 120 156 107 160
88 1 0 80 107 120 156 149 160
89 1 0 80 65 160 156 107 200
90 1 0 80 107 160 156 149 200
91 1 0 125 149 0 201 191 40
92 1 0 201 149 0 277 191 40
93 1 0 277 149 0 353 191 40
94 1 0 353 149 0 429 191 40
95 1 0 429 149 0 505 191 40
96 1 0 505 149 0 581 191 40
97 1 0 125 191 0 201 233 40
98 1 0 201 191 0 277 233 40
99 1 0 277 191 0 353 233 40
100 1 0 353 191 0 429 233 40
101 1 0 429 191 0 505 233 40
102 1 0 505 191 0 581 233 40
103 1 0 125 149 40 201 191 80
104 1 0 201 149 40 277 191 80
105 1 0 277 149 40 353 191 80
106 1 0 353 149 40 429 191 80
107 1 0 429 149 40 505 191 80
108 1 0 505 149 40 581 191 80
109 1 0 125 191 40 201 233 80
110 1 0 201 191 40 277 233 80
111 1 0 277 191 40 353 233 80
112 1 0 353 191 40 429 233 80
113 1 0 429 191 40 505 233 80
114 1 0 505 191 40 581 233 80
115 0 0 125 149 80 161 193 140
116 1 0 125 193 80 167 233 156
117 1 0 167 193 80 209 233 156
118 1 0 209 193 80 251 233 156
119 0 0 125 149 140 169 185 200
120 2 0 125 185 156 190 233 205
121 4 1 156 65 0 232 105 42
122 4 1 232 65 0 308 105 42
123 4 1 308 65 0 384 105 42
124 4 1 384 65 0 460 105 42
125 4 1 156 105 0 232 145 42
126 4 1 232 105 0 308 145 42
127 4 1 308 105 0 384 145 42
128 4 1 384 105 0 460 145 42
129 4 1 156 65 42 232 105 84
130 4 1 232 65 42 308 105 84
131 4 1 308 65 42 384 105 84
132 4 1 384 65 42 460 105 84
133 4 1 156 105 42 232 145 84
134 4 1 232 105 42 308 145 84
135 4 1 308 105 42 384 145 84
136 4 1 384 105 42 460 145 84
137 4 1 156 65 84 232 105 126
138 4 1 232 65 84 308 105 126
139 4 1 308 65 84 384 105 126
140 4 1 384 65 84 460 105 126
141 4 1 156 105 84 232 145 126
142 4 1 232 105 84 308 145 126
143 4 1 308 105 84 384 145 126
144 4 1 384 105 84 460 145 126
145 4 1 156 65 126 232 105 168
146 4 1 232 65 126 308 105 168
147 4 1 308 65 126 384 105 168
148 4 1 384 65 126 460 105 168
149 4 1 156 105 126 232 145 168
150 4 1 232 105 126 308 145 168
151 4 1 308 105 126 384 145 168
152 4 1 384 105 126 460 145 168
153 4 1 156 65 168 232 105 210
154 4 1 232 65 168 308 105 210
155 4 1 308 65 168 384 105 210
156 4 1 384 65 168 460 105 210
157 4 1 156 105 168 232 145 210
158 4 1 232 105 168 308 145 210
159 4 1 308 105 168 384 145 210
160 4 1 384 105 168 460 145 210
161 4 1 169 145 80 211 185 156
162 4 1 169 145 156 245 185 198
163 5 1 190 185 156 255 233 205
164 4 1 245 145 80 287 185 156
165 4 1 287 145 80 329 185 156
166 3 1 245 145 156 305 181 200
167 5 1 255 185 80 320 233 129
168 5 1 320 185 80 385 233 129
169 5 1 385 185 80 450 233 129
170 5 1 450 185 80 515 233 129
171 5 1 515 185 80 580 233 129
172 5 1 255 185 129 320 233 178
173 5 1 320 185 129 385 233 178
174 5 1 385 185 129 450 233 178
175 5 1 450 185 129 515 233 178
176 5 1 515 185 129 580 233 178
177 3 1 255 181 178 315 225 214
178 3 1 305 145 156 349 181 216
179 3 1 315 181 178 375 225 214
180 3 1 375 181 178 435 225 214
181 3 1 435 181 178 495 225 214
182 3 1 495 181 178 555 225 214
183 3 1 349 145 80 409 181 124
184 3 1 409 145 80 469 181 124
185 3 1 469 145 80 529 181 124
186 3 1 349 145 124 409 181 168
187 3 1 409 145 124 469 181 168
188 3 1 469 145 124 529 181 168
189 3 1 349 145 168 409 181 212
190 3 1 409 145 168 469 181 212
191 3 1 469 145 168 529 181 212
192 5 1 460 65 0 508 130 49
193 5 1 460 65 49 508 130 98
194 5 1 460 65 98 508 130 147
195 5 1 460 65 147 508 130 196
196 3 1 508 65 0 544 125 44
197 3 1 544 65 0 580 125 44
198 3 1 508 65 44 544 125 88
199 3 1 544 65 44 580 125 88
200 3 1 508 65 88 544 125 132
201 3 1 544 65 88 580 125 132
202 3 1 508 65 132 544 125 176
203 3 1 544 65 132 580 125 176
204 3 1 508 65 176 544 125 220
205 3 1 544 65 176 580 125 220
206 5 1 529 125 80 578 173 145
207 5 1 529 125 145 578 173 210
