Utilizacion 83.752640 VolCajasEmpacado 84.780845 Duracion[s] 60.049000 Iteraciones 1045
0 4 0 0 0 0 102 78 39
1 4 0 0 0 39 102 78 78
2 4 0 0 0 78 102 78 117
3 4 0 0 0 117 102 78 156
4 4 0 0 0 156 102 78 195
5 3 0 0 78 0 113 114 46
6 3 0 0 114 0 113 150 46
7 3 0 0 150 0 113 186 46
8 3 0 0 186 0 113 222 46
9 3 0 0 78 46 113 114 92
10 3 0 0 114 46 113 150 92
11 3 0 0 150 46 113 186 92
12 3 0 0 186 46 113 222 92
13 3 0 0 78 92 113 114 138
14 3 0 0 114 92 113 150 138
15 3 0 0 150 92 113 186 138
16 3 0 0 186 92 113 222 138
17 9 0 0 78 138 103 136 201
18 9 0 0 136 138 103 194 201
19 0 0 0 194 138 101 220 168
20 0 0 0 194 168 101 220 198
21 4 0 102 0 0 204 78 39
22 4 0 102 0 39 204 78 78
23 4 0 102 0 78 204 78 117
24 4 0 102 0 117 204 78 156
25 4 0 102 0 156 204 78 195
26 7 0 113 78 0 163 120 66
27 7 0 113 120 0 163 162 66
28 7 0 113 162 0 163 204 66
29 7 0 113 78 66 163 120 132
30 7 0 113 120 66 163 162 132
31 7 0 113 162 66 163 204 132
32 7 0 113 78 132 163 120 198
33 7 0 113 120 132 163 162 198
34 7 0 113 162 132 163 204 198
35 0 0 113 204 0 214 230 30
36 0 0 113 204 30 214 230 60
37 0 0 113 204 60 214 230 90
38 0 0 113 204 90 214 230 120
39 0 0 113 204 120 214 230 150
40 0 0 113 204 150 214 230 180
41 0 0 113 204 180 214 230 210
42 8 0 163 78 0 224 134 106
43 8 0 224 78 0 285 134 106
44 8 0 285 78 0 346 134 106
45 8 0 346 78 0 407 134 106
46 8 0 163 134 0 224 190 106
47 8 0 224 134 0 285 190 106
48 8 0 285 134 0 346 190 106
49 8 0 346 134 0 407 190 106
50 8 0 163 78 106 224 134 212
51 8 0 224 78 106 285 134 212
52 8 0 285 78 106 346 134 212
53 8 0 346 78 106 407 134 212
54 8 0 163 134 106 224 190 212
55 8 0 224 134 106 285 190 212
56 8 0 285 134 106 346 190 212
57 8 0 346 134 106 407 190 212
58 6 0 204 0 0 261 75 41
59 6 0 261 0 0 318 75 41
60 6 0 204 0 41 261 75 82
61 6 0 261 0 41 318 75 82
62 6 0 204 0 82 261 75 123
63 6 0 261 0 82 318 75 123
64 6 0 204 0 123 261 75 164
65 6 0 261 0 123 318 75 164
66 6 0 204 0 164 261 75 205
67 6 0 261 0 164 318 75 205
68 6 0 214 190 0 271 231 75
69 6 0 214 190 75 289 231 132
70 2 0 214 190 132 314 225 188
71 0 0 214 190 188 315 216 218
72 7 0 315 190 0 381 232 50
73 7 0 315 190 50 381 232 100
74 7 0 315 190 100 381 232 150
75 6 0 315 190 150 390 231 207
76 9 0 318 0 0 421 63 58
77 9 0 318 0 58 421 63 116
78 9 0 318 0 116 421 63 174
79 4 0 318 0 174 420 78 213
80 5 0 390 190 0 481 230 50
81 5 0 481 190 0 572 230 50
82 5 0 390 190 50 481 230 100
83 5 0 481 190 50 572 230 100
84 5 0 390 190 100 481 230 150
85 5 0 481 190 100 572 230 150
86 5 0 390 190 150 481 230 200
87 5 0 481 190 150 572 230 200
88 2 0 407 78 0 507 134 35
89 2 0 407 134 0 507 190 35
90 2 0 407 78 35 507 134 70
91 2 0 407 134 35 507 190 70
92 5 0 407 78 70 457 169 110
93 2 0 407 78 110 507 134 145
94 2 0 407 134 110 507 190 145
95 2 0 407 78 145 507 134 180
96 2 0 407 134 145 507 190 180
97 2 0 407 78 180 507 134 215
98 2 0 407 134 180 507 190 215
99 5 0 421 0 0 512 50 40
100 5 0 421 0 40 512 50 80
101 5 0 421 0 80 512 50 120
102 5 0 421 0 120 512 50 160
103 5 0 421 0 160 512 50 200
104 0 0 421 50 0 522 76 30
105 0 0 421 50 30 522 76 60
106 0 0 421 50 60 522 76 90
107 0 0 421 50 90 522 76 120
108 0 0 421 50 120 522 76 150
109 0 0 421 50 150 522 76 180
110 0 0 421 50 180 522 76 210
111 9 0 507 76 0 570 134 103
112 9 0 507 76 103 570 179 161
113 9 0 507 76 161 570 179 219
114 9 0 522 0 0 585 58 103
115 9 0 522 0 103 585 58 206
