Utilizacion 77.791780 VolCajasEmpacado 79.922347 Duracion[s] 60.003000 Iteraciones 2331
0 4 0 0 0 0 95 47 79
1 4 0 0 47 0 95 94 79
2 4 0 0 94 0 95 141 79
3 4 0 0 141 0 95 188 79
4 6 0 0 0 79 58 95 117
5 6 0 0 0 117 58 95 155
6 6 0 0 0 155 58 95 193
7 1 0 0 0 193 72 46 220
8 1 0 0 46 193 72 92 220
9 6 0 0 95 79 58 190 117
10 3 0 0 95 117 90 172 184
11 0 0 0 190 0 96 226 59
12 0 0 0 190 59 96 226 118
13 0 0 0 190 118 96 226 177
14 1 0 0 95 184 72 141 211
15 5 0 72 0 79 118 79 142
16 5 0 72 0 142 118 79 205
17 3 0 95 79 0 162 169 77
18 3 0 162 79 0 229 169 77
19 3 0 95 79 77 162 169 154
20 3 0 162 79 77 229 169 154
21 5 0 90 79 154 136 158 217
22 2 0 118 0 0 206 74 72
23 2 0 118 0 72 206 72 146
24 2 0 118 0 146 206 72 220
25 8 1 0 172 177 96 231 213
26 10 1 96 169 0 142 232 79
27 10 1 96 169 79 142 232 158
28 12 1 96 158 158 144 207 217
29 7 1 136 72 154 163 144 200
30 7 1 163 72 154 190 144 200
31 7 1 190 72 154 217 144 200
32 9 1 144 169 0 239 227 38
33 9 1 144 169 38 239 227 76
34 9 1 144 169 76 239 227 114
35 10 1 144 169 114 223 232 160
36 11 1 144 144 160 239 223 207
37 14 1 206 0 0 280 72 88
38 14 1 206 0 88 280 72 176
39 13 1 229 72 0 306 139 90
40 13 1 229 72 90 306 139 180
41 20 2 206 0 176 302 59 212
42 20 2 217 59 180 313 118 216
43 15 2 239 139 0 313 227 72
44 16 2 239 139 72 316 229 139
45 16 2 239 139 139 316 229 206
46 17 2 302 0 0 361 48 49
47 17 2 302 0 49 361 48 98
48 18 2 302 0 98 397 47 177
49 21 2 302 0 177 374 46 204
50 19 2 313 48 0 408 106 38
51 22 2 313 48 38 392 111 84
52 22 2 313 48 84 392 111 130
53 20 2 313 47 130 409 106 166
54 18 2 313 47 166 408 126 213
55 27 3 316 126 0 395 172 63
56 25 3 316 172 0 375 221 48
57 29 3 316 126 63 412 162 122
58 29 3 316 126 122 412 162 181
59 29 3 316 126 181 412 185 217
60 28 3 316 185 48 411 223 106
61 28 3 316 185 106 411 223 164
62 25 3 316 185 164 375 233 213
63 30 3 375 185 164 447 212 210
64 26 3 397 0 0 492 47 79
65 26 3 397 0 79 492 47 158
66 29 3 397 0 158 493 36 217
67 23 3 409 47 0 499 124 67
68 24 3 409 47 67 497 119 141
69 24 3 409 47 141 497 119 215
70 29 3 412 124 0 508 183 36
71 29 3 412 124 36 508 183 72
72 26 3 412 119 72 507 166 151
73 23 3 447 119 151 537 196 218
74 23 3 499 0 0 566 90 77
75 23 3 499 0 77 566 90 154
76 34 4 493 0 154 572 46 217
77 36 4 497 46 154 556 95 202
78 32 4 447 196 0 543 232 59
79 31 4 447 196 59 519 223 105
80 31 4 447 196 105 519 223 151
81 31 4 447 196 151 519 223 197
82 35 4 537 95 0 584 190 79
83 34 4 537 95 79 583 158 158
84 34 4 537 158 79 583 221 158
85 31 4 537 95 158 564 167 204
86 36 4 537 167 158 586 215 217
