Utilizacion 70.445775 VolCajasEmpacado 71.016836 Duracion[s] 60.047000 Iteraciones 1707
0 2 0 0 0 0 50 37 52
1 2 0 0 0 52 50 37 104
2 2 0 0 0 104 50 37 156
3 5 0 0 0 156 52 50 210
4 0 0 0 50 0 93 135 23
5 0 0 0 135 0 93 220 23
6 3 0 0 50 23 60 116 63
7 3 0 0 116 23 60 182 63
8 7 0 0 50 63 69 115 165
9 6 0 0 50 165 62 109 217
10 8 0 0 115 63 103 184 85
11 1 0 0 184 23 86 220 83
12 4 0 0 115 85 76 212 131
13 13 1 0 115 131 66 175 171
14 13 1 0 115 171 66 175 211
15 11 1 0 175 131 52 229 181
16 9 1 0 175 181 26 206 219
17 15 1 52 0 0 144 47 34
18 15 1 52 0 34 144 47 68
19 15 1 52 0 68 144 47 102
20 11 1 52 0 102 106 50 154
21 14 1 52 0 154 138 36 214
22 14 1 93 50 0 179 110 36
23 12 1 69 50 36 166 96 112
24 10 1 69 50 112 171 115 181
25 17 1 62 36 181 165 105 203
26 16 1 103 115 0 196 200 23
27 26 2 0 206 181 31 232 219
28 26 2 26 175 181 64 201 212
29 22 2 76 115 85 126 152 137
30 18 2 66 115 137 156 153 175
31 18 2 66 115 175 156 153 213
32 21 2 76 153 85 116 213 151
33 21 2 76 153 151 116 213 217
34 21 2 116 153 23 176 219 63
35 19 2 116 153 63 178 212 115
36 19 2 116 153 115 178 212 167
37 19 2 116 153 167 178 212 219
38 25 2 144 0 0 230 36 60
39 20 2 165 0 60 219 50 112
40 20 2 165 0 112 219 50 164
41 18 2 165 0 164 255 38 202
42 21 2 179 50 0 245 110 40
43 23 2 171 50 40 240 153 62
44 23 2 171 50 62 240 153 84
45 23 2 171 50 84 240 153 106
46 23 2 171 50 106 240 153 128
47 18 2 156 115 128 246 153 166
48 24 2 246 38 0 339 123 23
49 32 3 156 115 166 246 153 204
50 28 3 171 50 128 273 115 197
51 36 3 165 38 197 268 107 219
52 32 3 273 0 23 311 90 61
53 32 3 273 0 61 311 90 99
54 32 3 273 0 99 311 90 137
55 32 3 273 0 137 311 90 175
56 33 3 196 153 0 282 189 60
57 33 3 196 189 0 282 225 60
58 31 3 178 153 60 244 193 120
59 31 3 178 193 60 244 233 120
60 27 3 178 153 120 240 212 172
61 34 3 273 0 175 320 92 209
62 30 3 178 153 172 275 229 218
63 34 3 273 92 23 365 139 57
64 29 3 273 92 57 325 146 107
65 29 3 273 92 107 325 146 157
66 27 3 273 92 157 325 151 219
67 31 3 282 151 0 322 217 60
68 27 3 322 151 0 374 210 62
69 28 3 275 151 62 377 220 127
70 35 3 339 0 0 432 85 23
71 35 3 365 0 23 458 85 46
72 40 4 275 151 127 361 187 187
73 40 4 275 187 127 361 223 187
74 39 4 275 151 187 313 182 213
75 39 4 275 182 187 313 208 218
76 39 4 313 151 187 339 189 218
77 37 4 320 0 46 423 69 68
78 38 4 320 0 68 413 85 91
79 41 4 320 0 91 357 52 141
80 41 4 320 0 141 357 52 191
81 42 4 320 52 91 386 92 151
82 42 4 320 52 151 386 92 211
83 43 4 325 92 57 384 144 119
84 37 4 377 144 0 480 213 22
85 37 4 377 144 22 480 213 44
86 37 4 377 144 44 480 213 66
87 47 5 313 189 187 351 220 213
88 45 5 325 92 119 377 151 181
89 49 5 325 92 181 417 139 215
90 45 5 357 0 91 416 52 153
91 45 5 357 0 153 416 52 215
92 46 5 377 144 66 470 229 89
93 46 5 377 144 89 470 229 112
94 46 5 377 144 112 470 229 135
95 46 5 377 144 135 470 229 158
96 45 5 361 151 158 413 210 220
97 45 5 413 139 158 475 191 217
98 44 5 417 85 0 514 131 76
99 48 5 458 0 0 561 69 22
100 53 6 386 52 91 436 89 143
101 51 6 413 191 158 451 217 189
102 51 6 413 191 189 451 217 220
103 51 6 451 191 158 477 229 189
104 51 6 451 191 189 477 229 220
105 54 6 386 52 143 452 92 203
106 52 6 417 92 76 509 139 110
107 52 6 417 92 110 509 139 144
108 52 6 417 92 144 509 139 178
109 52 6 417 92 178 509 139 212
110 53 6 423 0 46 460 52 96
111 53 6 423 0 96 460 52 146
112 56 6 416 0 146 475 52 208
113 54 6 475 0 22 515 60 88
114 54 6 515 0 22 555 60 88
115 57 6 475 0 88 540 69 190
116 50 6 475 0 190 568 85 213
117 54 6 480 139 0 520 205 60
118 55 6 520 85 0 566 182 76
119 60 7 475 139 76 572 185 152
120 68 7 475 139 152 512 191 202
121 68 7 512 139 152 549 191 202
122 68 7 549 139 152 586 191 202
123 59 7 509 85 76 559 139 128
124 65 7 509 85 128 535 123 159
125 68 7 509 85 159 546 135 211
126 61 7 520 191 0 586 231 60
127 61 7 520 191 60 586 231 120
128 62 7 477 191 120 567 229 158
129 64 7 477 191 158 569 225 205
