Utilizacion 82.434534 VolCajasEmpacado 84.232651 Duracion[s] 60.073000 Iteraciones 247
0 14 0 0 0 0 60 76 95
1 14 0 60 0 0 120 76 95
2 14 0 120 0 0 180 76 95
3 14 0 180 0 0 240 76 95
4 14 0 240 0 0 300 76 95
5 14 0 0 0 95 60 76 190
6 14 0 60 0 95 120 76 190
7 14 0 120 0 95 180 76 190
8 14 0 180 0 95 240 76 190
9 14 0 240 0 95 300 76 190
10 11 0 0 76 0 50 152 43
11 11 0 0 152 0 50 228 43
12 11 0 0 76 43 50 152 86
13 11 0 0 152 43 50 228 86
14 11 0 0 76 86 50 152 129
15 11 0 0 152 86 50 228 129
16 11 0 0 76 129 50 152 172
17 11 0 0 152 129 50 228 172
18 11 0 0 76 172 50 152 215
19 11 0 0 152 172 50 228 215
20 0 0 0 0 190 90 75 215
21 2 0 90 0 190 199 63 218
22 2 0 199 0 190 308 63 218
23 13 0 50 76 0 109 172 102
24 13 0 109 76 0 168 172 102
25 13 0 168 76 0 227 172 102
26 13 0 227 76 0 286 172 102
27 13 0 50 76 102 109 172 204
28 13 0 109 76 102 168 172 204
29 13 0 168 76 102 227 172 204
30 13 0 227 76 102 286 172 204
31 14 0 50 172 0 126 232 95
32 5 0 50 172 95 84 233 142
33 5 0 50 172 142 84 233 189
34 12 0 84 172 95 131 232 159
35 5 0 84 172 159 118 233 206
36 7 0 131 172 0 167 225 40
37 7 0 167 172 0 203 225 40
38 7 0 131 172 40 167 225 80
39 7 0 167 172 40 203 225 80
40 7 0 131 172 80 167 225 120
41 7 0 167 172 80 203 225 120
42 7 0 131 172 120 167 225 160
43 7 0 167 172 120 203 225 160
44 7 0 131 172 160 167 225 200
45 7 0 167 172 160 203 225 200
46 12 0 203 172 0 267 232 47
47 12 0 203 172 47 267 232 94
48 12 0 203 172 94 267 232 141
49 12 0 203 172 141 267 232 188
50 1 0 203 172 188 323 206 214
51 1 0 267 206 0 387 232 34
52 1 0 267 206 34 387 232 68
53 1 0 267 206 68 387 232 102
54 1 0 267 206 102 387 232 136
55 1 0 267 206 136 387 232 170
56 12 0 286 76 0 333 140 60
57 12 0 333 76 0 380 140 60
58 0 0 286 76 60 361 166 85
59 0 0 286 76 85 361 166 110
60 0 0 286 76 110 361 166 135
61 0 0 286 76 135 361 166 160
62 0 0 286 76 160 361 166 185
63 0 0 286 76 185 361 166 210
64 0 0 308 0 0 398 75 25
65 0 0 308 0 25 398 75 50
66 0 0 308 0 50 398 75 75
67 0 0 308 0 75 398 75 100
68 0 0 308 0 100 398 75 125
69 0 0 308 0 125 398 75 150
70 0 0 308 0 150 398 75 175
71 0 0 308 0 175 398 75 200
72 9 0 323 166 0 417 203 65
73 9 0 323 166 65 417 203 130
74 9 0 323 166 130 417 203 195
75 8 0 361 75 60 397 120 113
76 8 0 361 75 113 397 120 166
77 8 0 361 75 166 397 120 219
78 8 0 380 120 0 416 165 53
79 8 0 380 120 53 416 165 106
80 8 0 380 120 106 416 165 159
81 8 0 380 120 159 416 165 212
82 9 0 397 75 0 491 112 65
83 9 0 491 75 0 585 112 65
84 9 0 397 75 65 491 112 130
85 9 0 491 75 65 585 112 130
86 9 0 397 75 130 491 112 195
87 9 0 491 75 130 585 112 195
88 6 0 398 0 0 462 74 35
89 6 0 398 0 35 462 74 70
90 6 0 398 0 70 462 74 105
91 6 0 398 0 105 462 74 140
92 6 0 398 0 140 462 74 175
93 6 0 398 0 175 462 74 210
94 10 0 416 112 0 496 164 42
95 10 0 416 112 42 496 164 84
96 10 0 416 112 84 496 164 126
97 10 0 416 112 126 496 164 168
98 10 0 416 112 168 496 164 210
99 10 0 417 164 0 459 216 80
100 10 0 459 164 0 501 216 80
101 10 0 501 164 0 543 216 80
102 10 0 543 164 0 585 216 80
103 2 0 417 164 80 526 227 108
104 2 0 417 164 108 526 227 136
105 2 0 417 164 136 526 227 164
106 2 0 417 164 164 526 227 192
107 6 0 462 0 0 497 74 64
108 6 0 462 0 64 497 74 128
109 6 0 462 0 128 497 74 192
110 5 0 496 112 0 557 146 47
111 5 0 496 112 47 557 146 94
112 5 0 496 112 94 557 146 141
113 5 0 496 112 141 557 146 188
114 6 0 497 0 0 561 74 35
115 6 0 497 0 35 561 74 70
116 6 0 497 0 70 561 74 105
117 6 0 497 0 105 561 74 140
118 5 0 497 0 140 544 34 201
119 5 0 497 34 140 544 68 201
120 5 0 526 146 80 587 193 114
121 5 0 526 146 114 560 193 175
