Utilizacion 89.648510 VolCajasEmpacado 91.622757 Duracion[s] 60.009000 Iteraciones 1662
0 2 0 0 0 0 84 67 44
1 2 0 0 67 0 84 134 44
2 2 0 0 134 0 84 201 44
3 2 0 0 0 44 84 67 88
4 2 0 0 67 44 84 134 88
5 2 0 0 134 44 84 201 88
6 2 0 0 0 88 84 67 132
7 2 0 0 67 88 84 134 132
8 2 0 0 134 88 84 201 132
9 2 0 0 0 132 84 67 176
10 2 0 0 67 132 84 134 176
11 2 0 0 134 132 84 201 176
12 2 0 0 0 176 84 67 220
13 2 0 0 67 176 84 134 220
14 2 0 0 134 176 84 201 220
15 1 0 0 201 0 87 233 45
16 1 0 0 201 45 87 233 90
17 1 0 0 201 90 87 233 135
18 1 0 0 201 135 87 233 180
19 4 0 84 0 0 171 78 61
20 4 0 171 0 0 258 78 61
21 4 0 258 0 0 345 78 61
22 4 0 345 0 0 432 78 61
23 4 0 432 0 0 519 78 61
24 4 0 84 78 0 171 156 61
25 4 0 171 78 0 258 156 61
26 4 0 258 78 0 345 156 61
27 4 0 345 78 0 432 156 61
28 4 0 432 78 0 519 156 61
29 4 0 84 0 61 171 78 122
30 4 0 171 0 61 258 78 122
31 4 0 258 0 61 345 78 122
32 4 0 345 0 61 432 78 122
33 4 0 432 0 61 519 78 122
34 4 0 84 78 61 171 156 122
35 4 0 171 78 61 258 156 122
36 4 0 258 78 61 345 156 122
37 4 0 345 78 61 432 156 122
38 4 0 432 78 61 519 156 122
39 2 0 84 156 0 168 200 67
40 3 0 84 0 122 147 46 206
41 3 0 84 46 122 147 92 206
42 3 0 84 92 122 147 138 206
43 1 0 84 156 67 171 201 99
44 1 0 84 156 99 171 201 131
45 1 0 84 156 131 171 201 163
46 1 0 84 156 163 171 201 195
47 0 0 87 201 0 163 231 55
48 0 0 87 201 55 163 231 110
49 0 0 87 201 110 163 231 165
50 0 0 87 201 165 163 231 220
51 0 0 147 0 122 202 76 152
52 0 0 147 76 122 202 152 152
53 0 0 147 0 152 202 76 182
54 0 0 147 76 152 202 152 182
55 0 0 147 0 182 202 76 212
56 0 0 147 76 182 202 152 212
57 1 0 163 201 0 250 233 45
58 1 0 250 201 0 337 233 45
59 1 0 337 201 0 424 233 45
60 1 0 424 201 0 511 233 45
61 1 0 163 201 45 250 233 90
62 1 0 250 201 45 337 233 90
63 1 0 337 201 45 424 233 90
64 1 0 424 201 45 511 233 90
65 1 0 163 201 90 250 233 135
66 1 0 250 201 90 337 233 135
67 1 0 337 201 90 424 233 135
68 1 0 424 201 90 511 233 135
69 1 0 163 201 135 250 233 180
70 1 0 250 201 135 337 233 180
71 1 0 337 201 135 424 233 180
72 1 0 424 201 135 511 233 180
73 3 0 202 0 122 265 84 168
74 3 0 265 0 122 328 84 168
75 3 0 328 0 122 391 84 168
76 3 0 391 0 122 454 84 168
77 3 0 454 0 122 517 84 168
78 3 0 202 0 168 265 84 214
79 3 0 265 0 168 328 84 214
80 3 0 328 0 168 391 84 214
81 3 0 391 0 168 454 84 214
82 3 0 454 0 168 517 84 214
83 2 0 171 156 0 238 200 84
84 2 0 238 156 0 305 200 84
85 2 0 305 156 0 372 200 84
86 2 0 372 156 0 439 200 84
87 2 0 439 156 0 506 200 84
88 2 0 506 156 0 573 200 84
89 2 0 171 156 84 238 200 168
90 2 0 238 156 84 305 200 168
91 2 0 305 156 84 372 200 168
92 2 0 372 156 84 439 200 168
93 2 0 439 156 84 506 200 168
94 2 0 506 156 84 573 200 168
95 1 0 171 152 168 258 197 200
96 1 0 258 152 168 345 197 200
97 1 0 345 152 168 432 197 200
98 1 0 432 152 168 519 197 200
99 0 0 202 84 122 278 114 177
100 0 0 278 84 122 354 114 177
101 0 0 354 84 122 430 114 177
102 0 0 430 84 122 506 114 177
103 0 0 202 114 122 278 144 177
104 0 0 278 114 122 354 144 177
105 0 0 354 114 122 430 144 177
106 0 0 430 114 122 506 144 177
107 0 0 202 84 177 278 139 207
108 0 0 278 84 177 354 139 207
109 0 0 354 84 177 430 139 207
110 0 0 430 84 177 506 139 207
111 0 0 511 200 0 587 230 55
112 0 0 511 200 55 587 230 110
113 0 0 511 200 110 587 230 165
114 0 0 511 200 165 587 230 220
115 3 0 519 0 0 582 46 84
116 3 0 519 46 0 582 92 84
117 3 0 519 92 0 582 138 84
118 3 0 519 0 84 582 46 168
119 3 0 519 46 84 582 92 168
120 3 0 519 92 84 582 138 168
121 0 0 506 84 168 582 139 198
122 3 0 517 0 168 580 84 214
