Utilizacion 80.798169 VolCajasEmpacado 81.648828 Duracion[s] 60.002000 Iteraciones 5521
0 1 0 0 0 0 113 36 46
1 1 0 113 0 0 226 36 46
2 1 0 226 0 0 339 36 46
3 1 0 339 0 0 452 36 46
4 1 0 452 0 0 565 36 46
5 1 0 0 0 46 113 36 92
6 1 0 113 0 46 226 36 92
7 1 0 226 0 46 339 36 92
8 1 0 339 0 46 452 36 92
9 1 0 452 0 46 565 36 92
10 1 0 0 0 92 113 46 128
11 1 0 0 0 128 113 46 164
12 1 0 0 0 164 113 46 200
13 0 0 0 46 0 97 127 27
14 0 0 0 46 27 97 127 54
15 0 0 0 46 54 97 127 81
16 0 0 0 46 81 97 127 108
17 0 0 0 46 108 97 127 135
18 0 0 0 46 135 97 127 162
19 0 0 0 46 162 97 127 189
20 0 0 0 46 189 97 127 216
21 2 0 0 127 0 78 229 39
22 2 0 0 127 39 78 229 78
23 2 0 0 127 78 78 229 117
24 2 0 0 127 117 78 229 156
25 2 0 0 127 156 78 229 195
26 0 0 78 127 0 159 224 27
27 2 0 78 127 27 156 229 66
28 2 0 78 127 66 156 229 105
29 3 1 78 127 105 159 224 132
30 3 1 78 127 132 159 224 159
31 3 1 78 127 159 159 224 186
32 3 1 78 127 186 159 224 213
33 4 1 97 46 0 210 92 36
34 4 1 113 0 92 226 36 138
35 4 1 226 0 92 339 36 138
36 4 1 339 0 92 452 36 138
37 4 1 452 0 92 565 36 138
38 5 1 97 46 36 199 124 75
39 5 1 97 46 75 199 124 114
40 5 1 97 46 114 199 124 153
41 5 1 97 46 153 199 124 192
42 3 1 97 46 192 194 127 219
43 4 1 113 0 138 226 46 174
44 5 1 159 127 0 237 229 39
45 5 1 237 127 0 315 229 39
46 5 1 315 127 0 393 229 39
47 5 1 393 127 0 471 229 39
48 3 1 159 127 39 256 208 66
49 7 2 113 0 174 226 36 220
50 8 2 159 127 66 237 229 105
51 7 2 226 0 138 339 46 174
52 7 2 339 0 138 452 46 174
53 7 2 452 0 138 565 46 174
54 7 2 226 0 174 339 46 210
55 7 2 339 0 174 452 46 210
56 7 2 452 0 174 565 46 210
57 6 2 159 127 105 240 224 132
58 6 2 159 127 132 240 224 159
59 6 2 159 127 159 240 224 186
60 6 2 159 127 186 240 224 213
61 6 2 210 46 0 307 127 27
62 6 2 307 46 0 404 127 27
63 6 2 404 46 0 501 127 27
64 6 2 210 46 27 307 127 54
65 6 2 210 46 54 307 127 81
66 6 2 210 46 81 307 127 108
67 6 2 210 46 108 307 127 135
68 6 2 210 46 135 307 127 162
69 6 2 210 46 162 307 127 189
70 8 2 256 127 39 334 229 78
71 8 2 334 127 39 412 229 78
72 8 2 412 127 39 490 229 78
73 8 2 256 127 78 334 229 117
74 8 2 334 127 78 412 229 117
75 8 2 412 127 78 490 229 117
76 8 2 256 127 117 334 229 156
77 8 2 334 127 117 412 229 156
78 8 2 412 127 117 490 229 156
79 8 2 240 127 156 342 205 195
80 9 3 199 46 189 296 127 216
81 9 3 307 46 27 404 127 54
82 10 3 307 46 54 420 82 100
83 10 3 307 82 54 420 118 100
84 10 3 307 46 100 420 82 146
85 10 3 307 82 100 420 118 146
86 10 3 307 46 146 420 82 192
87 10 3 307 82 146 420 118 192
88 9 3 296 46 192 393 127 219
89 10 3 342 127 156 455 173 192
90 10 3 342 173 156 455 219 192
91 9 3 342 127 192 423 224 219
92 11 3 420 46 27 522 124 66
93 11 3 420 46 66 522 124 105
94 11 3 420 46 105 522 124 144
95 11 3 420 46 144 522 124 183
96 9 3 420 46 183 517 127 210
97 9 3 490 127 0 571 224 27
98 11 3 490 127 27 568 229 66
99 11 3 490 127 66 568 229 105
100 11 3 490 127 105 568 229 144
101 11 3 490 127 144 568 229 183
102 10 3 455 127 183 568 173 219
