Utilizacion 68.259107 VolCajasEmpacado 70.087776 Duracion[s] 60.006000 Iteraciones 5597
0 0 0 0 0 0 93 71 72
1 0 0 0 0 72 93 71 144
2 2 1 0 0 144 61 58 176
3 2 1 0 0 176 61 58 208
4 1 1 0 71 0 27 129 44
5 4 2 0 71 44 49 182 74
6 6 2 0 71 74 72 142 167
7 3 2 0 58 167 28 156 212
8 3 2 0 156 74 98 184 119
9 5 2 28 142 119 105 203 211
10 8 3 0 203 0 98 231 45
11 7 3 0 203 45 58 230 89
12 7 3 0 203 89 58 230 133
13 11 3 72 71 0 165 142 72
14 11 3 72 71 72 165 142 144
15 10 3 93 0 0 185 61 77
16 9 3 93 0 77 201 50 149
17 14 4 28 58 167 58 135 209
18 16 4 0 203 133 111 233 182
19 16 4 61 0 149 172 49 179
20 13 4 61 0 179 122 58 211
21 15 4 122 0 179 167 98 207
22 12 4 105 142 0 182 203 92
23 12 4 105 142 92 182 203 184
24 17 5 72 98 144 183 128 193
25 18 6 58 98 193 116 142 220
26 21 6 105 142 184 166 200 216
27 19 6 111 203 0 188 233 42
28 20 6 111 203 42 222 233 91
29 22 6 182 128 0 290 178 72
30 23 7 116 98 193 174 142 220
31 24 7 182 128 72 290 200 122
32 26 8 111 203 91 222 233 140
33 25 8 111 203 140 169 230 184
34 27 8 182 128 122 275 200 193
35 28 9 183 61 0 291 111 72
36 29 10 166 142 193 224 186 220
37 29 10 224 142 193 282 186 220
38 30 10 172 0 149 230 32 210
39 33 11 167 61 72 244 91 114
40 31 11 169 203 140 267 231 185
41 32 11 183 50 114 255 121 207
42 34 11 230 0 0 338 50 72
43 35 12 230 0 72 288 27 116
44 36 12 230 0 116 338 50 188
45 37 13 230 0 188 341 49 218
46 40 14 255 50 72 297 127 102
47 38 14 255 50 102 299 108 129
48 39 14 267 200 0 365 228 45
49 39 14 267 200 45 365 228 90
50 41 15 290 127 0 398 199 50
51 41 15 290 127 50 398 199 100
52 42 15 290 127 100 351 204 192
53 45 16 255 50 129 285 127 171
54 43 16 255 50 171 313 77 215
55 44 16 267 204 90 365 232 135
56 46 17 255 77 171 313 104 215
57 47 17 267 204 135 365 232 180
58 48 18 313 50 0 355 127 30
59 49 18 313 50 30 384 122 123
60 50 19 282 104 192 327 202 220
61 51 19 313 50 123 421 100 195
62 52 20 341 0 0 452 49 30
63 54 20 341 0 30 449 50 102
64 53 20 341 0 102 399 32 163
65 55 20 351 122 100 422 194 193
66 57 21 341 0 163 452 49 193
67 56 21 365 199 0 463 227 45
68 58 21 421 50 0 493 121 93
69 60 22 421 50 93 493 121 186
70 59 22 422 121 0 530 171 72
71 61 23 327 100 193 385 144 220
72 62 23 421 49 186 479 110 218
73 63 23 365 199 45 442 229 87
74 64 23 365 199 87 476 229 136
75 68 24 327 144 193 385 188 220
76 67 24 365 194 136 423 226 197
77 66 24 422 121 72 533 170 102
78 65 24 422 121 102 499 151 144
79 69 25 422 121 144 533 151 193
80 70 26 422 151 102 499 181 144
81 71 26 493 0 0 554 77 92
82 72 27 341 0 193 399 44 220
83 73 27 423 151 144 531 201 216
84 73 27 479 0 92 587 50 164
85 74 28 399 0 193 457 44 220
86 76 28 423 201 136 500 231 178
87 75 28 457 0 164 555 28 209
88 74 28 493 28 164 551 72 191
89 75 28 479 28 191 577 73 219
90 77 28 493 77 0 551 109 61
91 78 28 533 109 0 583 217 72
92 80 29 423 201 178 500 231 220
93 79 29 493 77 61 551 104 105
94 80 29 493 73 105 570 103 147
95 82 30 533 104 72 582 215 102
96 81 30 533 104 102 578 202 130
