Utilizacion 78.094074 VolCajasEmpacado 78.439475 Duracion[s] 60.011000 Iteraciones 1334
0 4 0 0 0 0 61 74 66
1 4 0 0 0 66 61 74 132
2 4 0 0 0 132 61 74 198
3 3 0 0 74 0 62 183 80
4 9 0 0 183 0 32 226 39
5 0 0 0 0 198 76 72 220
6 4 0 0 74 80 74 135 146
7 3 0 0 74 146 80 183 208
8 8 0 0 183 39 56 219 100
9 9 0 0 183 100 39 226 132
10 9 0 0 183 132 39 226 164
11 9 0 0 183 164 39 226 196
12 1 0 0 183 196 55 220 218
13 6 0 56 183 0 170 224 43
14 6 0 56 183 43 170 226 84
15 5 0 56 183 84 113 228 141
16 1 0 55 183 141 110 205 178
17 1 0 55 183 178 110 205 215
18 1 0 55 205 141 110 227 178
19 1 0 55 205 178 110 227 215
20 10 0 76 0 0 107 72 55
21 10 0 76 0 55 107 72 110
22 10 0 76 0 110 107 72 165
23 10 0 76 0 165 107 72 220
24 2 0 80 72 0 145 181 73
25 2 0 80 72 73 145 181 146
26 2 0 80 72 146 145 181 219
27 6 0 113 181 84 227 224 125
28 6 0 113 181 125 227 224 166
29 3 0 107 0 0 187 62 109
30 3 0 187 0 0 267 62 109
31 3 0 267 0 0 347 62 109
32 10 0 107 0 109 162 72 140
33 8 0 107 0 140 143 61 196
34 8 0 143 0 140 179 61 196
35 0 0 107 0 196 183 72 218
36 1 0 110 181 166 165 218 188
37 1 0 110 181 188 165 218 210
38 11 0 145 72 0 243 180 27
39 11 0 243 72 0 341 180 27
40 11 0 341 72 0 439 180 27
41 11 0 439 72 0 537 180 27
42 11 0 145 72 27 253 170 54
43 11 0 145 72 54 253 170 81
44 11 0 145 72 81 253 170 108
45 7 0 145 72 108 237 169 148
46 7 0 145 72 148 237 169 188
47 0 0 145 72 188 221 144 210
48 8 0 165 169 166 226 225 202
49 2 0 183 0 109 292 65 182
50 0 0 183 0 182 259 72 204
51 0 0 253 72 27 329 144 49
52 0 0 253 144 27 329 216 49
53 0 0 253 72 49 329 144 71
54 0 0 253 144 49 329 216 71
55 2 0 292 0 109 357 73 218
56 13 1 227 170 71 307 232 180
57 23 1 226 169 180 281 191 217
58 23 1 226 191 180 281 213 217
59 19 1 237 73 108 269 112 151
60 19 1 237 112 108 269 151 151
61 19 1 237 73 151 269 112 194
62 19 1 237 112 151 269 151 194
63 22 1 221 73 194 297 145 216
64 23 1 281 145 180 303 200 217
65 19 1 281 200 180 324 232 219
66 15 1 297 73 71 354 130 116
67 15 1 297 73 116 354 130 161
68 15 1 297 73 161 354 130 206
69 23 1 307 130 71 329 185 108
70 23 1 307 130 108 329 185 145
71 23 1 307 130 145 329 185 182
72 23 1 307 130 182 329 185 219
73 17 1 329 130 27 426 222 67
74 17 1 329 130 67 426 222 107
75 17 1 329 130 107 426 222 147
76 17 1 329 130 147 426 222 187
77 23 1 324 185 187 379 222 209
78 23 1 329 130 187 384 167 209
79 23 1 384 130 187 439 167 209
80 18 1 354 73 27 415 129 63
81 18 1 354 73 63 415 129 99
82 18 1 354 73 99 415 129 135
83 18 1 354 73 135 415 129 171
84 18 1 354 73 171 415 129 207
85 12 1 357 0 0 466 65 73
86 12 1 357 0 73 466 65 146
87 12 1 357 0 146 466 65 219
88 20 1 379 167 187 451 222 218
89 12 1 415 65 27 488 130 136
90 12 1 415 65 136 524 130 209
91 18 1 439 130 27 500 166 83
92 20 1 439 130 83 511 161 138
93 14 1 451 130 138 525 191 204
94 16 1 451 191 0 565 232 43
95 16 1 451 191 43 565 232 86
96 16 1 451 191 86 565 232 129
97 16 1 451 191 129 565 232 172
98 16 1 451 191 172 565 232 215
99 16 1 466 0 0 580 41 43
100 16 1 466 0 43 580 41 86
101 16 1 466 0 86 580 41 129
102 16 1 466 0 129 580 41 172
103 16 1 466 0 172 580 41 215
104 16 1 537 41 0 580 155 41
105 13 1 524 41 41 586 121 150
106 14 1 524 41 150 585 115 216
107 14 1 525 121 41 586 187 115
108 14 1 525 121 115 586 187 189
