Utilizacion 79.448248 VolCajasEmpacado 80.626618 Duracion[s] 60.082000 Iteraciones 373
0 1 0 0 0 0 78 72 73
1 1 0 0 72 0 78 144 73
2 1 0 0 144 0 78 216 73
3 1 0 0 0 73 78 72 146
4 1 0 0 72 73 78 144 146
5 1 0 0 144 73 78 216 146
6 1 0 0 0 146 78 72 219
7 1 0 0 72 146 78 144 219
8 1 0 0 144 146 78 216 219
9 15 0 78 0 0 153 35 44
10 15 0 153 0 0 228 35 44
11 15 0 78 0 44 153 35 88
12 15 0 153 0 44 228 35 88
13 15 0 78 0 88 153 35 132
14 15 0 153 0 88 228 35 132
15 15 0 78 0 132 153 35 176
16 15 0 153 0 132 228 35 176
17 15 0 78 0 176 153 35 220
18 15 0 153 0 176 228 35 220
19 9 0 78 35 0 130 73 53
20 9 0 130 35 0 182 73 53
21 9 0 182 35 0 234 73 53
22 9 0 234 35 0 286 73 53
23 9 0 286 35 0 338 73 53
24 9 0 338 35 0 390 73 53
25 9 0 390 35 0 442 73 53
26 9 0 442 35 0 494 73 53
27 9 0 494 35 0 546 73 53
28 3 0 78 35 53 182 85 127
29 3 0 78 35 127 182 85 201
30 12 0 78 85 0 127 122 38
31 12 0 127 85 0 176 122 38
32 12 0 78 122 0 127 159 38
33 12 0 127 122 0 176 159 38
34 12 0 78 159 0 127 196 38
35 12 0 127 159 0 176 196 38
36 12 0 78 196 0 127 233 38
37 12 0 127 196 0 176 233 38
38 14 0 78 85 38 176 145 73
39 14 0 78 145 38 176 205 73
40 14 0 78 85 73 176 145 108
41 14 0 78 145 73 176 205 108
42 14 0 78 85 108 176 145 143
43 14 0 78 145 108 176 205 143
44 11 0 78 85 143 120 133 180
45 11 0 78 85 180 120 133 217
46 6 0 78 133 143 176 226 184
47 18 0 78 133 184 125 167 210
48 18 0 125 133 184 172 167 210
49 18 0 78 167 184 125 201 210
50 18 0 125 167 184 172 201 210
51 10 0 78 201 184 152 222 218
52 9 0 120 85 143 172 123 196
53 10 0 120 85 196 194 119 217
54 18 0 152 201 184 199 227 218
55 5 0 182 35 53 227 84 113
56 5 0 182 35 113 227 84 173
57 11 0 182 35 173 230 77 210
58 8 0 176 119 0 255 159 50
59 8 0 176 159 0 255 199 50
60 6 0 230 0 53 328 93 94
61 6 0 328 0 53 426 93 94
62 6 0 230 0 94 328 93 135
63 6 0 328 0 94 426 93 135
64 6 0 230 0 135 328 93 176
65 6 0 328 0 135 426 93 176
66 6 0 230 0 176 328 93 217
67 6 0 328 0 176 426 93 217
68 19 0 176 119 50 238 196 74
69 19 0 176 119 74 238 196 98
70 19 0 176 119 98 238 196 122
71 19 0 176 119 122 238 196 146
72 19 0 176 119 146 238 196 170
73 19 0 176 119 170 238 196 194
74 19 0 176 119 194 238 196 218
75 8 0 426 0 53 476 79 93
76 8 0 426 0 93 476 79 133
77 8 0 426 0 133 476 79 173
78 8 0 426 0 173 476 79 213
79 18 0 194 84 0 220 118 47
80 18 0 194 84 47 220 118 94
81 18 0 194 84 94 220 118 141
82 18 0 194 84 141 220 118 188
83 10 0 199 199 0 273 233 21
84 10 0 199 199 21 273 233 42
85 10 0 199 199 42 273 233 63
86 13 0 199 196 63 271 232 125
87 13 0 199 196 125 271 232 187
88 18 0 199 196 187 246 230 213
89 18 0 220 93 0 267 119 34
90 17 0 220 93 34 275 119 84
91 17 0 220 93 84 275 119 134
92 17 0 220 93 134 275 119 184
93 18 0 220 93 184 267 119 218
94 16 0 238 119 50 269 181 90
95 19 0 238 119 90 300 196 114
96 9 0 238 119 114 291 157 166
97 9 0 238 119 166 291 157 218
98 17 0 238 157 114 293 183 164
99 12 0 238 157 164 275 195 213
100 0 0 273 196 0 341 233 59
101 0 0 273 196 59 341 233 118
102 0 0 273 196 118 341 233 177
103 16 0 271 195 177 333 226 217
104 17 0 275 93 0 330 119 50
105 0 0 300 119 0 359 156 68
106 0 0 300 156 0 359 193 68
107 0 0 300 119 68 359 156 136
108 0 0 300 156 68 359 193 136
109 0 0 300 119 136 359 156 204
110 0 0 300 156 136 359 193 204
111 7 0 476 0 53 559 70 93
112 7 0 476 0 93 559 70 133
113 7 0 476 0 133 559 70 173
114 7 0 476 0 173 559 70 213
115 16 0 341 193 0 403 233 31
116 16 0 403 193 0 465 233 31
117 16 0 465 193 0 527 233 31
118 13 0 341 193 31 413 229 93
119 13 0 341 193 93 413 229 155
120 13 0 341 193 155 413 229 217
121 16 0 359 93 0 421 124 40
122 16 0 359 124 0 421 155 40
123 16 0 359 155 0 421 186 40
124 16 0 359 93 40 421 124 80
125 16 0 359 124 40 421 155 80
126 16 0 359 155 40 421 186 80
127 3 0 359 93 80 463 143 154
128 3 0 359 143 80 463 193 154
129 5 0 359 93 154 419 142 199
130 5 0 419 93 154 479 142 199
131 5 0 359 142 154 419 191 199
132 5 0 419 142 154 479 191 199
133 8 0 413 193 31 463 233 110
134 8 0 413 193 110 463 233 189
135 8 0 463 191 31 542 231 81
136 8 0 463 191 81 542 231 131
137 7 0 463 191 131 546 231 201
138 4 0 479 73 0 587 122 69
139 4 0 479 122 0 587 171 69
140 4 0 479 73 69 587 122 138
141 4 0 479 122 69 587 171 138
142 4 0 479 73 138 587 122 207
143 4 0 479 122 138 587 171 207
144 11 0 546 171 0 583 219 42
