Utilizacion 78.842219 VolCajasEmpacado 80.188258 Duracion[s] 60.018000 Iteraciones 600
0 1 0 0 0 0 69 65 102
1 1 0 0 65 0 69 130 102
2 1 0 0 0 102 69 65 204
3 1 0 0 65 102 69 130 204
4 3 0 0 130 0 75 183 81
5 3 0 0 130 81 75 183 162
6 15 0 0 130 162 92 177 191
7 15 0 0 130 191 92 177 220
8 5 0 0 183 0 52 233 54
9 5 0 0 183 54 52 233 108
10 5 0 0 183 108 52 233 162
11 5 0 0 183 162 52 233 216
12 12 0 52 183 0 104 233 37
13 12 0 52 183 37 104 233 74
14 12 0 52 183 74 104 233 111
15 12 0 52 183 111 104 233 148
16 12 0 52 183 148 104 233 185
17 10 0 52 177 185 118 197 218
18 16 0 52 197 185 90 228 211
19 3 0 69 0 0 144 81 53
20 3 0 69 0 53 144 81 106
21 3 0 69 0 106 144 81 159
22 3 0 69 0 159 144 81 212
23 16 0 69 81 0 100 119 26
24 16 0 100 81 0 131 119 26
25 16 0 131 81 0 162 119 26
26 16 0 162 81 0 193 119 26
27 16 0 193 81 0 224 119 26
28 16 0 224 81 0 255 119 26
29 15 0 69 81 26 161 128 55
30 15 0 69 81 55 161 128 84
31 15 0 69 81 84 161 128 113
32 15 0 69 81 113 161 128 142
33 15 0 69 81 142 161 128 171
34 15 0 69 81 171 161 128 200
35 10 0 69 81 200 135 114 220
36 15 0 92 128 0 184 175 29
37 6 0 92 128 29 189 174 105
38 10 0 92 128 105 158 148 138
39 10 0 92 148 105 158 168 138
40 10 0 92 128 138 158 148 171
41 10 0 92 148 138 158 168 171
42 10 0 92 128 171 158 148 204
43 10 0 92 148 171 158 168 204
44 0 0 158 128 105 198 204 160
45 0 0 158 128 160 198 204 215
46 15 0 104 204 0 196 233 47
47 15 0 104 204 47 196 233 94
48 10 0 104 204 94 170 224 127
49 4 0 144 0 0 206 52 59
50 4 0 144 0 59 206 52 118
51 4 0 144 0 118 206 52 177
52 0 0 144 0 177 199 76 217
53 8 0 161 76 26 240 118 97
54 5 0 161 76 97 215 128 147
55 8 0 161 76 147 240 118 218
56 8 0 198 128 0 277 170 71
57 8 0 198 170 0 277 212 71
58 2 0 198 128 71 251 218 169
59 0 0 198 118 169 253 194 209
60 11 0 198 194 169 288 232 207
61 11 0 206 0 0 296 38 38
62 11 0 206 38 0 296 76 38
63 11 0 206 0 38 296 38 76
64 11 0 206 38 38 296 76 76
65 11 0 206 0 76 296 38 114
66 11 0 206 38 76 296 76 114
67 13 0 206 0 114 292 36 174
68 13 0 206 36 114 292 72 174
69 6 0 206 0 174 303 76 220
70 4 0 255 76 0 317 128 59
71 8 0 240 76 59 311 118 138
72 8 0 240 76 138 319 118 209
73 0 0 253 118 71 293 194 126
74 0 0 253 118 126 308 194 166
75 5 0 253 118 166 307 168 218
76 13 0 288 194 0 374 230 60
77 11 0 288 194 60 378 232 98
78 13 0 288 194 98 374 230 158
79 13 0 288 194 158 374 230 218
80 3 0 303 0 0 384 75 53
81 3 0 303 0 53 384 75 106
82 3 0 303 0 106 384 75 159
83 3 0 303 0 159 384 75 212
84 9 0 308 128 0 348 194 60
85 9 0 348 128 0 388 194 60
86 9 0 308 128 60 348 194 120
87 9 0 348 128 60 388 194 120
88 9 0 308 128 120 348 194 180
89 9 0 348 128 120 388 194 180
90 13 0 307 118 180 393 178 216
91 0 0 319 75 0 374 115 76
92 8 0 319 75 76 398 117 147
93 8 0 319 75 147 398 117 218
94 13 0 378 194 0 464 230 60
95 14 0 378 194 60 470 228 107
96 8 0 388 178 107 459 220 186
97 3 0 384 0 0 465 75 53
98 8 0 384 0 53 426 71 132
99 8 0 384 0 132 426 71 211
100 18 0 426 0 53 495 103 75
101 18 0 426 0 75 495 103 97
102 18 0 426 0 97 495 103 119
103 18 0 426 0 119 495 103 141
104 18 0 426 0 141 495 103 163
105 18 0 426 0 163 495 103 185
106 18 0 426 0 185 495 103 207
107 4 0 393 117 0 455 169 59
108 4 0 393 117 59 455 169 118
109 4 0 393 117 118 455 169 177
110 9 0 393 117 177 459 177 217
111 4 0 459 103 0 521 155 59
112 4 0 521 103 0 583 155 59
113 8 0 459 103 59 530 145 138
114 8 0 459 103 138 530 145 217
115 6 0 470 155 0 567 231 46
116 6 0 470 155 46 567 231 92
117 6 0 470 155 92 567 231 138
118 6 0 470 155 138 567 231 184
119 17 0 459 145 184 552 230 207
120 19 0 495 0 0 579 91 21
121 2 0 495 0 21 585 98 74
122 2 0 495 0 74 585 98 127
123 2 0 495 0 127 585 98 180
124 19 0 495 0 180 579 91 201
