Utilizacion 69.621963 VolCajasEmpacado 70.460557 Duracion[s] 60.034000 Iteraciones 1478
0 4 0 0 0 0 63 43 65
1 4 0 0 43 0 63 86 65
2 13 0 0 86 0 62 154 26
3 13 0 0 154 0 62 222 26
4 13 0 0 86 26 62 154 52
5 13 0 0 154 26 62 222 52
6 1 0 0 86 52 93 160 72
7 7 0 0 0 65 50 40 133
8 7 0 0 40 65 50 80 133
9 2 0 0 160 52 97 232 109
10 2 0 0 160 109 97 232 166
11 6 0 0 0 133 40 108 204
12 3 0 0 108 72 79 159 152
13 11 0 0 108 152 113 158 182
14 11 0 0 108 182 113 158 212
15 1 0 0 158 166 93 232 186
16 1 0 0 158 186 93 232 206
17 0 0 40 80 72 119 101 108
18 14 0 40 80 108 160 103 151
19 8 0 63 0 0 119 76 38
20 10 0 63 0 38 142 42 69
21 10 0 63 0 69 142 42 100
22 5 0 50 0 100 126 42 177
23 9 0 40 0 177 95 63 208
24 8 0 95 0 177 151 76 215
25 1 0 97 158 0 190 232 20
26 12 0 97 158 20 212 227 49
27 6 0 97 158 49 205 229 89
28 12 0 97 158 89 212 227 118
29 12 0 97 158 118 212 227 147
30 22 1 40 76 151 119 107 193
31 16 1 97 158 147 194 215 219
32 17 1 113 107 0 193 158 79
33 17 1 193 107 0 273 158 79
34 21 1 119 76 151 195 114 207
35 19 1 113 114 79 189 156 156
36 25 1 113 114 156 233 157 179
37 25 1 113 114 179 233 157 202
38 21 1 151 0 0 207 76 38
39 21 1 207 0 0 263 76 38
40 18 1 151 0 38 214 43 103
41 19 1 151 0 103 193 76 180
42 15 1 151 0 180 213 68 206
43 23 1 195 76 0 308 106 50
44 23 1 195 76 50 308 106 100
45 23 1 195 76 100 308 106 150
46 23 1 195 76 150 308 106 200
47 18 1 233 106 79 276 171 142
48 18 1 233 106 142 276 171 205
49 26 1 214 0 38 307 74 58
50 26 1 214 0 58 307 74 78
51 26 1 214 0 78 307 74 98
52 26 1 214 0 98 307 74 118
53 15 1 212 171 0 280 233 26
54 15 1 212 171 26 280 233 52
55 24 1 213 0 118 328 69 147
56 24 1 213 0 147 328 69 176
57 18 1 212 171 52 275 214 117
58 16 1 212 171 117 284 228 214
59 25 1 213 0 176 333 23 219
60 20 1 276 106 0 384 146 71
61 36 2 213 23 176 333 46 219
62 36 2 213 46 176 333 69 219
63 39 2 276 106 71 355 148 102
64 35 2 276 106 102 344 168 128
65 35 2 276 106 128 344 168 154
66 33 2 276 106 154 339 161 185
67 33 2 276 106 185 339 161 216
68 33 2 284 168 0 339 231 31
69 33 2 339 168 0 394 231 31
70 39 2 284 168 31 363 199 73
71 39 2 284 199 31 363 230 73
72 37 2 284 168 73 363 189 109
73 37 2 284 168 109 363 189 145
74 31 2 284 168 145 352 208 195
75 28 2 363 146 31 414 225 111
76 27 2 308 69 0 421 99 50
77 32 2 352 189 111 428 227 167
78 34 2 333 0 0 448 69 29
79 34 2 448 0 0 563 69 29
80 34 2 333 0 29 448 69 58
81 34 2 448 0 29 563 69 58
82 30 2 333 0 58 441 71 98
83 30 2 333 0 98 441 71 138
84 30 2 333 0 138 441 71 178
85 30 2 333 0 178 441 71 218
86 32 2 441 0 58 517 56 96
87 29 2 384 99 0 460 141 77
88 29 2 441 0 96 517 77 138
89 29 2 441 0 138 517 77 180
90 38 2 441 0 180 515 93 200
91 28 2 355 93 77 435 144 156
92 38 2 339 71 156 432 145 176
93 38 2 339 71 176 413 164 196
94 38 2 441 0 200 515 93 220
95 31 2 352 164 167 420 214 207
96 47 3 339 93 196 459 136 219
97 42 3 420 145 0 496 187 77
98 42 3 420 145 77 496 187 154
99 50 3 420 145 154 483 176 209
100 42 3 428 187 0 505 229 76
101 40 3 428 187 76 493 230 139
102 40 3 428 187 139 493 230 202
103 45 3 460 93 0 573 143 30
104 45 3 460 93 30 573 143 60
105 45 3 460 93 60 573 143 90
106 44 3 459 93 90 527 143 130
107 41 3 459 93 130 539 144 209
108 44 3 496 144 0 546 184 68
109 48 3 496 144 68 575 180 89
110 46 3 496 144 89 564 206 115
111 46 3 496 144 115 564 206 141
112 50 3 493 187 141 556 218 196
113 41 3 517 0 58 568 79 138
114 41 3 517 0 138 568 79 218
