Utilizacion 87.131768 VolCajasEmpacado 88.314719 Duracion[s] 60.006000 Iteraciones 1860
0 4 0 0 0 0 90 63 70
1 4 0 90 0 0 180 63 70
2 4 0 180 0 0 270 63 70
3 4 0 270 0 0 360 63 70
4 4 0 360 0 0 450 63 70
5 4 0 0 0 70 90 63 140
6 4 0 90 0 70 180 63 140
7 4 0 180 0 70 270 63 140
8 4 0 270 0 70 360 63 140
9 4 0 360 0 70 450 63 140
10 4 0 0 0 140 90 63 210
11 4 0 90 0 140 180 63 210
12 4 0 180 0 140 270 63 210
13 4 0 270 0 140 360 63 210
14 4 0 360 0 140 450 63 210
15 3 0 0 63 0 80 139 54
16 3 0 0 139 0 80 215 54
17 3 0 0 63 54 80 139 108
18 3 0 0 139 54 80 215 108
19 3 0 0 63 108 80 139 162
20 3 0 0 139 108 80 215 162
21 3 0 0 63 162 80 139 216
22 3 0 0 139 162 80 215 216
23 3 0 80 63 0 156 143 54
24 3 0 80 143 0 156 223 54
25 3 0 80 63 54 156 143 108
26 3 0 80 143 54 156 223 108
27 3 0 80 63 108 156 143 162
28 3 0 80 143 108 156 223 162
29 3 0 80 63 162 156 143 216
30 3 0 80 143 162 156 223 216
31 1 0 156 63 0 250 148 39
32 1 0 156 148 0 250 233 39
33 1 0 156 63 39 250 148 78
34 1 0 156 148 39 250 233 78
35 1 0 156 63 78 250 148 117
36 1 0 156 148 78 250 233 117
37 1 0 156 63 117 250 148 156
38 1 0 156 148 117 250 233 156
39 1 0 156 63 156 250 148 195
40 1 0 156 148 156 250 233 195
41 0 0 250 63 0 328 147 28
42 0 0 328 63 0 406 147 28
43 0 0 250 147 0 328 231 28
44 0 0 328 147 0 406 231 28
45 0 0 250 63 28 328 147 56
46 0 0 328 63 28 406 147 56
47 0 0 250 147 28 328 231 56
48 0 0 328 147 28 406 231 56
49 0 0 250 63 56 328 147 84
50 0 0 328 63 56 406 147 84
51 0 0 250 147 56 328 231 84
52 0 0 328 147 56 406 231 84
53 0 0 250 63 84 328 147 112
54 0 0 328 63 84 406 147 112
55 0 0 250 147 84 328 231 112
56 0 0 328 147 84 406 231 112
57 0 0 250 63 112 328 147 140
58 0 0 328 63 112 406 147 140
59 0 0 250 147 112 328 231 140
60 0 0 328 147 112 406 231 140
61 0 0 250 63 140 328 147 168
62 0 0 328 63 140 406 147 168
63 0 0 250 147 140 328 231 168
64 0 0 328 147 140 406 231 168
65 0 0 250 63 168 328 147 196
66 0 0 328 63 168 406 147 196
67 0 0 250 147 168 328 231 196
68 0 0 328 147 168 406 231 196
69 1 0 406 63 0 500 148 39
70 1 0 406 148 0 500 233 39
71 1 0 406 63 39 500 148 78
72 1 0 406 148 39 500 233 78
73 1 0 406 63 78 500 148 117
74 1 0 406 148 78 500 233 117
75 1 0 406 63 117 500 148 156
76 1 0 406 148 117 500 233 156
77 1 0 406 63 156 500 148 195
78 1 0 406 148 156 500 233 195
79 2 0 450 0 0 519 45 50
80 2 0 450 0 50 519 45 100
81 2 0 450 0 100 519 45 150
82 2 0 450 0 150 519 45 200
83 3 0 500 45 0 576 125 54
84 3 0 500 45 54 576 125 108
85 3 0 500 45 108 576 125 162
86 3 0 500 45 162 576 125 216
87 2 0 500 125 0 545 175 69
88 2 0 500 175 0 545 225 69
89 2 0 500 125 69 569 175 114
90 2 0 500 125 114 569 175 159
91 2 0 500 125 159 569 175 204
92 2 0 500 175 69 569 220 119
93 2 0 500 175 119 569 220 169
94 2 0 500 175 169 569 220 219
95 2 0 519 0 0 569 45 69
96 2 0 519 0 69 569 45 138
97 2 0 519 0 138 569 45 207
