Utilizacion 76.869658 VolCajasEmpacado 77.792696 Duracion[s] 60.029000 Iteraciones 1067
0 3 0 0 0 0 71 88 61
1 3 0 71 0 0 142 88 61
2 3 0 142 0 0 213 88 61
3 1 0 0 0 61 69 86 140
4 1 0 0 0 140 69 86 219
5 5 0 0 88 0 109 156 59
6 5 0 0 156 0 109 224 59
7 18 0 69 0 61 106 96 112
8 18 0 69 0 112 106 96 163
9 18 0 69 0 163 106 96 214
10 7 0 106 0 61 160 78 118
11 7 0 160 0 61 214 78 118
12 10 0 106 0 118 149 68 169
13 10 0 106 0 169 149 68 220
14 2 0 0 88 59 69 192 129
15 2 0 0 88 129 69 192 199
16 13 0 0 192 59 53 223 105
17 17 0 0 192 105 69 228 162
18 17 0 0 192 162 69 228 219
19 14 0 149 0 118 221 74 151
20 14 0 149 0 151 221 74 184
21 14 0 149 0 184 221 74 217
22 5 0 69 96 59 137 205 118
23 5 0 69 96 118 137 205 177
24 12 0 69 96 177 136 168 199
25 16 0 69 168 177 117 204 214
26 16 0 117 168 177 153 216 214
27 5 0 137 88 0 196 156 109
28 5 0 137 88 109 196 156 218
29 6 0 153 156 0 220 231 54
30 2 0 153 156 54 257 226 123
31 2 0 153 156 123 257 226 192
32 0 0 153 156 192 249 229 216
33 5 0 196 88 0 255 156 109
34 5 0 196 88 109 255 156 218
35 15 0 221 0 0 305 82 34
36 8 0 221 0 34 340 55 88
37 4 0 221 0 88 282 72 157
38 8 0 221 0 157 340 54 212
39 16 0 255 54 157 292 90 205
40 16 0 255 90 0 292 138 36
41 11 0 257 138 0 377 231 46
42 9 0 257 90 46 328 208 99
43 9 0 257 90 99 328 208 152
44 19 0 257 90 152 331 167 189
45 36 1 255 90 189 308 136 220
46 36 1 257 136 189 310 182 220
47 33 1 257 182 152 305 219 188
48 29 1 305 182 152 348 233 220
49 30 1 331 55 0 408 129 37
50 30 1 408 55 0 485 129 37
51 30 1 485 55 0 562 129 37
52 35 1 331 55 37 403 129 70
53 35 1 331 55 70 403 129 103
54 35 1 331 55 103 403 129 136
55 35 1 331 55 136 403 129 169
56 35 1 331 55 169 403 129 202
57 33 1 331 129 46 379 166 82
58 33 1 331 129 82 379 166 118
59 32 1 331 129 118 388 165 187
60 25 1 340 0 0 418 54 57
61 25 1 418 0 0 496 54 57
62 25 1 496 0 0 574 54 57
63 25 1 340 0 57 418 54 114
64 25 1 418 0 57 496 54 114
65 25 1 496 0 57 574 54 114
66 31 1 340 0 114 436 51 151
67 32 1 340 0 151 397 36 220
68 24 1 348 166 46 402 233 121
69 24 1 348 166 121 402 233 196
70 37 1 348 129 196 421 225 220
71 24 1 397 0 151 472 54 218
72 23 1 403 54 37 475 115 106
73 23 1 475 54 37 547 115 106
74 21 1 472 0 114 576 70 183
75 30 1 472 0 183 549 74 220
76 24 1 403 54 106 470 129 160
77 24 1 403 54 160 470 129 214
78 28 1 421 129 0 541 222 46
79 28 1 421 129 46 541 222 92
80 22 1 421 129 92 492 217 153
81 22 1 421 129 153 492 217 214
82 24 1 470 74 106 537 128 181
83 31 1 470 74 181 566 125 218
84 20 1 492 128 92 578 197 171
85 38 1 492 128 171 559 200 193
86 38 1 492 128 193 559 200 215
