Utilizacion 87.606410 VolCajasEmpacado 88.627641 Duracion[s] 60.005000 Iteraciones 3758
0 3 0 0 0 0 50 76 73
1 3 0 0 76 0 50 152 73
2 3 0 0 152 0 50 228 73
3 3 0 0 0 73 50 76 146
4 3 0 0 76 73 50 152 146
5 3 0 0 152 73 50 228 146
6 3 0 0 0 146 50 76 219
7 3 0 0 76 146 50 152 219
8 3 0 0 152 146 50 228 219
9 4 0 50 0 0 131 74 105
10 4 0 131 0 0 212 74 105
11 4 0 212 0 0 293 74 105
12 4 0 293 0 0 374 74 105
13 4 0 374 0 0 455 74 105
14 4 0 455 0 0 536 74 105
15 4 0 50 0 105 131 74 210
16 4 0 131 0 105 212 74 210
17 4 0 212 0 105 293 74 210
18 4 0 293 0 105 374 74 210
19 4 0 374 0 105 455 74 210
20 4 0 455 0 105 536 74 210
21 4 0 50 74 0 131 148 105
22 4 0 50 74 105 131 148 210
23 4 0 50 148 0 131 222 105
24 4 0 50 148 105 131 222 210
25 2 0 131 74 0 245 151 42
26 2 0 131 151 0 245 228 42
27 2 0 131 74 42 245 151 84
28 2 0 131 151 42 245 228 84
29 2 0 131 74 84 245 151 126
30 2 0 131 151 84 245 228 126
31 2 0 131 74 126 245 151 168
32 2 0 131 151 126 245 228 168
33 2 0 131 74 168 245 151 210
34 2 0 131 151 168 245 228 210
35 2 0 245 74 0 359 151 42
36 2 0 359 74 0 473 151 42
37 2 0 473 74 0 587 151 42
38 2 0 245 151 0 359 228 42
39 2 0 359 151 0 473 228 42
40 2 0 473 151 0 587 228 42
41 2 0 245 74 42 359 151 84
42 2 0 359 74 42 473 151 84
43 2 0 473 74 42 587 151 84
44 2 0 245 151 42 359 228 84
45 2 0 359 151 42 473 228 84
46 2 0 473 151 42 587 228 84
47 3 0 245 74 84 318 124 160
48 3 0 245 124 84 318 174 160
49 3 0 245 174 84 318 224 160
50 0 0 245 74 160 320 144 183
51 0 0 245 144 160 320 214 183
52 0 0 245 74 183 320 144 206
53 0 0 245 144 183 320 214 206
54 0 0 320 74 84 395 144 107
55 0 0 320 144 84 395 214 107
56 0 0 320 74 107 395 144 130
57 0 0 320 144 107 395 214 130
58 0 0 320 74 130 395 144 153
59 0 0 320 144 130 395 214 153
60 0 0 320 74 153 395 144 176
61 0 0 320 144 153 395 214 176
62 0 0 320 74 176 395 144 199
63 0 0 320 144 176 395 214 199
64 1 0 395 74 84 486 178 125
65 1 0 486 74 84 577 178 125
66 1 0 395 74 125 486 178 166
67 1 0 486 74 125 577 178 166
68 1 0 395 74 166 486 178 207
69 1 0 486 74 166 577 178 207
70 3 0 395 178 84 468 228 160
71 3 0 468 178 84 541 228 160
72 3 0 536 0 0 586 73 76
