Utilizacion 79.829459 VolCajasEmpacado 81.114903 Duracion[s] 60.008000 Iteraciones 1637
0 3 0 0 0 0 97 49 73
1 3 0 0 0 73 97 49 146
2 3 0 0 0 146 97 49 219
3 3 0 0 49 0 49 122 97
4 3 0 49 49 0 98 122 97
5 3 0 98 49 0 147 122 97
6 3 0 0 122 0 49 195 97
7 3 0 49 122 0 98 195 97
8 3 0 98 122 0 147 195 97
9 4 0 0 195 0 52 215 37
10 4 0 0 49 97 20 101 134
11 4 0 0 101 97 20 153 134
12 4 0 0 153 97 20 205 134
13 4 0 0 49 134 37 101 154
14 4 0 0 101 134 37 153 154
15 4 0 0 153 134 37 205 154
16 0 0 0 49 154 64 85 220
17 0 0 0 85 154 64 121 220
18 0 0 0 121 154 64 157 220
19 0 0 0 157 154 64 193 220
20 4 0 0 193 154 52 213 191
21 4 0 0 193 191 52 230 211
22 1 0 52 195 0 161 232 63
23 1 0 52 195 63 161 232 126
24 1 0 52 195 126 161 232 189
25 1 0 64 49 97 101 158 160
26 3 0 64 49 160 137 146 209
27 2 0 101 146 97 170 189 157
28 2 0 101 146 157 170 189 217
29 2 0 97 0 0 157 43 69
30 2 0 97 0 69 157 43 138
31 2 0 97 0 138 157 43 207
32 2 0 147 43 0 207 86 69
33 2 0 147 86 0 207 129 69
34 2 0 147 43 69 216 86 129
35 5 1 52 193 189 104 230 209
36 5 1 104 189 189 156 226 209
37 7 1 137 43 129 246 106 166
38 7 1 137 43 166 246 106 203
39 5 1 147 106 69 199 143 89
40 6 1 147 106 89 211 142 155
41 5 1 137 106 155 189 126 192
42 5 1 137 126 155 189 146 192
43 5 1 137 106 192 189 143 212
44 8 1 157 0 0 226 43 60
45 8 1 157 0 60 226 43 120
46 8 1 157 0 120 226 43 180
47 5 1 157 0 180 209 20 217
48 8 1 161 189 0 221 232 69
49 8 1 161 189 69 221 232 138
50 8 1 161 189 138 221 232 207
51 6 1 170 146 0 234 182 66
52 6 1 170 146 66 234 182 132
53 6 1 170 146 132 234 182 198
54 6 1 211 106 0 275 142 66
55 6 1 211 106 66 275 142 132
56 6 1 211 106 132 277 142 196
57 9 1 221 182 0 294 231 97
58 9 1 294 182 0 367 231 97
59 9 1 367 182 0 440 231 97
60 9 1 440 182 0 513 231 97
61 14 2 157 20 180 209 40 217
62 14 2 170 143 198 222 180 218
63 14 2 189 106 196 241 143 216
64 13 2 221 182 97 287 218 161
65 14 2 221 182 161 273 219 181
66 14 2 221 182 181 273 202 218
67 10 2 226 0 0 335 37 63
68 10 2 226 0 63 335 37 126
69 10 2 226 0 126 335 37 189
70 10 2 234 143 0 343 180 63
71 10 2 234 143 63 343 180 126
72 10 2 234 143 126 343 180 189
73 12 2 246 37 0 315 80 60
74 12 2 246 37 60 315 80 120
75 12 2 246 37 120 315 80 180
76 13 2 246 37 180 310 103 216
77 12 2 287 180 97 356 223 157
78 12 2 287 180 157 356 223 217
79 13 2 277 103 0 341 139 66
80 13 2 277 103 66 341 139 132
81 13 2 277 103 132 341 139 198
82 11 2 315 37 0 412 86 73
83 11 2 412 37 0 509 86 73
84 11 2 315 37 73 412 86 146
85 11 2 412 37 73 509 86 146
86 11 2 315 37 146 412 86 219
87 11 2 412 37 146 509 86 219
88 11 2 341 86 0 438 135 73
89 11 2 341 86 73 438 135 146
90 11 2 341 86 146 438 135 219
91 12 2 343 135 0 403 178 69
92 12 2 343 135 69 403 178 138
93 15 3 209 0 189 261 37 209
94 15 3 234 143 189 286 180 209
95 15 3 261 0 189 313 37 209
96 15 3 286 139 189 338 176 209
97 17 3 335 0 0 444 37 63
98 17 3 444 0 0 553 37 63
99 18 3 343 135 138 403 178 207
100 18 3 356 178 97 425 221 157
101 17 3 356 178 157 465 215 220
102 17 3 335 0 63 444 37 126
103 17 3 335 0 126 444 37 189
104 18 3 403 135 0 463 178 69
105 18 3 403 135 69 463 178 138
106 18 3 403 135 138 463 178 207
107 19 3 438 86 0 511 135 97
108 19 3 511 86 0 584 135 97
109 19 3 438 86 97 511 135 194
110 19 3 465 135 97 538 232 146
111 19 3 465 135 146 538 232 195
112 16 3 444 0 63 508 36 129
113 16 3 508 0 63 572 36 129
114 16 3 444 0 129 508 36 195
115 16 3 508 0 129 572 36 195
116 19 3 509 37 0 582 86 97
117 19 3 509 37 97 582 86 194
118 16 3 511 86 97 575 122 163
119 18 3 538 135 0 581 195 69
120 16 3 538 135 69 574 199 135
121 18 3 538 122 135 581 182 204
