Utilizacion 85.687961 VolCajasEmpacado 86.366722 Duracion[s] 60.005000 Iteraciones 2856
0 2 0 0 0 0 58 91 57
1 2 0 58 0 0 116 91 57
2 2 0 116 0 0 174 91 57
3 2 0 174 0 0 232 91 57
4 2 0 232 0 0 290 91 57
5 2 0 290 0 0 348 91 57
6 2 0 0 0 57 58 91 114
7 2 0 58 0 57 116 91 114
8 2 0 116 0 57 174 91 114
9 2 0 174 0 57 232 91 114
10 2 0 232 0 57 290 91 114
11 2 0 290 0 57 348 91 114
12 2 0 0 0 114 58 91 171
13 2 0 58 0 114 116 91 171
14 2 0 116 0 114 174 91 171
15 2 0 174 0 114 232 91 171
16 2 0 232 0 114 290 91 171
17 2 0 290 0 114 348 91 171
18 1 0 0 91 0 78 183 53
19 1 0 0 91 53 78 183 106
20 1 0 0 91 106 78 183 159
21 1 0 0 91 159 78 183 212
22 0 0 0 183 0 112 231 28
23 0 0 0 0 171 112 28 219
24 0 0 112 0 171 224 28 219
25 0 0 224 0 171 336 28 219
26 0 0 0 28 171 112 56 219
27 0 0 112 28 171 224 56 219
28 0 0 224 28 171 336 56 219
29 0 0 0 56 171 112 84 219
30 0 0 112 56 171 224 84 219
31 0 0 224 56 171 336 84 219
32 0 0 0 183 28 112 231 56
33 0 0 0 183 56 112 231 84
34 0 0 0 183 84 112 231 112
35 0 0 0 183 112 112 231 140
36 0 0 0 183 140 112 231 168
37 0 0 0 183 168 112 231 196
38 1 0 78 91 0 156 183 53
39 1 0 78 91 53 156 183 106
40 1 0 78 91 106 156 183 159
41 1 0 78 91 159 156 183 212
42 0 0 112 183 0 224 211 48
43 0 0 112 183 48 224 211 96
44 1 0 156 91 0 234 183 53
45 1 0 156 91 53 234 183 106
46 1 0 156 91 106 234 183 159
47 1 0 156 91 159 234 183 212
48 2 0 234 91 0 291 182 58
49 1 0 234 91 58 312 183 111
50 1 0 234 91 111 312 183 164
51 1 0 234 91 164 312 183 217
52 1 0 312 91 0 390 183 53
53 1 0 312 91 53 390 183 106
54 1 0 312 91 106 390 183 159
55 1 0 312 91 159 390 183 212
56 3 1 112 183 96 224 211 144
57 3 1 112 183 144 224 211 192
58 3 1 112 183 192 224 231 220
59 3 1 224 183 0 336 231 28
60 3 1 224 183 28 336 231 56
61 3 1 224 183 56 336 231 84
62 3 1 224 183 84 336 231 112
63 3 1 224 183 112 336 231 140
64 3 1 224 183 140 336 231 168
65 3 1 224 183 168 336 231 196
66 3 1 336 183 0 448 231 28
67 3 1 448 183 0 560 231 28
68 3 1 336 183 28 448 231 56
69 3 1 448 183 28 560 231 56
70 3 1 336 183 56 448 231 84
71 3 1 448 183 56 560 231 84
72 3 1 336 183 84 448 231 112
73 4 1 348 0 0 426 53 92
74 4 1 426 0 0 504 53 92
75 4 1 504 0 0 582 53 92
76 5 1 348 0 92 406 91 149
77 5 1 406 0 92 464 91 149
78 5 1 464 0 92 522 91 149
79 5 1 522 0 92 580 91 149
80 5 1 348 0 149 406 91 206
81 5 1 406 0 149 464 91 206
82 5 1 464 0 149 522 91 206
83 5 1 522 0 149 580 91 206
84 4 1 390 91 0 482 169 53
85 4 1 482 91 0 574 169 53
86 4 1 390 91 53 482 169 106
87 4 1 482 91 53 574 169 106
88 4 1 390 91 106 482 169 159
89 4 1 482 91 106 574 169 159
90 4 1 390 91 159 482 169 212
91 4 1 482 91 159 574 169 212
92 4 1 390 169 112 482 222 190
93 5 1 482 169 84 573 227 141
94 5 1 482 169 141 573 227 198
