Utilizacion 82.902423 VolCajasEmpacado 84.068138 Duracion[s] 60.001000 Iteraciones 3467
0 2 0 0 0 0 92 95 46
1 2 0 92 0 0 184 95 46
2 2 0 184 0 0 276 95 46
3 2 0 276 0 0 368 95 46
4 2 0 368 0 0 460 95 46
5 2 0 460 0 0 552 95 46
6 2 0 0 95 0 92 190 46
7 2 0 92 95 0 184 190 46
8 2 0 184 95 0 276 190 46
9 2 0 276 95 0 368 190 46
10 2 0 368 95 0 460 190 46
11 2 0 460 95 0 552 190 46
12 1 0 0 190 0 60 230 65
13 1 0 60 190 0 120 230 65
14 1 0 120 190 0 180 230 65
15 1 0 180 190 0 240 230 65
16 1 0 240 190 0 300 230 65
17 1 0 300 190 0 360 230 65
18 1 0 0 190 65 60 230 130
19 1 0 60 190 65 120 230 130
20 1 0 120 190 65 180 230 130
21 1 0 180 190 65 240 230 130
22 1 0 240 190 65 300 230 130
23 1 0 300 190 65 360 230 130
24 1 0 0 190 130 60 230 195
25 1 0 60 190 130 120 230 195
26 1 0 120 190 130 180 230 195
27 1 0 180 190 130 240 230 195
28 1 0 240 190 130 300 230 195
29 1 0 300 190 130 360 230 195
30 4 0 0 0 46 103 62 105
31 4 0 103 0 46 206 62 105
32 4 0 206 0 46 309 62 105
33 4 0 309 0 46 412 62 105
34 4 0 412 0 46 515 62 105
35 4 0 0 62 46 103 124 105
36 4 0 103 62 46 206 124 105
37 4 0 206 62 46 309 124 105
38 4 0 309 62 46 412 124 105
39 4 0 412 62 46 515 124 105
40 4 0 0 124 46 103 186 105
41 4 0 103 124 46 206 186 105
42 4 0 206 124 46 309 186 105
43 4 0 309 124 46 412 186 105
44 4 0 412 124 46 515 186 105
45 3 0 0 0 105 65 71 157
46 3 0 0 71 105 65 142 157
47 3 0 0 0 157 65 71 209
48 3 0 0 71 157 65 142 209
49 1 0 0 142 105 60 182 170
50 4 0 65 0 105 168 59 167
51 4 0 65 59 105 168 118 167
52 4 0 65 118 105 168 177 167
53 0 0 65 0 167 152 119 195
54 3 0 65 119 167 130 190 219
55 3 0 130 119 167 195 190 219
56 0 0 168 0 105 255 119 133
57 0 0 168 0 133 255 119 161
58 0 0 168 0 161 255 119 189
59 0 0 168 0 189 255 119 217
60 4 0 195 119 105 298 181 164
61 4 0 298 119 105 401 181 164
62 4 0 401 119 105 504 181 164
63 3 0 195 119 164 260 190 216
64 0 0 255 0 105 342 119 133
65 0 0 342 0 105 429 119 133
66 0 0 429 0 105 516 119 133
67 0 0 255 0 133 342 119 161
68 0 0 342 0 133 429 119 161
69 0 0 429 0 133 516 119 161
70 0 0 255 0 161 342 119 189
71 0 0 342 0 161 429 119 189
72 0 0 429 0 161 516 119 189
73 0 0 255 0 189 342 119 217
74 0 0 342 0 189 429 119 217
75 0 0 429 0 189 516 119 217
76 3 0 260 119 164 331 184 216
77 3 0 331 119 164 396 190 216
78 0 0 396 119 164 515 206 192
79 0 0 396 119 192 515 206 220
80 3 0 515 119 46 586 171 111
81 3 0 515 119 111 567 184 182
82 3 0 516 0 46 587 52 111
83 3 0 516 0 111 587 52 176
84 4 0 516 52 46 578 111 149
85 3 0 516 52 149 587 117 201
