Utilizacion 78.499848 VolCajasEmpacado 80.732284 Duracion[s] 60.011000 Iteraciones 3887
0 2 0 0 0 0 65 76 62
1 2 0 0 76 0 65 152 62
2 1 0 0 0 62 66 47 137
3 1 0 0 47 62 66 94 137
4 1 0 0 94 62 66 141 137
5 0 0 0 0 137 35 72 186
6 0 0 35 0 137 70 72 186
7 3 0 0 0 186 78 22 216
8 3 0 0 22 186 78 52 208
9 3 0 0 52 186 78 82 208
10 0 0 0 152 0 49 224 35
11 5 1 0 82 137 72 131 172
12 5 1 0 82 172 72 131 207
13 7 1 0 152 35 65 214 111
14 4 1 0 141 111 78 163 141
15 4 1 0 141 141 78 163 171
16 4 1 0 141 171 78 163 201
17 6 1 0 163 111 75 210 177
18 4 1 0 163 177 78 185 207
19 6 1 72 82 0 147 129 66
20 8 1 78 0 0 197 79 79
21 8 1 78 0 79 197 79 158
22 7 1 78 0 158 154 65 220
23 7 1 154 0 158 219 76 220
24 8 1 78 129 0 157 208 119
25 13 2 0 185 177 78 207 207
26 10 2 78 79 119 157 198 198
27 13 2 65 210 0 143 232 30
28 13 2 65 210 30 143 232 60
29 12 2 157 79 0 229 128 35
30 12 2 157 128 0 229 177 35
31 10 2 157 79 35 236 158 154
32 11 2 157 79 154 232 126 220
33 11 2 157 126 154 232 173 220
34 9 2 219 0 0 295 62 65
35 10 2 219 0 65 298 79 184
36 10 2 236 79 0 355 158 79
37 10 2 236 79 79 355 158 158
38 10 2 298 0 0 417 79 79
39 14 3 65 210 60 143 232 90
40 14 3 65 210 90 143 232 120
41 14 3 65 210 120 143 232 150
42 14 3 65 210 150 143 232 180
43 15 3 232 79 158 298 154 205
44 15 3 157 177 0 232 224 66
45 16 3 232 158 0 294 223 76
46 16 3 232 158 76 294 223 152
47 16 3 232 158 152 308 223 214
48 17 3 298 0 79 417 79 158
49 19 4 219 0 184 268 72 219
50 18 4 268 0 184 298 78 206
51 20 4 308 158 0 384 223 62
52 21 4 355 79 0 434 158 119
53 24 5 308 158 62 384 220 127
54 24 5 308 158 127 384 220 192
55 26 5 355 79 119 430 145 166
56 26 5 355 79 166 430 145 213
57 22 5 298 0 158 328 78 180
58 25 5 298 0 180 347 72 215
59 22 5 298 78 158 328 156 180
60 26 5 347 0 158 413 75 205
61 25 5 298 72 180 347 144 215
62 26 5 384 158 0 431 233 66
63 26 5 384 158 66 431 233 132
64 24 5 384 145 132 446 210 208
65 23 5 417 0 0 496 79 119
66 23 5 496 0 0 575 79 119
67 23 5 417 0 119 536 79 198
68 27 6 384 210 132 462 232 162
69 27 6 413 0 198 443 78 220
70 30 6 434 79 0 510 141 65
71 30 6 510 79 0 586 141 65
72 28 6 434 79 65 506 128 100
73 28 6 434 79 100 506 128 135
74 28 6 434 79 135 506 128 170
75 28 6 434 79 170 506 128 205
76 29 6 446 141 0 521 207 47
77 29 6 446 141 47 521 207 94
78 28 6 536 0 119 571 72 168
79 35 7 443 0 198 473 78 220
80 35 7 384 210 162 462 232 192
81 34 7 536 0 168 571 72 217
82 31 7 446 128 94 508 204 159
83 33 7 446 128 159 521 194 206
84 33 7 506 79 65 572 126 140
85 33 7 506 79 140 581 126 206
86 31 7 521 141 0 586 217 62
87 33 7 521 141 62 568 216 128
88 31 7 521 126 128 583 202 193
