Utilizacion 80.092038 VolCajasEmpacado 81.495815 Duracion[s] 60.085000 Iteraciones 788
0 7 0 0 0 0 52 67 68
1 7 0 0 0 68 52 67 136
2 7 0 0 0 136 52 67 204
3 1 0 0 67 0 80 145 71
4 1 0 0 145 0 80 223 71
5 1 0 0 67 71 80 145 142
6 1 0 0 145 71 80 223 142
7 1 0 0 67 142 80 145 213
8 1 0 0 145 142 80 223 213
9 12 0 52 0 0 101 56 44
10 12 0 52 0 44 101 56 88
11 12 0 52 0 88 101 56 132
12 12 0 52 0 132 101 56 176
13 12 0 52 0 176 101 56 220
14 16 0 80 56 0 153 139 36
15 16 0 80 139 0 153 222 36
16 11 0 80 56 36 145 148 81
17 11 0 80 56 81 145 148 126
18 11 0 80 56 126 145 148 171
19 11 0 80 56 171 145 148 216
20 3 0 80 148 36 152 228 98
21 3 0 80 148 98 152 228 160
22 12 0 80 148 160 136 192 209
23 10 0 80 192 160 154 220 186
24 10 0 80 192 186 154 220 212
25 0 0 101 0 0 149 54 57
26 0 0 101 0 57 149 54 114
27 0 0 101 0 114 149 54 171
28 10 0 101 0 171 175 28 197
29 10 0 101 28 171 175 56 197
30 5 0 153 56 0 215 109 55
31 5 0 153 109 0 215 162 55
32 5 0 153 56 55 215 109 110
33 5 0 153 109 55 215 162 110
34 11 0 145 56 110 210 148 155
35 11 0 145 56 155 210 148 200
36 7 0 154 162 0 206 230 67
37 14 0 154 162 67 218 202 142
38 14 0 154 162 142 218 202 217
39 17 0 175 0 0 278 32 60
40 17 0 278 0 0 381 32 60
41 17 0 381 0 0 484 32 60
42 17 0 484 0 0 587 32 60
43 14 0 175 0 60 250 40 124
44 14 0 175 0 124 250 40 188
45 2 0 215 40 0 282 160 74
46 2 0 282 40 0 349 160 74
47 2 0 349 40 0 416 160 74
48 2 0 416 40 0 483 160 74
49 2 0 215 40 74 282 160 148
50 2 0 282 40 74 349 160 148
51 2 0 349 40 74 416 160 148
52 2 0 416 40 74 483 160 148
53 0 0 210 40 148 264 97 196
54 0 0 210 97 148 264 154 196
55 11 0 264 0 148 309 92 213
56 11 0 309 0 148 354 92 213
57 3 0 218 160 0 280 232 80
58 3 0 280 160 0 342 232 80
59 3 0 342 160 0 404 232 80
60 3 0 404 160 0 466 232 80
61 9 0 218 160 80 267 220 150
62 9 0 218 160 150 267 220 220
63 13 0 264 92 148 364 132 220
64 13 0 364 92 148 464 132 220
65 9 0 267 132 148 327 181 218
66 9 0 267 181 80 327 230 150
67 9 0 267 181 150 327 230 220
68 13 0 327 132 148 427 172 220
69 18 0 354 0 148 452 80 179
70 6 0 327 172 80 439 224 180
71 17 0 327 172 180 430 232 212
72 14 0 354 0 179 418 75 219
73 14 0 418 0 179 482 75 219
74 15 0 427 132 148 502 169 200
75 5 0 439 169 80 492 224 142
76 14 0 439 169 142 514 233 182
77 15 0 430 169 182 505 221 219
78 15 0 482 0 60 557 37 112
79 15 0 482 0 112 557 37 164
80 15 0 482 0 164 557 37 216
81 18 0 483 37 0 581 117 31
82 18 0 483 37 31 581 117 62
83 18 0 483 37 62 581 117 93
84 18 0 483 37 93 581 117 124
85 18 0 483 37 124 581 117 155
86 0 0 464 75 155 521 129 203
87 16 0 514 129 0 587 212 36
88 16 0 514 129 36 587 212 72
89 16 0 514 129 72 587 212 108
90 16 0 514 129 108 587 212 144
91 9 0 514 129 144 574 199 193
92 9 0 521 37 155 570 107 215
