Utilizacion 70.248245 VolCajasEmpacado 70.700946 Duracion[s] 60.001000 Iteraciones 2029
0 5 0 0 0 0 114 53 35
1 4 0 0 0 35 110 37 78
2 4 0 0 0 78 110 37 121
3 4 0 0 0 121 110 37 164
4 4 0 0 0 164 110 37 207
5 9 0 0 37 35 102 69 81
6 9 0 0 37 81 102 69 127
7 9 0 0 37 127 102 69 173
8 0 0 0 37 173 105 59 200
9 6 0 0 69 0 111 102 45
10 6 0 111 69 0 222 102 45
11 1 0 0 102 0 73 200 21
12 1 0 0 102 21 73 200 42
13 2 0 0 69 45 75 120 111
14 2 0 0 69 111 75 120 177
15 8 0 0 200 0 41 231 35
16 8 0 0 200 35 35 231 76
17 7 0 0 59 177 55 110 211
18 3 0 75 69 45 171 119 118
19 12 1 55 59 177 90 90 218
20 12 1 55 90 177 90 121 218
21 16 1 0 120 42 50 193 138
22 11 1 0 120 138 22 225 165
23 12 1 0 120 165 31 161 200
24 12 1 0 161 165 35 202 196
25 12 1 0 202 165 35 233 206
26 13 1 41 200 0 152 233 45
27 14 1 35 193 45 120 228 106
28 15 1 50 121 42 95 178 101
29 15 1 50 121 101 95 178 160
30 15 1 50 121 160 95 178 219
31 16 1 50 178 106 123 228 202
32 18 1 95 69 118 194 131 182
33 10 1 95 59 182 193 132 203
34 17 1 114 0 0 204 58 74
35 17 1 114 0 74 204 58 148
36 18 1 123 132 0 187 194 99
37 17 1 123 132 99 181 222 173
38 23 2 95 132 173 206 177 206
39 23 2 123 177 173 234 210 218
40 24 2 105 37 148 210 59 175
41 26 2 110 0 148 220 37 191
42 21 2 194 59 45 245 125 120
43 19 2 194 59 120 258 121 219
44 23 2 206 125 0 317 158 45
45 22 2 206 125 45 263 170 104
46 20 2 220 0 0 294 58 90
47 19 2 234 170 0 333 232 64
48 19 2 234 170 64 333 232 128
49 25 2 234 121 128 307 219 149
50 25 2 234 121 149 307 219 170
51 35 3 105 37 175 210 59 202
52 32 3 206 121 170 317 154 215
53 29 3 220 0 90 294 58 180
54 31 3 220 0 180 330 43 217
55 33 3 234 154 170 336 200 202
56 34 3 234 200 170 269 231 211
57 28 3 258 58 0 357 120 64
58 27 3 258 58 64 343 93 125
59 27 3 258 58 125 343 93 186
60 36 3 258 43 186 356 116 207
61 31 3 330 0 0 440 37 43
62 28 3 336 120 0 435 182 64
63 30 3 336 182 0 432 232 73
64 36 3 357 37 0 455 110 21
65 36 3 357 37 21 455 110 42
66 44 4 333 200 73 435 232 119
67 44 4 333 200 119 435 232 165
68 38 4 336 116 64 426 174 138
69 38 4 336 116 138 426 174 212
70 43 4 336 174 165 370 229 216
71 43 4 370 174 165 421 229 199
72 41 4 330 0 43 440 43 80
73 42 4 330 0 80 444 35 133
74 39 4 356 0 133 407 66 208
75 39 4 407 0 133 458 66 208
76 40 4 357 66 42 430 116 138
77 40 4 356 66 138 452 116 211
78 37 4 435 116 0 497 215 64
79 45 4 435 116 64 496 188 112
80 47 5 426 116 112 488 180 211
81 53 5 435 188 64 476 219 99
82 50 5 455 66 0 516 114 72
83 46 5 452 66 72 548 116 145
84 51 5 452 66 145 562 109 182
85 52 5 452 66 182 563 111 215
86 47 5 458 0 0 557 64 62
87 49 5 458 0 62 533 66 113
88 48 5 458 0 113 548 58 187
89 54 6 458 0 187 560 46 219
90 62 6 435 188 99 486 222 154
91 59 6 435 180 154 507 228 215
92 56 6 497 116 0 587 174 74
93 56 6 497 116 74 587 174 148
94 55 6 488 111 148 587 173 212
95 57 6 507 174 0 582 225 66
96 58 6 507 174 66 580 224 162
