Utilizacion 79.264856 VolCajasEmpacado 79.626320 Duracion[s] 60.005000 Iteraciones 998
0 2 0 0 0 0 32 64 28
1 2 0 32 0 0 64 64 28
2 2 0 0 0 28 32 64 56
3 2 0 32 0 28 64 64 56
4 2 0 0 0 56 32 64 84
5 2 0 32 0 56 64 64 84
6 2 0 0 0 84 32 64 112
7 2 0 32 0 84 64 64 112
8 2 0 0 0 112 32 64 140
9 2 0 32 0 112 64 64 140
10 2 0 0 0 140 32 64 168
11 2 0 32 0 140 64 64 168
12 2 0 0 0 168 32 64 196
13 2 0 32 0 168 64 64 196
14 2 0 0 64 0 64 92 32
15 2 0 0 64 32 64 92 64
16 2 0 0 64 64 64 92 96
17 2 0 0 64 96 64 92 128
18 2 0 0 64 128 64 92 160
19 0 0 0 64 160 31 95 202
20 0 0 31 64 160 62 95 202
21 0 0 0 95 0 31 137 31
22 0 0 0 137 0 31 179 31
23 0 0 0 179 0 31 221 31
24 0 0 0 95 31 31 137 62
25 0 0 0 137 31 31 179 62
26 0 0 0 179 31 31 221 62
27 0 0 0 95 62 31 137 93
28 0 0 0 137 62 31 179 93
29 0 0 0 179 62 31 221 93
30 0 0 0 95 93 31 137 124
31 0 0 0 137 93 31 179 124
32 0 0 0 179 93 31 221 124
33 1 0 0 95 124 41 185 158
34 1 0 0 95 158 41 185 192
35 0 0 0 185 124 42 216 155
36 0 0 0 185 155 31 216 197
37 1 0 41 95 0 131 129 41
38 1 0 41 95 41 131 129 82
39 1 0 41 95 82 131 129 123
40 1 0 41 95 123 131 129 164
41 1 0 41 95 164 131 129 205
42 1 0 41 129 0 131 170 34
43 1 0 41 129 34 131 170 68
44 3 1 0 129 192 64 161 220
45 5 1 64 129 68 154 170 102
46 5 1 64 129 102 154 170 136
47 5 1 64 129 136 154 170 170
48 5 1 64 129 170 154 170 204
49 3 1 42 170 0 106 202 28
50 3 1 42 170 28 106 202 56
51 3 1 42 170 56 106 202 84
52 3 1 42 170 84 106 202 112
53 3 1 42 170 112 106 202 140
54 3 1 42 170 140 106 202 168
55 3 1 42 170 168 106 202 196
56 3 1 42 202 0 106 230 32
57 3 1 42 202 32 106 230 64
58 3 1 42 202 64 106 230 96
59 3 1 42 202 96 106 230 128
60 3 1 42 202 128 106 230 160
61 3 1 42 202 160 106 230 192
62 5 1 64 0 0 105 90 34
63 5 1 64 0 34 105 90 68
64 5 1 64 0 68 105 90 102
65 5 1 64 0 102 105 90 136
66 5 1 64 0 136 105 90 170
67 5 1 64 0 170 105 90 204
68 4 1 105 0 0 147 31 31
69 4 1 105 31 0 147 62 31
70 4 1 105 62 0 147 93 31
71 4 1 105 0 31 147 31 62
72 4 1 105 31 31 147 62 62
73 4 1 105 62 31 147 93 62
74 4 1 105 0 62 147 31 93
75 4 1 105 31 62 147 62 93
76 4 1 105 62 62 147 93 93
77 4 1 105 0 93 147 31 124
78 4 1 105 31 93 147 62 124
79 4 1 105 62 93 147 93 124
80 4 1 105 0 124 147 31 155
81 4 1 105 31 124 147 62 155
82 4 1 105 62 124 147 93 155
83 4 1 105 0 155 147 31 186
84 4 1 105 31 155 147 62 186
85 4 1 105 62 155 147 93 186
86 5 1 105 0 186 146 90 220
87 5 1 106 170 0 196 211 34
88 5 1 106 170 34 196 211 68
89 5 1 106 170 68 196 211 102
90 5 1 106 170 102 196 211 136
91 3 1 106 170 136 170 202 164
92 8 2 106 170 164 170 202 192
93 8 2 106 170 192 170 202 220
94 6 2 131 93 0 221 127 41
95 6 2 221 93 0 311 127 41
96 6 2 131 93 41 221 127 82
97 6 2 221 93 41 311 127 82
98 6 2 131 93 82 221 127 123
99 6 2 221 93 82 311 127 123
100 6 2 131 93 123 221 127 164
101 6 2 221 93 123 311 127 164
102 6 2 131 93 164 221 127 205
103 6 2 221 93 164 311 127 205
104 7 2 147 0 0 178 31 42
105 7 2 147 0 42 178 31 84
106 7 2 147 0 84 178 31 126
107 7 2 147 0 126 178 31 168
108 7 2 147 0 168 178 31 210
109 7 2 147 31 0 189 62 31
110 7 2 147 62 0 189 93 31
111 7 2 147 31 31 178 62 73
112 7 2 147 62 31 178 93 73
113 7 2 147 31 73 178 62 115
114 7 2 147 62 73 178 93 115
115 7 2 147 31 115 178 62 157
116 7 2 147 62 115 178 93 157
117 7 2 147 31 157 178 62 199
118 7 2 147 62 157 178 93 199
119 8 2 154 127 0 218 159 28
120 8 2 154 127 28 218 159 56
121 8 2 154 127 56 218 155 88
122 8 2 154 127 88 218 159 116
123 8 2 154 127 116 218 159 144
124 8 2 154 127 144 218 159 172
125 8 2 154 127 172 218 159 200
126 8 2 170 159 136 202 223 164
127 8 2 170 159 164 202 223 192
128 8 2 170 159 192 202 223 220
129 8 2 178 0 0 242 28 32
130 8 2 178 0 32 242 32 60
131 8 2 178 0 60 242 32 88
132 10 3 178 0 88 209 31 130
133 10 3 178 0 130 209 42 161
134 10 3 178 0 161 209 42 192
135 9 3 178 0 192 210 64 220
136 9 3 189 64 0 253 92 32
137 9 3 189 64 32 253 92 64
138 9 3 189 64 64 253 92 96
139 9 3 189 64 96 253 92 128
140 9 3 189 64 128 253 92 160
141 9 3 189 64 160 253 92 192
142 9 3 202 159 0 266 187 32
143 9 3 202 159 32 266 187 64
144 9 3 202 159 64 266 187 96
145 9 3 202 159 96 266 187 128
146 9 3 202 159 128 266 187 160
147 9 3 202 159 160 266 187 192
148 11 3 202 187 0 292 228 34
149 11 3 292 187 0 382 228 34
150 11 3 382 187 0 472 228 34
151 11 3 472 187 0 562 228 34
152 11 3 202 187 34 292 228 68
153 11 3 292 187 34 382 228 68
154 11 3 382 187 34 472 228 68
155 11 3 472 187 34 562 228 68
156 10 3 202 187 68 233 229 99
157 10 3 233 187 68 264 229 99
158 10 3 202 187 99 233 229 130
159 10 3 233 187 99 264 229 130
160 10 3 202 187 130 233 229 161
161 10 3 233 187 130 264 229 161
162 10 3 202 187 161 233 229 192
163 10 3 233 187 161 264 229 192
164 10 3 210 32 0 252 63 31
165 11 3 264 187 68 354 228 102
166 11 3 252 0 0 342 41 34
167 12 4 202 159 192 266 191 220
168 12 4 202 191 192 266 223 220
169 12 4 210 0 88 242 64 116
170 12 4 210 0 116 242 64 144
171 12 4 210 0 144 242 64 172
172 12 4 210 0 172 242 64 200
173 12 4 218 127 0 282 159 28
174 12 4 282 127 0 346 159 28
175 12 4 346 127 0 410 159 28
176 12 4 410 127 0 474 159 28
177 12 4 474 127 0 538 159 28
178 12 4 218 127 28 282 159 56
179 12 4 218 127 56 282 155 88
180 13 4 218 127 88 249 158 130
181 13 4 218 127 130 249 158 172
182 13 4 218 127 172 249 158 214
183 13 4 242 0 34 284 31 65
184 13 4 242 0 65 284 31 96
185 13 4 242 0 96 284 31 127
186 13 4 242 0 127 284 31 158
187 13 4 242 0 158 284 31 189
188 13 4 242 0 189 284 31 220
189 12 4 249 127 88 313 159 116
190 13 4 249 127 116 280 158 158
191 13 4 280 127 116 311 158 158
192 13 4 249 127 158 291 158 189
193 13 4 249 127 189 291 158 220
194 14 4 253 41 0 343 82 34
195 14 4 253 41 34 343 82 68
196 14 4 253 41 68 343 82 102
197 14 4 253 41 102 343 82 136
198 14 4 253 41 136 343 82 170
199 14 4 253 41 170 343 82 204
200 14 4 284 0 34 374 41 68
201 14 4 284 0 68 374 41 102
202 14 4 284 0 102 374 41 136
203 14 4 284 0 136 374 41 170
204 14 4 284 0 170 374 41 204
205 13 4 291 127 158 322 169 189
206 14 4 266 169 102 356 210 136
207 14 4 266 169 136 356 210 170
208 14 4 266 169 170 356 210 204
209 14 4 311 82 0 401 123 34
210 14 4 311 82 34 401 123 68
211 14 4 311 82 68 401 116 109
212 14 4 311 82 109 401 123 143
213 14 4 311 82 143 401 116 184
214 17 5 291 127 189 322 169 220
215 16 5 311 82 184 401 123 218
216 15 5 322 123 28 386 151 60
217 15 5 322 123 60 386 151 92
218 15 5 322 123 92 386 151 124
219 15 5 322 123 124 386 151 156
220 15 5 322 123 156 386 151 188
221 15 5 322 123 188 386 151 220
222 15 5 386 123 28 418 187 56
223 15 5 418 123 28 450 187 56
224 15 5 450 123 28 482 187 56
225 15 5 482 123 28 514 187 56
226 16 5 356 151 56 446 185 97
227 16 5 446 151 56 536 185 97
228 16 5 356 151 97 446 185 138
229 16 5 446 151 97 536 185 138
230 16 5 356 151 138 446 185 179
231 16 5 446 151 138 536 185 179
232 16 5 356 151 179 446 185 220
233 16 5 446 151 179 536 185 220
234 17 5 356 185 68 387 227 99
235 16 5 343 41 0 433 82 34
236 16 5 343 41 34 433 82 68
237 16 5 343 41 68 433 82 102
238 16 5 343 41 102 433 82 136
239 16 5 343 41 136 433 82 170
240 16 5 343 41 170 433 82 204
241 17 5 356 185 99 387 227 130
242 17 5 356 185 130 387 227 161
243 17 5 356 185 161 387 227 192
244 17 5 387 185 68 418 227 99
245 17 5 387 185 99 418 227 130
246 17 5 387 185 130 418 227 161
247 17 5 387 185 161 418 227 192
248 17 5 374 0 0 416 31 31
249 19 6 374 0 31 405 31 73
250 19 6 374 0 73 405 31 115
251 19 6 374 0 115 405 31 157
252 19 6 374 0 157 405 31 199
253 18 6 386 123 56 450 151 88
254 18 6 450 123 56 514 151 88
255 18 6 386 123 88 450 151 120
256 18 6 386 123 120 450 151 152
257 18 6 386 123 152 450 151 184
258 18 6 386 123 184 450 151 216
259 20 6 401 82 0 491 123 34
260 18 6 418 185 68 482 217 96
261 18 6 418 185 96 482 217 124
262 18 6 418 185 124 482 217 152
263 18 6 418 185 152 482 217 180
264 18 6 418 185 180 482 217 208
265 20 6 401 82 34 491 123 68
266 20 6 401 82 68 491 123 102
267 20 6 401 82 102 491 123 136
268 20 6 401 82 136 491 123 170
269 20 6 401 82 170 491 123 204
270 20 6 416 0 0 506 41 34
271 20 6 416 0 34 506 41 68
272 20 6 416 0 68 506 41 102
273 20 6 416 0 102 506 41 136
274 20 6 416 0 136 506 41 170
275 20 6 416 0 170 506 41 204
276 20 6 433 41 0 523 82 34
277 20 6 433 41 34 523 82 68
278 20 6 433 41 68 523 82 102
279 20 6 433 41 102 523 82 136
280 20 6 433 41 136 523 82 170
281 20 6 433 41 170 523 82 204
282 18 6 450 123 88 514 151 120
283 18 6 450 123 120 514 151 152
284 19 6 482 185 68 513 227 99
285 19 6 513 185 68 544 227 99
286 19 6 544 185 68 575 227 99
287 19 6 482 185 99 513 227 130
288 19 6 513 185 99 544 227 130
289 19 6 544 185 99 575 227 130
290 19 6 482 185 130 513 227 161
291 19 6 513 185 130 544 227 161
292 19 6 544 185 130 575 227 161
293 19 6 482 185 161 513 227 192
294 19 6 513 185 161 544 227 192
295 19 6 544 185 161 575 227 192
296 19 6 491 82 0 533 113 31
297 19 6 491 82 31 533 113 62
298 19 6 491 82 62 533 113 93
299 21 7 450 123 152 514 151 184
300 21 7 482 185 192 546 217 220
301 21 7 450 123 184 514 151 216
302 22 7 491 82 93 522 113 135
303 22 7 491 82 135 522 113 177
304 22 7 491 82 177 522 113 219
305 22 7 514 113 28 545 144 70
306 22 7 514 113 70 545 144 112
307 22 7 514 113 112 545 144 154
308 22 7 514 113 154 545 144 196
309 22 7 506 0 0 537 31 42
310 22 7 537 0 0 568 31 42
311 22 7 506 0 42 537 31 84
312 22 7 537 0 42 568 31 84
313 22 7 506 0 84 537 31 126
314 22 7 537 0 84 568 31 126
315 22 7 506 0 126 537 31 168
316 22 7 537 0 126 568 31 168
317 21 7 506 0 168 570 32 196
318 21 7 523 32 0 587 60 32
319 21 7 523 32 32 587 60 64
320 21 7 523 32 64 587 60 96
321 21 7 523 32 96 587 60 128
322 21 7 523 32 128 587 60 160
323 21 7 523 32 160 587 60 192
324 23 7 545 60 0 586 150 34
325 23 7 545 60 34 586 150 68
326 23 7 545 60 68 586 150 102
327 23 7 545 60 102 586 150 136
328 23 7 545 60 136 586 150 170
329 23 7 545 60 170 586 150 204
