Utilizacion 69.838110 VolCajasEmpacado 71.553270 Duracion[s] 60.007000 Iteraciones 2128
0 6 0 0 0 0 78 54 57
1 6 0 0 0 57 78 54 114
2 6 0 0 0 114 78 54 171
3 1 0 0 0 171 72 67 193
4 1 0 0 0 193 72 67 215
5 9 0 0 67 0 77 141 37
6 9 0 0 141 0 77 215 37
7 12 0 0 67 37 48 104 73
8 12 0 0 104 37 48 141 73
9 7 0 0 141 37 119 195 92
10 2 0 0 67 73 79 136 159
11 10 0 0 195 37 96 232 88
12 11 0 0 195 88 69 231 145
13 5 0 0 136 92 68 195 201
14 5 0 68 136 92 136 195 201
15 8 0 0 67 159 68 110 210
16 1 0 78 0 0 150 67 22
17 4 0 78 0 22 149 61 110
18 13 0 78 0 110 196 53 181
19 0 0 72 0 181 144 74 214
20 3 0 136 74 0 205 178 70
21 20 1 0 195 145 96 232 196
22 23 1 144 0 181 216 74 214
23 19 1 79 74 70 198 128 125
24 22 1 79 74 125 115 122 162
25 21 1 68 74 162 137 110 219
26 21 1 96 195 0 165 231 57
27 24 1 96 195 57 149 226 103
28 14 1 136 128 70 211 195 124
29 15 1 137 74 125 206 160 204
30 17 1 136 160 124 207 221 212
31 16 1 211 74 0 281 143 104
32 16 1 211 143 0 281 212 104
33 18 1 211 74 104 279 133 213
34 17 1 211 133 104 282 221 165
35 23 1 207 133 165 279 207 198
36 25 1 207 133 198 274 205 220
37 29 2 216 0 0 283 54 75
38 29 2 216 0 75 283 54 150
39 27 2 216 0 150 288 61 219
40 38 2 281 61 0 355 133 33
41 38 2 281 61 33 355 133 66
42 28 2 281 61 66 340 129 175
43 33 2 279 61 175 330 129 218
44 35 2 282 133 0 339 169 69
45 36 2 282 129 69 330 166 105
46 34 2 282 129 105 378 166 156
47 34 2 282 129 156 378 166 207
48 26 2 282 169 0 370 230 71
49 26 2 282 169 71 370 230 142
50 30 2 282 166 142 336 223 220
51 30 2 336 166 142 390 223 220
52 27 2 288 0 0 357 61 72
53 31 2 288 0 72 407 55 126
54 30 2 288 0 126 366 57 180
55 34 2 288 0 180 384 51 217
56 32 2 355 61 0 473 114 71
57 31 2 340 61 71 459 115 126
58 37 2 390 115 0 474 197 34
59 40 2 390 115 34 464 192 71
60 39 2 390 115 71 463 211 95
61 51 3 340 57 126 386 88 179
62 51 3 330 57 179 383 103 210
63 48 3 378 115 95 446 166 138
64 44 3 378 103 138 447 164 210
65 43 3 386 0 126 474 71 187
66 52 3 384 0 187 457 96 211
67 45 3 390 166 95 465 233 149
68 44 3 390 164 149 462 233 210
69 41 3 474 0 0 583 68 59
70 42 3 474 0 59 543 86 138
71 42 3 474 0 138 543 86 217
72 47 3 474 86 0 567 206 46
73 47 3 474 86 46 567 206 92
74 49 3 463 86 92 540 160 129
75 46 3 447 96 129 501 153 207
76 53 3 465 160 92 584 214 147
77 49 3 465 153 147 539 230 184
78 52 3 462 153 184 558 226 208
