Utilizacion 81.989457 VolCajasEmpacado 82.996136 Duracion[s] 60.023000 Iteraciones 996
0 5 0 0 0 0 74 95 42
1 5 0 0 95 0 74 190 42
2 5 0 0 0 42 74 95 84
3 5 0 0 95 42 74 190 84
4 5 0 0 0 84 74 95 126
5 5 0 0 95 84 74 190 126
6 5 0 0 0 126 74 95 168
7 5 0 0 95 126 74 190 168
8 5 0 0 0 168 74 95 210
9 5 0 0 95 168 74 190 210
10 6 0 0 190 0 100 233 50
11 6 0 0 190 50 100 233 100
12 6 0 0 190 100 100 233 150
13 6 0 0 190 150 100 233 200
14 0 0 74 0 0 119 37 24
15 0 0 74 0 24 119 37 48
16 0 0 74 0 48 119 37 72
17 0 0 74 0 72 119 37 96
18 0 0 74 0 96 119 37 120
19 0 0 74 0 120 119 37 144
20 0 0 74 0 144 119 37 168
21 0 0 74 0 168 119 37 192
22 0 0 74 0 192 119 37 216
23 4 0 74 37 0 129 88 35
24 4 0 74 88 0 129 139 35
25 4 0 74 139 0 129 190 35
26 4 0 74 37 35 129 88 70
27 4 0 74 88 35 129 139 70
28 4 0 74 139 35 129 190 70
29 4 0 74 37 70 129 88 105
30 4 0 74 88 70 129 139 105
31 4 0 74 139 70 129 190 105
32 0 0 74 37 105 111 82 129
33 0 0 74 82 105 111 127 129
34 1 0 74 127 105 141 187 130
35 1 0 74 127 130 141 187 155
36 1 0 74 127 155 141 187 180
37 1 0 74 127 180 141 187 205
38 7 0 74 37 129 135 113 200
39 6 0 100 190 0 200 233 50
40 6 0 100 190 50 200 233 100
41 6 0 100 190 100 200 233 150
42 6 0 100 190 150 200 233 200
43 4 0 119 0 0 170 35 55
44 3 0 119 0 55 193 32 115
45 3 0 119 0 115 193 32 175
46 7 0 135 35 0 196 111 71
47 7 0 135 35 71 196 111 142
48 7 0 135 35 142 196 111 213
49 7 0 141 111 0 202 187 71
50 7 0 141 111 71 202 187 142
51 7 0 141 111 142 202 187 213
52 3 0 193 0 0 267 32 60
53 3 0 193 0 60 267 32 120
54 3 0 193 0 120 267 32 180
55 3 0 196 0 180 270 60 212
56 6 0 196 60 0 296 103 50
57 1 0 202 60 50 262 127 75
58 1 0 262 60 50 322 127 75
59 1 0 202 60 75 262 127 100
60 1 0 262 60 75 322 127 100
61 1 0 202 60 100 262 127 125
62 1 0 262 60 100 322 127 125
63 1 0 202 60 125 262 127 150
64 1 0 262 60 125 322 127 150
65 2 0 202 60 150 272 155 180
66 2 0 202 60 180 272 155 210
67 7 0 202 155 0 263 231 71
68 7 0 263 155 0 324 231 71
69 7 0 202 155 71 263 231 142
70 7 0 263 155 71 324 231 142
71 7 0 202 155 142 263 231 213
72 7 0 263 155 142 324 231 213
73 2 0 322 0 0 417 70 30
74 2 0 417 0 0 512 70 30
75 2 0 322 70 0 417 140 30
76 2 0 417 70 0 512 140 30
77 2 0 322 0 30 417 70 60
78 2 0 322 70 30 417 140 60
79 2 0 322 0 60 417 70 90
80 2 0 322 70 60 417 140 90
81 2 0 322 0 90 417 70 120
82 8 1 322 0 120 346 45 157
83 8 1 322 45 120 346 90 157
84 12 1 272 90 150 327 141 185
85 12 1 272 90 185 327 141 220
86 14 1 272 0 157 372 43 207
87 14 1 272 43 157 372 86 207
88 11 1 372 0 120 432 74 152
89 11 1 372 0 152 432 74 184
90 11 1 372 0 184 432 74 216
91 14 1 324 141 0 424 191 43
92 14 1 324 141 43 424 191 86
93 14 1 324 141 86 424 191 129
94 14 1 324 141 129 424 191 172
95 14 1 324 141 172 424 191 215
96 12 1 324 191 0 375 226 55
97 12 1 324 191 55 375 226 110
98 12 1 324 191 110 375 226 165
99 12 1 324 191 165 375 226 220
100 13 1 327 90 90 422 132 164
101 12 1 327 86 164 362 141 215
102 8 1 362 86 164 386 131 201
103 12 1 386 74 164 421 129 215
104 8 1 422 74 30 467 98 67
105 8 1 467 74 30 512 98 67
106 8 1 422 98 30 467 122 67
107 8 1 467 98 30 512 122 67
108 15 1 422 74 67 493 135 143
109 13 1 375 191 0 470 233 74
110 13 1 375 191 74 470 233 148
111 8 1 375 191 148 412 215 193
112 8 1 375 191 193 420 228 217
113 8 1 420 191 148 465 228 172
114 8 1 420 191 172 465 228 196
115 9 1 422 74 143 482 141 168
116 9 1 422 74 168 482 141 193
117 9 1 422 74 193 482 141 218
118 14 1 424 141 0 524 191 43
119 14 1 424 141 43 524 191 86
120 14 1 424 141 86 524 191 129
121 12 1 424 141 129 475 176 184
122 12 1 475 141 129 526 176 184
123 11 1 465 141 184 539 201 216
124 15 1 432 0 30 508 71 91
125 15 1 432 0 91 508 71 152
126 15 1 432 0 152 508 71 213
127 11 1 470 201 0 544 233 60
128 11 1 470 201 60 544 233 120
129 11 1 470 201 120 544 233 180
130 15 1 512 0 0 583 76 61
131 15 1 512 0 61 583 76 122
132 15 1 512 0 122 583 76 183
133 11 1 508 0 183 582 60 215
134 15 1 512 76 0 583 137 76
135 11 1 493 76 76 567 136 108
136 11 1 493 76 108 567 136 140
137 11 1 493 76 140 567 136 172
138 11 1 493 76 172 567 136 204
139 13 1 544 137 0 586 232 74
140 13 1 544 137 74 586 232 148
141 11 1 544 136 148 576 210 208
