Utilizacion 91.870047 VolCajasEmpacado 92.661607 Duracion[s] 60.088000 Iteraciones 1585
0 3 0 0 0 0 119 38 41
1 3 0 0 38 0 119 76 41
2 3 0 0 76 0 119 114 41
3 3 0 0 114 0 119 152 41
4 3 0 0 152 0 119 190 41
5 3 0 0 190 0 119 228 41
6 3 0 0 0 41 119 38 82
7 3 0 0 38 41 119 76 82
8 3 0 0 76 41 119 114 82
9 3 0 0 114 41 119 152 82
10 3 0 0 152 41 119 190 82
11 3 0 0 190 41 119 228 82
12 3 0 0 0 82 119 38 123
13 3 0 0 38 82 119 76 123
14 3 0 0 76 82 119 114 123
15 3 0 0 114 82 119 152 123
16 3 0 0 152 82 119 190 123
17 3 0 0 190 82 119 228 123
18 3 0 0 0 123 119 38 164
19 3 0 0 38 123 119 76 164
20 3 0 0 76 123 119 114 164
21 3 0 0 114 123 119 152 164
22 3 0 0 152 123 119 190 164
23 3 0 0 190 123 119 228 164
24 3 0 0 0 164 119 38 205
25 3 0 0 38 164 119 76 205
26 3 0 0 76 164 119 114 205
27 3 0 0 114 164 119 152 205
28 3 0 0 152 164 119 190 205
29 3 0 0 190 164 119 228 205
30 4 0 119 0 0 209 51 55
31 4 0 209 0 0 299 51 55
32 4 0 299 0 0 389 51 55
33 4 0 389 0 0 479 51 55
34 4 0 479 0 0 569 51 55
35 4 0 119 51 0 209 102 55
36 4 0 209 51 0 299 102 55
37 4 0 299 51 0 389 102 55
38 4 0 389 51 0 479 102 55
39 4 0 479 51 0 569 102 55
40 4 0 119 0 55 209 51 110
41 4 0 209 0 55 299 51 110
42 4 0 299 0 55 389 51 110
43 4 0 389 0 55 479 51 110
44 4 0 479 0 55 569 51 110
45 4 0 119 51 55 209 102 110
46 4 0 209 51 55 299 102 110
47 4 0 299 51 55 389 102 110
48 4 0 389 51 55 479 102 110
49 4 0 479 51 55 569 102 110
50 4 0 119 0 110 209 51 165
51 4 0 209 0 110 299 51 165
52 4 0 299 0 110 389 51 165
53 4 0 389 0 110 479 51 165
54 4 0 479 0 110 569 51 165
55 4 0 119 51 110 209 102 165
56 4 0 209 51 110 299 102 165
57 4 0 299 51 110 389 102 165
58 4 0 389 51 110 479 102 165
59 4 0 479 51 110 569 102 165
60 4 0 119 0 165 209 51 220
61 4 0 209 0 165 299 51 220
62 4 0 299 0 165 389 51 220
63 4 0 389 0 165 479 51 220
64 4 0 479 0 165 569 51 220
65 4 0 119 51 165 209 102 220
66 4 0 209 51 165 299 102 220
67 4 0 299 51 165 389 102 220
68 4 0 389 51 165 479 102 220
69 4 0 479 51 165 569 102 220
70 2 0 119 102 0 166 138 71
71 2 0 119 138 0 166 174 71
72 2 0 119 174 0 166 210 71
73 2 0 119 102 71 166 138 142
74 2 0 119 138 71 166 174 142
75 2 0 119 174 71 166 210 142
76 2 0 119 102 142 166 138 213
77 2 0 119 138 142 166 174 213
78 2 0 119 174 142 166 210 213
79 2 0 166 102 0 237 149 36
80 2 0 166 149 0 237 196 36
81 2 0 166 102 36 237 149 72
82 2 0 166 149 36 237 196 72
83 2 0 166 102 72 237 149 108
84 2 0 166 149 72 237 196 108
85 2 0 166 102 108 237 149 144
86 2 0 166 149 108 237 196 144
87 2 0 166 102 144 237 149 180
88 2 0 166 149 144 237 196 180
89 2 0 166 102 180 237 149 216
90 2 0 166 149 180 237 196 216
91 1 0 166 196 0 256 231 44
92 1 0 256 196 0 346 231 44
93 1 0 346 196 0 436 231 44
94 1 0 436 196 0 526 231 44
95 1 0 166 196 44 256 231 88
96 1 0 256 196 44 346 231 88
97 1 0 346 196 44 436 231 88
98 1 0 436 196 44 526 231 88
99 1 0 166 196 88 256 231 132
100 1 0 256 196 88 346 231 132
101 1 0 346 196 88 436 231 132
102 1 0 436 196 88 526 231 132
103 1 0 166 196 132 256 231 176
104 1 0 256 196 132 346 231 176
105 1 0 346 196 132 436 231 176
106 1 0 436 196 132 526 231 176
107 1 0 166 196 176 256 231 220
108 1 0 256 196 176 346 231 220
109 1 0 346 196 176 436 231 220
110 1 0 436 196 176 526 231 220
111 3 0 237 102 0 356 140 41
112 3 0 237 102 41 356 140 82
113 0 0 237 140 0 304 195 27
114 0 0 304 140 0 371 195 27
115 0 0 371 140 0 438 195 27
116 0 0 438 140 0 505 195 27
117 0 0 505 140 0 572 195 27
118 0 0 237 140 27 304 195 54
119 0 0 304 140 27 371 195 54
120 0 0 371 140 27 438 195 54
121 0 0 438 140 27 505 195 54
122 0 0 505 140 27 572 195 54
123 0 0 237 140 54 304 195 81
124 0 0 304 140 54 371 195 81
125 0 0 371 140 54 438 195 81
126 0 0 438 140 54 505 195 81
127 0 0 505 140 54 572 195 81
128 0 0 237 140 81 304 195 108
129 0 0 304 140 81 371 195 108
130 0 0 371 140 81 438 195 108
131 0 0 438 140 81 505 195 108
132 0 0 505 140 81 572 195 108
133 0 0 237 140 108 304 195 135
134 0 0 304 140 108 371 195 135
135 0 0 371 140 108 438 195 135
136 0 0 438 140 108 505 195 135
137 0 0 505 140 108 572 195 135
138 0 0 237 140 135 304 195 162
139 0 0 304 140 135 371 195 162
140 0 0 371 140 135 438 195 162
141 0 0 438 140 135 505 195 162
142 0 0 505 140 135 572 195 162
143 0 0 237 140 162 304 195 189
144 0 0 304 140 162 371 195 189
145 0 0 371 140 162 438 195 189
146 0 0 438 140 162 505 195 189
147 0 0 505 140 162 572 195 189
148 0 0 237 140 189 304 195 216
149 0 0 304 140 189 371 195 216
150 0 0 371 140 189 438 195 216
151 0 0 438 140 189 505 195 216
152 0 0 505 140 189 572 195 216
153 2 0 237 102 82 308 138 129
154 2 0 308 102 82 379 138 129
155 1 0 237 102 129 327 137 173
156 1 0 237 102 173 327 137 217
157 2 0 327 102 129 398 138 176
158 1 0 327 102 176 417 137 220
159 2 0 417 102 0 488 138 47
160 2 0 417 102 47 488 138 94
161 2 0 417 102 94 488 138 141
162 2 0 417 102 141 488 138 188
163 2 0 488 102 0 535 138 71
164 2 0 535 102 0 582 138 71
165 2 0 488 102 71 535 138 142
166 2 0 535 102 71 582 138 142
167 2 0 488 102 142 535 138 213
168 2 0 535 102 142 582 138 213
169 2 0 526 195 0 573 231 71
170 2 0 526 195 71 573 231 142
171 2 0 526 195 142 573 231 213
