Utilizacion 74.871162 VolCajasEmpacado 77.304483 Duracion[s] 60.010000 Iteraciones 7400
0 0 0 0 0 0 90 57 67
1 0 0 0 57 0 90 114 67
2 1 1 0 0 67 61 116 95
3 3 2 0 0 95 41 86 130
4 3 2 0 0 130 41 86 165
5 2 2 0 116 0 82 212 63
6 2 2 82 116 0 164 212 63
7 4 3 0 0 165 41 86 200
8 5 3 0 116 63 80 207 160
9 6 4 0 86 160 74 149 219
10 7 5 80 114 63 162 210 126
11 10 6 0 149 160 74 212 219
12 8 6 41 0 95 67 67 139
13 9 6 90 0 0 147 90 67
14 11 6 147 0 0 244 91 80
15 10 6 67 0 67 141 63 126
16 10 6 67 0 126 141 63 185
17 13 7 141 0 80 221 91 177
18 12 7 80 91 126 137 158 216
19 14 8 80 158 126 176 221 208
20 15 9 41 0 185 127 41 220
21 16 9 164 91 0 254 158 57
22 17 10 164 91 57 227 150 131
23 17 10 164 91 131 227 150 205
24 20 11 141 0 177 201 86 220
25 19 11 176 158 0 292 219 28
26 18 11 176 158 28 235 232 91
27 22 12 176 150 91 272 213 173
28 21 12 176 150 173 262 210 216
29 23 13 244 0 0 311 90 57
30 23 13 244 0 57 311 90 114
31 26 14 221 0 114 312 80 211
32 25 14 254 90 0 321 147 90
33 24 14 227 90 90 313 150 133
34 26 14 292 150 0 389 230 91
35 27 15 227 80 133 323 143 215
36 28 15 272 150 91 363 230 188
37 29 16 262 143 188 378 204 216
38 30 16 312 0 0 409 80 91
39 30 16 312 0 91 409 80 182
40 32 17 323 80 0 419 143 82
41 31 17 323 80 82 390 137 172
42 33 18 312 0 182 379 44 208
43 35 19 323 44 182 409 85 217
44 34 19 323 85 172 390 111 216
45 34 19 323 111 172 390 137 216
46 36 19 389 143 0 452 225 96
47 37 20 378 137 96 419 223 131
48 38 21 378 137 131 437 211 194
49 39 21 409 0 0 495 43 60
50 40 22 378 137 194 445 181 220
51 41 22 409 0 60 495 60 103
52 42 23 378 181 194 445 225 220
53 43 23 409 0 103 495 60 146
54 44 24 409 0 146 499 57 213
55 45 25 419 60 0 476 127 90
56 49 26 390 85 90 457 129 116
57 47 26 409 60 116 466 127 206
58 47 26 452 129 0 542 186 67
59 48 26 452 129 67 568 190 95
60 46 26 452 129 95 534 225 158
61 52 27 445 127 158 535 194 215
62 51 27 445 194 158 531 229 199
63 50 27 499 0 0 560 116 28
64 53 28 476 60 28 543 104 54
65 56 29 476 60 54 550 119 117
66 55 29 466 60 117 552 103 177
67 54 29 466 57 177 582 118 205
68 59 30 499 0 28 566 57 118
69 59 30 499 0 118 566 57 208
70 58 30 535 119 95 578 205 155
