Utilizacion 79.577954 VolCajasEmpacado 80.326888 Duracion[s] 60.000000 Iteraciones 1244
0 9 0 0 0 0 54 57 29
1 9 0 0 0 29 54 57 58
2 9 0 0 0 58 54 57 87
3 9 0 0 0 87 54 57 116
4 9 0 0 0 116 54 57 145
5 9 0 0 0 145 54 57 174
6 9 0 0 0 174 54 57 203
7 11 0 0 57 0 116 141 27
8 11 0 0 57 27 116 141 54
9 11 0 0 57 54 116 141 81
10 11 0 0 57 81 116 141 108
11 11 0 0 57 108 116 141 135
12 11 0 0 57 135 116 141 162
13 11 0 0 57 162 116 141 189
14 11 0 0 57 189 116 141 216
15 8 0 0 141 0 32 232 50
16 8 0 32 141 0 64 232 50
17 8 0 64 141 0 96 232 50
18 8 0 96 141 0 128 232 50
19 5 0 0 141 50 97 210 83
20 5 0 0 141 83 97 210 116
21 5 0 0 141 116 97 210 149
22 5 0 0 141 149 97 210 182
23 5 0 0 141 182 97 210 215
24 0 0 54 0 0 151 27 31
25 0 0 151 0 0 248 27 31
26 0 0 248 0 0 345 27 31
27 0 0 54 27 0 151 54 31
28 0 0 151 27 0 248 54 31
29 0 0 248 27 0 345 54 31
30 10 0 97 141 50 126 226 80
31 10 0 97 141 80 126 226 110
32 10 0 97 141 110 126 226 140
33 10 0 97 141 140 126 226 170
34 10 0 97 141 170 126 226 200
35 3 0 54 0 31 166 41 82
36 3 0 54 0 82 166 51 123
37 3 0 54 0 123 166 51 164
38 3 0 54 0 164 166 51 205
39 1 0 116 54 0 197 141 23
40 1 0 116 54 23 197 141 46
41 1 0 116 54 46 197 141 69
42 1 0 116 54 69 197 141 92
43 6 0 116 51 92 189 132 124
44 6 0 116 51 124 197 124 156
45 6 0 116 51 156 197 124 188
46 6 0 116 51 188 197 124 220
47 6 0 128 141 0 201 222 32
48 6 0 128 141 32 201 222 64
49 6 0 128 141 64 201 222 96
50 7 0 126 132 96 195 207 128
51 7 0 126 132 128 195 207 160
52 7 0 126 132 160 195 207 192
53 3 0 166 0 31 278 41 82
54 4 0 166 0 82 284 40 148
55 4 0 166 0 148 284 40 214
56 4 0 197 54 0 315 94 66
57 4 0 315 54 0 433 94 66
58 4 0 433 54 0 551 94 66
59 2 0 197 41 66 259 112 143
60 2 0 197 41 143 259 112 220
61 7 0 201 112 0 270 187 32
62 7 0 201 112 32 270 187 64
63 7 0 201 112 64 270 187 96
64 4 0 201 187 0 319 227 66
65 4 0 201 187 66 319 227 132
66 4 0 201 187 132 319 227 198
67 4 0 195 124 96 313 164 162
68 2 0 259 41 66 336 103 137
69 22 1 126 124 192 223 155 219
70 22 1 126 155 192 223 186 219
71 19 1 223 112 162 280 166 191
72 19 1 223 112 191 280 166 220
73 15 1 259 40 137 356 109 170
74 15 1 259 40 170 356 109 203
75 19 1 280 109 162 309 166 216
76 18 1 284 0 31 375 32 81
77 14 1 284 0 81 402 40 147
78 14 1 284 0 147 402 40 213
79 18 1 313 109 0 404 141 50
80 18 1 404 109 0 495 141 50
81 18 1 495 109 0 586 141 50
82 18 1 313 141 0 404 173 50
83 18 1 404 141 0 495 173 50
84 18 1 495 141 0 586 173 50
85 16 1 313 109 50 394 182 82
86 16 1 313 109 82 394 182 114
87 16 1 313 109 114 394 182 146
88 16 1 313 109 146 394 182 178
89 16 1 313 109 178 394 182 210
90 13 1 319 182 0 431 233 41
91 13 1 319 182 41 431 233 82
92 18 1 319 182 82 410 232 114
93 18 1 319 182 114 410 232 146
94 18 1 319 182 146 410 232 178
95 13 1 319 182 178 431 233 219
96 12 1 356 40 66 427 102 143
97 12 1 427 40 66 498 102 143
98 12 1 356 40 143 427 102 220
99 12 1 427 40 143 498 102 220
100 15 1 394 102 50 491 171 83
101 15 1 394 102 83 491 171 116
102 15 1 394 102 116 491 171 149
103 15 1 394 102 149 491 171 182
104 15 1 394 102 182 491 171 215
105 14 1 402 0 0 520 40 66
106 14 1 402 0 66 520 40 132
107 14 1 402 0 132 520 40 198
108 20 1 431 173 0 516 202 30
109 20 1 431 202 0 516 231 30
110 23 1 498 40 66 579 127 89
111 20 1 491 102 89 576 132 118
112 20 1 491 102 118 576 132 147
113 20 1 491 102 147 576 132 176
114 20 1 491 102 176 576 132 205
115 13 1 431 173 30 543 224 71
116 13 1 431 173 71 543 224 112
117 13 1 431 173 112 543 224 153
118 13 1 431 173 153 543 224 194
119 20 1 491 132 50 576 161 80
120 20 1 491 132 80 576 161 110
121 19 1 491 132 110 548 161 164
122 19 1 491 132 164 548 161 218
123 19 1 548 132 110 577 189 164
124 19 1 548 132 164 577 189 218
125 12 1 498 40 89 575 102 160
126 19 1 498 40 160 555 94 189
127 22 1 520 0 189 551 97 216
128 22 1 555 0 160 586 97 187
129 22 1 555 0 187 586 97 214
