Utilizacion 72.905733 VolCajasEmpacado 73.545472 Duracion[s] 60.003000 Iteraciones 2729
0 3 0 0 0 0 58 52 64
1 3 0 0 52 0 58 104 64
2 3 0 0 104 0 58 156 64
3 3 0 0 156 0 58 208 64
4 2 0 0 0 64 79 118 115
5 2 0 0 0 115 79 118 166
6 2 0 0 0 166 79 118 217
7 4 0 0 118 64 42 150 106
8 0 0 0 150 64 76 186 121
9 0 0 0 186 64 76 222 121
10 0 0 0 150 121 76 186 178
11 0 0 0 186 121 76 222 178
12 0 0 0 118 178 57 194 214
13 1 0 76 118 0 131 161 64
14 0 0 76 161 0 152 218 36
15 0 0 76 161 36 152 218 72
16 9 1 0 194 178 86 226 209
17 6 1 76 118 64 131 161 128
18 9 1 57 118 128 143 149 160
19 8 1 57 118 160 99 150 202
20 6 1 86 161 72 141 225 115
21 5 1 79 0 0 197 79 51
22 5 1 197 0 0 315 79 51
23 7 1 79 0 51 136 76 87
24 11 2 57 150 178 89 192 220
25 12 2 79 0 87 163 70 122
26 12 2 79 0 122 163 70 157
27 12 2 79 0 157 163 70 192
28 13 2 79 79 0 155 115 57
29 10 2 79 76 57 165 108 88
30 11 2 79 70 88 111 112 130
31 15 2 89 161 115 153 219 167
32 15 2 89 161 167 153 219 219
33 14 2 153 115 0 204 233 79
34 15 2 143 108 79 207 160 137
35 16 3 143 70 137 174 156 169
36 19 3 99 70 169 217 149 220
37 21 3 153 160 79 237 230 114
38 21 3 153 160 114 237 230 149
39 21 3 153 160 149 237 230 184
40 21 3 153 160 184 237 230 219
41 20 3 163 0 51 218 64 94
42 20 3 218 0 51 273 64 94
43 21 3 163 0 94 247 70 129
44 18 3 163 0 129 215 64 187
45 16 3 163 0 187 249 32 218
46 16 3 163 32 187 249 64 218
47 18 3 273 0 51 325 58 115
48 18 3 273 0 115 325 58 179
49 21 3 249 0 179 319 84 214
50 21 3 217 84 0 301 154 35
51 17 3 217 84 35 312 139 95
52 17 3 217 84 95 312 139 155
53 17 3 217 84 155 312 139 215
54 19 3 237 154 0 355 233 51
55 19 3 237 139 51 355 190 130
56 18 3 237 139 130 295 191 194
57 23 4 295 139 130 327 181 172
58 23 4 295 139 172 327 181 214
59 23 4 237 191 51 279 233 83
60 25 4 237 191 83 313 227 140
61 22 4 237 191 140 323 222 172
62 28 4 312 84 0 407 139 60
63 28 4 312 84 60 407 139 120
64 28 4 312 84 120 407 139 180
65 26 4 323 190 51 378 233 115
66 24 4 325 0 0 395 84 35
67 24 4 395 0 0 465 84 35
68 24 4 465 0 0 535 84 35
69 27 4 325 0 35 443 79 86
70 34 5 237 191 172 279 233 204
71 35 5 312 84 180 398 116 211
72 35 5 279 191 172 365 223 203
73 36 5 325 0 86 380 64 129
74 36 5 380 0 86 435 64 129
75 31 5 325 0 129 395 84 164
76 31 5 325 0 164 395 84 199
77 33 5 355 139 0 431 175 57
78 32 5 355 139 57 473 190 136
79 32 5 355 139 136 473 190 215
80 30 5 395 0 129 453 64 181
81 31 5 395 0 181 479 70 216
82 29 5 407 84 0 502 139 60
83 29 5 407 84 60 502 139 120
84 41 6 407 70 120 459 134 178
85 39 6 378 190 0 433 233 64
86 39 6 433 190 0 488 233 64
87 37 6 378 190 64 420 232 96
88 37 6 378 190 96 420 232 128
89 37 6 378 190 128 420 232 160
90 38 6 407 70 178 483 127 214
91 38 6 365 190 160 441 226 217
92 38 6 441 190 64 517 226 121
93 38 6 441 190 121 517 226 178
94 42 6 479 0 35 574 55 95
95 42 6 479 0 95 574 55 155
96 42 6 479 0 155 574 55 215
97 42 6 502 84 0 557 179 60
98 40 6 502 55 60 581 173 111
99 40 6 502 55 111 581 173 162
100 40 6 502 55 162 581 173 213
