Utilizacion 79.783301 VolCajasEmpacado 81.466984 Duracion[s] 60.039000 Iteraciones 929
0 2 0 0 0 0 88 82 74
1 2 0 0 82 0 88 164 74
2 3 0 0 0 74 109 80 142
3 3 0 0 0 142 109 80 210
4 8 0 0 80 74 45 132 141
5 8 0 45 80 74 90 132 141
6 8 0 0 80 141 45 132 208
7 8 0 45 80 141 90 132 208
8 14 0 0 132 74 86 191 103
9 14 0 0 132 103 86 191 132
10 14 0 0 132 132 86 191 161
11 14 0 0 132 161 86 191 190
12 14 0 0 132 190 86 191 219
13 9 0 0 191 0 48 231 75
14 9 0 48 191 0 96 231 75
15 9 0 0 191 75 48 231 150
16 9 0 48 191 75 96 231 150
17 9 0 0 191 150 75 231 198
18 8 0 88 132 0 155 177 52
19 14 0 88 132 52 174 191 81
20 14 0 88 132 81 174 191 110
21 13 0 86 132 110 176 177 141
22 13 0 86 132 141 176 177 172
23 0 0 86 132 172 186 195 195
24 0 0 86 132 195 186 195 218
25 7 0 90 80 0 193 128 53
26 7 0 90 80 53 193 128 106
27 7 0 90 80 106 193 128 159
28 7 0 90 80 159 193 128 212
29 12 0 96 195 0 186 227 37
30 12 0 96 195 37 186 227 74
31 12 0 96 195 74 186 227 111
32 12 0 96 195 111 186 227 148
33 12 0 96 195 148 186 227 185
34 12 0 75 195 185 165 232 217
35 4 0 109 0 0 173 80 114
36 10 0 109 0 114 175 76 148
37 10 0 109 0 148 175 76 182
38 10 0 109 0 182 175 76 216
39 6 0 175 0 0 286 80 53
40 6 0 286 0 0 397 80 53
41 6 0 397 0 0 508 80 53
42 5 0 175 0 53 247 80 116
43 5 0 175 0 116 247 80 179
44 10 0 175 0 179 241 76 213
45 11 0 186 128 0 252 162 56
46 11 0 186 162 0 252 196 56
47 11 0 186 196 0 252 230 56
48 0 0 186 128 56 249 228 79
49 0 0 186 128 79 249 228 102
50 0 0 186 128 102 249 228 125
51 0 0 186 128 125 249 228 148
52 1 0 186 128 148 267 175 170
53 1 0 186 175 148 267 222 170
54 1 0 186 128 170 267 175 192
55 1 0 186 175 170 267 222 192
56 1 0 186 128 192 267 175 214
57 1 0 186 175 192 267 222 214
58 8 0 193 80 0 245 125 67
59 7 0 193 80 67 296 128 120
60 11 0 193 80 120 259 114 176
61 4 0 247 0 53 361 80 117
62 4 0 247 0 117 361 80 181
63 5 0 361 0 53 424 72 133
64 23 1 241 0 181 317 66 215
65 25 1 193 80 176 283 117 208
66 20 1 267 128 0 315 231 53
67 20 1 267 128 53 315 231 106
68 20 1 267 128 106 315 231 159
69 20 1 267 128 159 315 231 212
70 22 1 296 80 0 336 128 75
71 23 1 296 80 75 372 114 141
72 23 1 296 80 141 372 114 207
73 23 1 317 0 181 393 66 215
74 24 1 315 128 0 349 194 56
75 24 1 315 128 56 349 194 112
76 24 1 315 128 112 349 194 168
77 24 1 315 194 0 381 228 56
78 24 1 381 194 0 447 228 56
79 24 1 447 194 0 513 228 56
80 24 1 513 194 0 579 228 56
81 21 1 315 114 168 382 166 213
82 21 1 315 166 168 382 218 213
83 22 1 393 0 133 441 40 208
84 25 1 372 80 0 462 112 37
85 25 1 372 80 37 462 112 74
86 25 1 372 80 74 462 112 111
87 25 1 372 80 111 462 112 148
88 29 1 372 66 148 453 113 170
89 29 1 372 66 170 453 113 192
90 29 1 372 66 192 453 113 214
91 19 1 441 0 53 552 53 133
92 19 1 441 0 133 552 53 213
93 21 1 462 53 53 529 98 105
94 21 1 462 53 105 529 98 157
95 21 1 462 53 157 529 98 209
96 17 1 382 113 0 496 193 64
97 17 1 382 113 64 496 193 128
98 17 1 382 113 128 496 193 192
99 22 1 382 193 56 430 233 131
100 26 1 382 193 131 472 224 176
101 28 1 382 113 192 482 176 215
102 23 1 472 193 56 548 227 122
103 26 1 472 193 122 562 224 167
104 26 1 472 193 167 562 224 212
105 15 1 496 98 0 584 180 74
106 15 1 496 98 74 584 180 148
107 18 1 496 98 148 576 161 220
108 26 1 496 161 148 586 192 193
109 26 1 552 0 0 583 90 45
110 26 1 552 0 45 583 90 90
111 26 1 552 0 90 583 90 135
112 26 1 552 0 135 583 90 180
