Utilizacion 78.969469 VolCajasEmpacado 80.292207 Duracion[s] 60.009000 Iteraciones 845
0 10 0 0 0 0 79 60 44
1 10 0 0 0 44 79 60 88
2 10 0 0 0 88 79 60 132
3 10 0 0 0 132 79 60 176
4 10 0 0 0 176 79 60 220
5 7 0 0 60 0 81 117 50
6 7 0 0 60 50 81 117 100
7 7 0 0 60 100 81 117 150
8 7 0 0 60 150 81 117 200
9 1 0 0 117 0 70 223 93
10 1 0 70 117 0 140 223 93
11 1 0 140 117 0 210 223 93
12 5 0 0 117 93 72 222 145
13 5 0 72 117 93 144 222 145
14 5 0 144 117 93 216 222 145
15 5 0 0 117 145 72 222 197
16 5 0 72 117 145 144 222 197
17 5 0 144 117 145 216 222 197
18 12 0 0 117 197 74 156 220
19 12 0 74 117 197 148 156 220
20 12 0 0 156 197 74 195 220
21 12 0 74 156 197 148 195 220
22 11 0 79 0 0 180 45 76
23 11 0 180 0 0 281 45 76
24 11 0 281 0 0 382 45 76
25 11 0 382 0 0 483 45 76
26 11 0 483 0 0 584 45 76
27 19 0 79 0 76 138 42 142
28 19 0 79 0 142 138 42 208
29 15 0 81 45 0 112 83 35
30 15 0 112 45 0 143 83 35
31 15 0 143 45 0 174 83 35
32 15 0 174 45 0 205 83 35
33 16 0 81 45 35 144 108 66
34 6 0 81 45 66 170 95 144
35 2 0 81 42 144 174 115 209
36 18 0 138 0 76 185 42 150
37 18 0 185 0 76 232 42 150
38 18 0 232 0 76 279 42 150
39 12 0 148 115 197 187 189 220
40 14 0 138 0 150 210 31 181
41 14 0 138 0 181 210 31 212
42 8 0 210 0 150 283 46 215
43 0 0 174 45 35 210 105 61
44 0 0 174 45 61 210 105 87
45 0 0 174 45 87 210 105 113
46 0 0 174 45 113 210 105 139
47 0 0 174 45 139 210 105 165
48 13 0 174 31 165 207 103 193
49 14 0 210 46 0 282 77 31
50 14 0 210 77 0 282 108 31
51 3 0 210 46 31 272 117 111
52 3 0 210 46 111 272 117 191
53 13 0 207 46 191 279 79 219
54 13 0 207 79 191 279 112 219
55 2 0 283 0 76 356 65 169
56 6 0 216 117 0 294 206 50
57 9 0 216 117 50 307 216 95
58 19 0 216 117 95 258 183 154
59 19 0 216 117 154 258 183 213
60 8 0 216 183 95 289 229 160
61 16 0 258 117 95 321 180 126
62 2 0 258 117 126 331 182 219
63 8 0 283 0 169 356 65 215
64 17 0 282 65 0 376 104 66
65 17 0 376 65 0 470 104 66
66 17 0 470 65 0 564 104 66
67 17 0 279 65 66 373 104 132
68 16 0 331 104 0 394 167 31
69 16 0 331 167 0 394 230 31
70 4 0 356 0 76 428 61 175
71 38 1 148 189 197 222 228 220
72 30 1 356 0 175 415 66 217
73 38 1 415 0 175 438 74 214
74 31 1 222 183 160 296 225 207
75 34 1 279 65 132 317 100 163
76 37 1 279 65 163 339 101 189
77 37 1 279 65 189 339 101 215
78 25 1 307 182 31 388 232 88
79 32 1 307 182 88 401 221 154
80 32 1 307 182 154 401 221 220
81 32 1 331 104 31 425 170 70
82 22 1 331 104 70 392 176 169
83 22 1 392 104 70 453 176 169
84 31 1 331 101 169 373 175 216
85 34 1 339 66 132 370 101 170
86 34 1 339 66 170 370 101 208
87 28 1 373 74 169 449 175 214
88 35 1 401 176 0 473 207 31
89 37 1 401 207 0 461 233 36
90 37 1 461 207 0 521 233 36
91 37 1 521 207 0 581 233 36
92 35 1 401 176 31 473 207 62
93 38 1 401 207 36 475 230 75
94 36 1 438 0 76 466 72 109
95 36 1 438 0 109 466 72 142
96 36 1 438 0 142 466 72 175
97 36 1 438 0 175 466 72 208
98 20 1 466 0 76 559 70 182
99 36 1 401 176 62 473 204 95
100 33 1 466 0 182 529 63 213
101 38 1 401 204 75 475 227 114
102 25 1 401 176 114 482 233 164
103 25 1 401 176 164 482 233 214
104 30 1 453 104 0 495 170 59
105 29 1 453 72 66 513 116 145
106 29 1 513 72 66 573 116 145
107 23 1 453 72 145 558 124 217
108 26 1 453 124 59 518 170 132
109 26 1 453 124 132 518 170 205
110 22 1 518 124 0 579 196 99
111 28 1 482 170 99 583 215 175
112 30 1 482 170 175 548 229 217
113 26 1 518 124 99 583 170 172
