Utilizacion 71.546437 VolCajasEmpacado 72.169571 Duracion[s] 60.010000 Iteraciones 4295
0 1 0 0 0 0 38 95 58
1 1 0 38 0 0 76 95 58
2 0 0 0 95 0 95 142 79
3 3 1 0 142 0 72 188 27
4 3 1 0 142 27 72 188 54
5 2 1 0 0 58 46 79 121
6 5 2 0 0 121 59 49 169
7 5 2 0 0 169 59 49 217
8 4 2 0 142 54 95 189 133
9 4 2 0 142 133 95 189 212
10 6 2 0 79 79 79 125 142
11 6 2 0 79 142 79 125 205
12 7 3 0 49 121 72 76 167
13 8 4 76 0 0 155 63 46
14 8 4 155 0 0 234 63 46
15 9 4 76 0 46 171 79 93
16 10 5 0 49 167 72 76 213
17 11 5 0 189 0 95 227 58
18 12 5 59 0 93 138 46 156
19 12 5 59 0 156 138 46 219
20 13 5 79 46 93 174 93 172
21 14 6 0 189 58 95 227 116
22 17 6 72 46 172 144 73 218
23 17 6 79 73 172 151 100 218
24 16 6 95 100 0 158 146 79
25 16 6 95 100 79 158 146 158
26 15 6 95 146 0 190 193 79
27 18 7 79 100 158 174 138 216
28 18 7 0 189 116 95 227 174
29 20 7 95 146 79 154 195 127
30 19 7 95 146 127 190 193 206
31 21 8 0 193 174 72 220 220
32 21 8 171 0 46 243 46 73
33 22 8 171 0 73 266 38 131
34 23 8 174 63 0 269 110 79
35 23 8 174 63 79 269 110 158
36 24 9 95 195 0 167 222 46
37 25 9 138 0 131 217 46 194
38 27 10 174 46 158 269 84 216
39 26 10 95 195 46 167 222 92
40 30 11 174 84 158 222 133 217
41 28 11 190 133 0 253 212 46
42 29 11 190 133 46 237 228 125
43 30 11 190 133 125 238 182 184
44 31 12 154 193 125 249 231 183
45 33 12 222 84 158 270 133 217
46 32 12 253 133 0 300 228 79
47 32 12 300 133 0 347 228 79
48 35 13 217 0 131 280 46 210
49 35 13 238 133 79 317 179 142
50 36 13 238 133 142 286 182 201
51 34 13 249 182 79 344 220 137
52 37 14 249 182 137 312 228 216
53 37 14 312 179 137 375 225 216
54 39 14 269 46 0 364 84 58
55 38 14 270 84 0 365 131 79
56 38 14 270 46 79 365 125 126
57 38 14 270 46 126 365 125 173
58 40 15 269 46 173 341 73 219
59 41 15 270 73 173 365 131 211
60 42 15 280 0 0 359 46 63
61 43 16 280 0 63 352 46 90
62 45 16 286 131 142 335 179 201
63 43 16 280 0 90 352 27 136
64 43 16 280 0 136 352 27 182
65 43 16 280 0 182 352 46 209
66 44 16 347 131 0 442 178 79
67 46 17 335 131 79 430 178 158
68 47 18 335 131 158 430 169 216
69 47 18 359 0 0 454 38 58
70 48 18 359 0 58 438 46 121
71 48 18 352 0 121 431 46 184
72 49 19 365 46 0 444 92 63
73 51 20 352 0 184 424 46 211
74 50 20 365 92 0 460 130 58
75 50 20 365 46 63 460 84 121
76 52 21 365 46 121 437 73 167
77 55 21 365 46 167 424 95 215
78 53 21 375 178 0 438 224 79
79 54 21 375 178 79 470 225 158
80 56 22 365 95 58 437 122 104
81 57 22 442 130 0 537 177 79
82 57 22 460 0 0 507 95 79
83 61 23 365 95 104 437 122 150
84 61 23 365 95 150 437 122 196
85 60 23 437 0 121 475 95 179
86 60 23 431 0 179 489 95 217
87 59 23 437 95 79 500 174 125
88 58 23 430 122 125 525 169 204
89 62 24 470 177 0 565 224 79
90 64 25 507 0 0 553 63 79
91 63 25 537 63 0 575 158 58
92 65 26 525 63 58 573 112 117
93 66 27 489 0 79 584 38 137
94 67 27 489 0 137 584 47 216
95 68 28 489 47 117 584 85 175
96 69 28 525 85 117 573 134 176
97 72 29 525 47 176 583 142 214
98 73 29 525 142 79 552 214 125
99 74 29 525 142 125 571 205 204
100 70 29 375 169 158 434 218 206
