Utilizacion 79.442180 VolCajasEmpacado 81.133824 Duracion[s] 60.038000 Iteraciones 1280
0 10 0 0 0 0 95 102 33
1 10 0 0 0 33 95 102 66
2 10 0 0 0 66 95 102 99
3 10 0 0 0 99 95 102 132
4 10 0 0 0 132 95 102 165
5 10 0 0 0 165 95 102 198
6 2 0 0 102 0 66 167 90
7 2 0 66 102 0 132 167 90
8 2 0 132 102 0 198 167 90
9 2 0 198 102 0 264 167 90
10 2 0 0 167 0 66 232 90
11 2 0 66 167 0 132 232 90
12 2 0 132 167 0 198 232 90
13 2 0 198 167 0 264 232 90
14 3 0 0 102 90 101 183 152
15 3 0 0 102 152 101 183 214
16 6 0 0 183 90 96 228 142
17 11 0 0 183 142 117 221 172
18 11 0 0 183 172 117 221 202
19 5 0 95 0 0 164 51 76
20 5 0 95 51 0 164 102 76
21 6 0 95 0 76 147 96 121
22 6 0 95 0 121 147 96 166
23 6 0 95 0 166 147 96 211
24 4 0 101 96 90 174 153 165
25 4 0 174 96 90 247 153 165
26 9 0 101 96 165 137 182 199
27 5 0 117 182 90 186 233 166
28 5 0 186 182 90 255 233 166
29 8 0 117 182 166 178 228 203
30 9 0 137 96 165 173 182 199
31 0 0 147 0 76 177 65 106
32 0 0 147 0 106 177 65 136
33 0 0 147 0 136 177 65 166
34 0 0 147 0 166 177 65 196
35 11 0 164 65 0 281 95 38
36 11 0 164 65 38 281 95 76
37 11 0 164 65 76 281 95 114
38 11 0 164 65 114 281 95 152
39 0 0 147 65 152 212 95 182
40 0 0 212 65 152 277 95 182
41 0 0 147 65 182 212 95 212
42 0 0 212 65 182 277 95 212
43 9 0 173 95 165 207 181 201
44 3 0 177 0 0 278 62 81
45 1 0 177 0 81 289 57 108
46 1 0 177 0 108 289 57 135
47 1 0 177 0 135 289 57 162
48 1 0 177 0 162 289 57 189
49 1 0 177 0 189 289 57 216
50 6 0 178 181 166 274 233 211
51 8 0 207 95 165 268 141 202
52 7 0 264 141 0 354 178 73
53 7 0 264 141 73 354 178 146
54 7 0 264 141 146 354 178 219
55 8 0 268 95 0 329 141 37
56 8 0 268 95 37 329 141 74
57 8 0 268 95 74 329 141 111
58 8 0 268 95 111 329 141 148
59 8 0 268 95 148 329 141 185
60 7 0 274 178 0 364 215 73
61 7 0 274 178 73 364 215 146
62 10 0 289 0 0 391 95 33
63 4 0 289 0 33 364 73 90
64 4 0 289 0 90 364 73 147
65 10 0 289 0 147 391 95 180
66 1 0 289 0 180 401 57 207
67 3 0 354 95 0 435 157 101
68 3 0 435 95 0 516 157 101
69 3 0 354 95 101 435 157 202
70 3 0 435 95 101 516 157 202
71 10 0 401 0 0 503 95 33
72 19 1 274 178 146 360 212 182
73 21 1 274 178 182 391 208 220
74 19 1 277 57 180 363 93 214
75 21 1 391 57 33 508 95 63
76 21 1 391 57 63 508 95 93
77 21 1 391 57 93 508 95 123
78 21 1 391 57 123 508 95 153
79 21 1 391 57 153 508 95 183
80 21 1 391 57 183 508 95 213
81 14 1 391 157 0 464 232 57
82 14 1 391 157 57 464 232 114
83 14 1 391 157 114 464 232 171
84 17 1 391 157 171 481 230 208
85 23 1 401 0 33 513 57 60
86 23 1 401 0 60 513 57 87
87 23 1 401 0 87 513 57 114
88 16 1 401 0 114 497 45 166
89 16 1 401 0 166 497 45 218
90 12 1 481 157 0 546 223 90
91 12 1 481 157 90 546 223 180
92 18 1 481 157 180 542 203 217
93 22 1 481 203 180 546 233 210
94 18 1 508 57 0 554 94 61
95 18 1 508 57 61 554 94 122
96 18 1 508 57 122 554 94 183
97 18 1 513 0 0 559 37 61
98 14 1 513 0 61 586 57 136
99 15 1 497 0 136 573 51 205
100 22 1 508 51 183 573 81 213
101 15 1 516 94 0 585 145 76
102 22 1 516 94 76 581 124 106
103 22 1 516 94 106 581 124 136
104 22 1 516 94 136 581 124 166
105 19 1 546 145 0 582 231 34
106 19 1 546 145 34 582 231 68
107 19 1 546 145 68 582 231 102
108 19 1 546 145 102 582 231 136
109 17 1 546 124 136 583 214 209
