Utilizacion 81.092224 VolCajasEmpacado 82.764529 Duracion[s] 60.003000 Iteraciones 1306
0 8 0 0 0 0 100 114 45
1 8 0 0 114 0 100 228 45
2 8 0 0 0 45 100 114 90
3 8 0 0 114 45 100 228 90
4 8 0 0 0 90 100 114 135
5 8 0 0 114 90 100 228 135
6 8 0 0 0 135 100 114 180
7 8 0 0 114 135 100 228 180
8 0 0 0 0 180 56 32 208
9 0 0 56 0 180 112 32 208
10 0 0 0 32 180 56 64 208
11 0 0 56 32 180 112 64 208
12 0 0 0 64 180 56 96 208
13 0 0 56 64 180 112 96 208
14 4 0 0 96 180 108 155 218
15 4 0 0 155 180 108 214 218
16 3 0 108 96 0 169 133 53
17 3 0 108 133 0 169 170 53
18 3 0 108 96 53 169 133 106
19 3 0 108 133 53 169 170 106
20 3 0 108 96 106 169 133 159
21 3 0 108 133 106 169 170 159
22 3 0 108 96 159 169 133 212
23 3 0 108 133 159 169 170 212
24 7 0 108 170 0 189 213 71
25 7 0 108 170 71 189 213 142
26 7 0 108 170 142 189 213 213
27 10 0 112 0 0 170 85 70
28 10 0 170 0 0 228 85 70
29 10 0 112 0 70 170 85 140
30 10 0 170 0 70 228 85 140
31 10 0 112 0 140 170 85 210
32 10 0 170 0 140 228 85 210
33 2 0 169 85 0 263 121 51
34 2 0 169 121 0 263 157 51
35 7 0 169 85 51 212 166 122
36 11 0 169 85 122 230 167 211
37 9 0 189 167 0 262 219 54
38 4 0 189 167 54 297 226 92
39 4 0 189 167 92 297 226 130
40 4 0 189 167 130 297 226 168
41 4 0 189 167 168 297 226 206
42 9 0 228 0 0 301 52 54
43 9 0 228 0 54 301 52 108
44 9 0 228 0 108 301 52 162
45 9 0 228 0 162 301 52 216
46 0 0 228 52 0 284 84 28
47 11 0 230 52 51 291 134 140
48 9 0 230 52 140 282 106 213
49 9 0 230 106 140 282 160 213
50 2 0 291 52 0 385 103 36
51 2 0 291 103 0 385 154 36
52 2 0 291 52 36 385 103 72
53 2 0 291 103 36 385 154 72
54 2 0 291 52 72 385 103 108
55 2 0 291 103 72 385 154 108
56 2 0 291 52 108 385 103 144
57 2 0 291 103 108 385 154 144
58 2 0 291 52 144 385 103 180
59 2 0 291 103 144 385 154 180
60 2 0 291 52 180 385 103 216
61 2 0 291 103 180 385 154 216
62 10 0 297 154 0 355 224 85
63 10 0 297 154 85 355 224 170
64 7 0 297 154 170 378 225 213
65 9 0 301 0 0 355 52 73
66 9 0 301 0 73 355 52 146
67 9 0 301 0 146 355 52 219
68 4 0 355 0 0 463 38 59
69 4 0 463 0 0 571 38 59
70 7 0 355 0 59 426 43 140
71 7 0 426 0 59 497 43 140
72 2 0 355 0 140 449 51 176
73 5 0 378 154 0 470 193 68
74 5 0 378 193 0 470 232 68
75 5 0 378 154 68 470 193 136
76 5 0 378 193 68 470 232 136
77 5 0 378 154 136 470 193 204
78 5 0 378 193 136 470 232 204
79 11 0 385 51 0 467 140 61
80 11 0 385 51 61 467 140 122
81 11 0 385 51 122 467 140 183
82 5 0 449 0 140 541 39 208
83 3 0 385 39 183 438 100 220
84 8 0 467 43 0 581 143 45
85 8 0 467 43 45 581 143 90
86 8 0 467 43 90 581 143 135
87 8 0 467 43 135 581 143 180
88 5 0 467 39 180 559 107 219
89 1 0 470 143 0 560 229 29
90 1 0 470 143 29 560 229 58
91 1 0 470 143 58 560 229 87
92 1 0 470 143 87 560 229 116
93 1 0 470 143 116 560 229 145
94 1 0 470 143 145 560 229 174
95 1 0 470 143 174 560 229 203
