Utilizacion 68.156587 VolCajasEmpacado 69.055732 Duracion[s] 60.018000 Iteraciones 5822
0 1 0 0 0 0 48 40 75
1 1 0 0 0 75 48 40 150
2 0 0 0 40 0 53 143 48
3 2 1 0 143 0 67 195 45
4 3 1 0 195 0 90 226 45
5 5 2 0 143 45 66 219 79
6 4 2 0 0 150 86 59 179
7 6 3 0 0 179 45 90 210
8 6 3 45 0 179 90 90 210
9 7 3 0 90 79 64 204 159
10 8 3 67 90 0 149 164 88
11 9 4 0 90 159 90 122 196
12 10 4 0 122 159 111 202 212
13 12 5 90 0 0 138 75 40
14 11 5 90 0 40 137 81 62
15 13 6 90 0 62 135 90 93
16 14 6 90 0 93 146 34 159
17 15 6 90 34 93 157 79 145
18 18 7 90 34 145 137 115 167
19 16 7 90 0 167 143 103 215
20 17 7 111 164 0 191 228 114
21 20 8 111 115 88 163 160 155
22 19 8 111 115 155 148 205 187
23 21 9 148 160 114 182 216 180
24 23 9 157 0 0 205 103 53
25 22 9 157 0 53 202 67 105
26 24 10 111 103 187 158 184 209
27 25 10 146 0 105 212 34 161
28 26 10 143 0 161 219 66 195
29 27 10 158 67 53 198 115 128
30 29 11 143 0 195 206 100 218
31 30 11 163 115 0 253 152 32
32 28 11 182 115 32 263 162 54
33 31 12 163 115 54 229 149 110
34 33 13 163 115 110 239 149 176
35 32 13 191 162 0 243 229 45
36 34 14 158 100 176 224 156 210
37 35 15 191 162 45 267 196 111
38 36 15 191 156 111 271 224 220
39 38 16 206 66 0 296 98 37
40 39 16 206 66 37 282 100 103
41 37 16 206 66 103 296 97 148
42 40 17 206 66 148 296 98 185
43 43 18 219 0 0 330 53 80
44 44 18 219 0 80 333 64 160
45 41 18 219 0 160 319 63 183
46 42 18 219 0 183 309 32 220
47 47 19 224 32 185 283 118 214
48 45 19 263 118 0 339 152 66
49 46 19 271 152 0 311 227 48
50 48 19 271 118 66 352 165 88
51 50 20 239 118 88 305 152 144
52 51 20 239 118 144 315 152 210
53 49 20 311 165 0 411 228 23
54 54 21 271 165 48 351 228 120
55 54 21 271 152 120 343 232 183
56 52 21 271 152 183 371 215 206
57 53 21 296 64 0 407 117 80
58 56 22 296 64 80 386 96 117
59 55 22 296 64 117 377 111 139
60 58 22 315 64 139 397 152 213
61 57 22 333 0 0 413 64 114
62 59 23 333 0 114 405 63 194
63 63 24 309 0 194 390 47 216
64 62 24 371 152 23 411 200 98
65 64 24 371 152 98 405 228 164
66 61 24 397 117 0 487 149 37
67 60 24 411 149 0 479 229 109
68 65 25 397 117 37 487 149 74
69 66 25 407 64 0 510 112 53
70 68 25 413 0 0 513 63 23
71 67 25 479 149 0 567 223 82
72 69 26 397 117 74 487 148 119
73 71 27 405 148 109 519 228 173
74 70 27 407 64 53 510 112 106
75 73 28 371 152 173 447 218 207
76 72 28 397 64 106 487 109 137
77 74 28 397 63 137 477 126 209
78 77 29 413 0 23 479 56 57
79 78 29 413 0 57 494 47 79
80 75 29 510 63 0 584 145 88
81 76 29 519 145 82 583 225 196
82 80 30 413 0 79 513 63 102
83 79 30 413 0 102 494 47 124
84 82 30 405 0 124 439 56 190
85 81 30 439 0 124 529 45 155
86 83 31 439 0 155 506 45 207
87 84 31 510 63 88 584 145 176
88 85 32 477 45 176 558 92 198
89 86 32 477 92 176 552 140 216
90 87 32 529 0 0 581 45 67
91 88 33 477 45 198 558 92 220
92 89 33 529 0 67 581 45 134
93 90 34 529 0 134 585 34 200
