Utilizacion 73.637892 VolCajasEmpacado 74.534515 Duracion[s] 60.021000 Iteraciones 1995
0 8 0 0 0 0 75 79 68
1 5 0 0 0 68 50 74 144
2 5 0 0 0 144 50 74 220
3 3 0 0 79 0 37 154 57
4 3 0 0 154 0 37 229 57
5 4 0 0 79 57 45 144 114
6 4 0 0 79 114 45 144 171
7 9 0 0 74 171 86 103 211
8 9 0 0 103 171 86 132 211
9 2 0 0 144 57 65 233 93
10 0 0 0 144 93 102 227 122
11 0 0 0 144 122 102 227 151
12 0 0 0 144 151 102 227 180
13 1 0 0 132 180 112 191 210
14 6 0 75 0 0 127 74 58
15 7 0 75 0 58 174 68 125
16 20 1 0 191 180 86 231 209
17 15 1 50 0 125 126 74 175
18 15 1 126 0 125 202 74 175
19 17 1 50 0 175 107 65 220
20 17 1 107 0 175 164 65 220
21 17 1 164 0 175 221 65 220
22 10 1 86 74 0 175 110 65
23 10 1 86 74 65 175 110 130
24 10 1 86 74 130 175 110 195
25 18 1 102 191 0 177 228 57
26 10 1 102 191 57 191 227 122
27 19 1 102 191 122 214 221 181
28 11 1 112 110 0 180 189 75
29 11 1 112 110 75 180 189 150
30 13 1 112 110 150 190 190 216
31 15 1 190 74 0 266 124 74
32 15 1 190 124 0 266 174 74
33 15 1 190 74 74 266 124 148
34 15 1 190 124 74 266 174 148
35 12 1 190 74 148 257 173 216
36 16 1 214 174 0 280 229 48
37 16 1 214 174 48 280 229 96
38 14 1 214 174 96 288 226 154
39 28 2 86 191 181 172 231 210
40 21 2 214 173 154 288 225 212
41 22 2 221 0 0 320 67 68
42 22 2 320 0 0 419 67 68
43 22 2 419 0 0 518 67 68
44 26 2 221 0 68 310 36 133
45 26 2 221 36 68 310 72 133
46 24 2 221 0 133 297 74 183
47 26 2 221 0 183 310 65 219
48 23 2 310 0 68 376 80 146
49 23 2 376 0 68 442 80 146
50 23 2 442 0 68 508 80 146
51 22 2 266 80 0 365 147 68
52 22 2 266 80 68 365 147 136
53 22 2 266 80 136 365 147 204
54 27 2 288 147 0 390 230 29
55 24 2 288 147 29 338 223 103
56 24 2 338 147 29 388 223 103
57 24 2 288 147 103 338 223 177
58 24 2 338 147 103 388 223 177
59 27 2 288 147 177 390 230 206
60 21 2 310 0 146 362 58 220
61 25 2 362 0 146 419 65 191
62 29 2 419 0 146 485 48 201
63 32 3 365 80 0 464 147 68
64 32 3 365 80 68 464 147 136
65 32 3 365 80 136 464 147 204
66 30 3 390 147 0 456 227 78
67 38 3 390 147 78 502 177 137
68 40 3 419 48 146 505 77 186
69 35 3 390 177 78 438 232 144
70 34 3 390 147 144 440 221 220
71 37 3 440 147 137 529 183 202
72 35 3 456 183 0 522 231 55
73 35 3 456 183 55 522 231 110
74 35 3 456 183 110 522 231 165
75 41 3 464 80 0 509 145 57
76 41 3 509 80 0 554 145 57
77 37 3 464 80 57 553 145 93
78 37 3 464 80 93 553 145 129
79 33 3 464 80 129 516 138 203
80 32 3 518 0 0 585 68 99
81 31 3 508 0 99 583 79 167
82 36 3 505 0 167 562 75 204
83 33 3 516 79 129 568 137 203
