Utilizacion 64.297994 VolCajasEmpacado 66.027493 Duracion[s] 60.002000 Iteraciones 5279
0 1 0 0 0 0 71 53 20
1 0 0 0 0 20 71 21 55
2 2 1 0 53 0 35 173 32
3 2 1 0 53 32 35 173 64
4 4 1 0 173 0 62 220 92
5 3 1 0 0 55 75 35 124
6 5 1 0 35 64 33 99 96
7 7 2 0 0 124 47 62 216
8 6 2 0 62 96 35 133 117
9 8 2 0 133 92 70 227 156
10 11 3 0 62 117 64 132 211
11 10 3 0 132 156 75 201 191
12 9 3 0 132 191 71 185 211
13 13 4 47 0 124 94 62 216
14 14 4 64 62 0 129 112 51
15 12 4 64 62 51 180 118 76
16 18 5 0 201 156 55 221 191
17 16 5 64 62 76 139 131 111
18 17 5 64 62 111 135 115 131
19 15 5 75 62 131 188 140 159
20 20 6 64 62 159 115 127 209
21 21 6 75 140 0 189 225 53
22 19 6 75 140 53 188 218 81
23 22 7 75 140 81 146 193 101
24 23 8 75 127 159 146 148 194
25 26 8 75 148 101 139 181 133
26 26 8 75 148 133 108 212 165
27 24 8 94 0 0 210 56 25
28 27 8 108 193 81 183 228 150
29 25 8 188 56 0 301 134 28
30 28 8 189 134 0 259 228 64
31 29 9 71 127 194 142 162 215
32 30 9 108 162 150 200 224 197
33 31 10 94 0 25 169 35 94
34 32 10 188 0 28 266 113 56
35 35 11 94 0 94 158 33 126
36 34 11 94 0 126 141 62 218
37 33 11 115 62 159 231 118 184
38 36 12 115 62 184 170 82 219
39 39 12 115 82 184 179 115 216
40 38 12 200 118 64 278 231 92
41 37 12 200 118 92 253 189 112
42 41 13 169 0 56 285 56 81
43 40 13 169 0 81 240 53 101
44 43 14 200 118 112 285 232 165
45 42 14 158 0 101 229 53 121
46 47 15 200 118 165 262 226 218
47 44 15 141 0 126 161 55 161
48 46 15 161 0 121 253 62 168
49 45 15 285 134 0 398 212 28
50 48 16 141 0 168 196 35 188
51 49 17 141 35 168 196 55 203
52 50 17 301 0 0 373 89 66
53 51 18 141 0 188 212 35 209
54 54 18 212 0 168 277 51 218
55 53 18 253 56 66 373 91 98
56 52 18 231 62 98 347 118 123
57 55 19 170 55 184 225 75 219
58 57 19 179 75 184 243 107 217
59 59 19 243 62 123 357 115 208
60 56 19 285 0 66 401 56 91
61 58 19 357 0 98 389 120 133
62 62 20 357 0 133 410 114 218
63 61 20 285 120 28 347 228 81
64 60 20 285 120 81 356 173 101
65 66 21 262 115 165 297 186 186
66 67 21 285 186 81 360 221 150
67 63 21 297 120 101 391 184 171
68 65 21 297 115 171 375 228 199
69 64 21 398 114 0 447 199 59
70 68 22 262 115 199 333 150 220
71 69 22 391 114 59 453 206 106
72 70 22 391 114 106 440 173 191
73 71 23 375 184 106 439 216 139
74 74 24 375 184 139 467 231 201
75 72 24 410 0 0 474 94 70
76 73 24 410 0 70 463 114 155
77 75 25 333 115 199 404 150 220
78 78 25 410 0 155 469 85 204
79 77 25 453 114 0 573 149 32
80 77 25 453 149 0 573 184 32
81 76 25 453 114 32 569 170 57
82 79 26 404 114 191 459 149 211
83 80 26 459 114 57 524 164 108
84 84 27 404 149 191 459 184 211
85 82 27 459 114 108 524 165 158
86 81 27 459 85 158 506 177 220
87 83 27 474 0 0 587 78 28
88 85 28 467 184 0 559 231 62
89 87 28 467 177 62 575 230 124
90 86 28 467 177 124 532 228 174
91 88 29 467 177 174 538 212 195
92 89 30 474 0 28 582 62 81
93 90 31 467 177 195 522 212 215
94 91 32 467 212 174 538 233 209
95 92 33 469 0 81 544 35 150
96 93 33 524 62 57 577 176 142
97 96 34 469 0 150 563 64 220
98 94 34 524 64 142 586 172 195
