Utilizacion 90.104129 VolCajasEmpacado 92.448680 Duracion[s] 60.005000 Iteraciones 3777
0 2 0 0 0 0 92 55 81
1 2 0 92 0 0 184 55 81
2 2 0 184 0 0 276 55 81
3 2 0 276 0 0 368 55 81
4 2 0 0 55 0 92 110 81
5 2 0 92 55 0 184 110 81
6 2 0 184 55 0 276 110 81
7 2 0 276 55 0 368 110 81
8 2 0 0 110 0 92 165 81
9 2 0 92 110 0 184 165 81
10 2 0 184 110 0 276 165 81
11 2 0 276 110 0 368 165 81
12 2 0 0 165 0 92 220 81
13 2 0 92 165 0 184 220 81
14 2 0 184 165 0 276 220 81
15 2 0 276 165 0 368 220 81
16 2 0 0 0 81 92 55 162
17 2 0 92 0 81 184 55 162
18 2 0 184 0 81 276 55 162
19 2 0 276 0 81 368 55 162
20 2 0 0 55 81 92 110 162
21 2 0 92 55 81 184 110 162
22 2 0 184 55 81 276 110 162
23 2 0 276 55 81 368 110 162
24 2 0 0 110 81 92 165 162
25 2 0 92 110 81 184 165 162
26 2 0 184 110 81 276 165 162
27 2 0 276 110 81 368 165 162
28 2 0 0 165 81 92 220 162
29 2 0 92 165 81 184 220 162
30 2 0 184 165 81 276 220 162
31 2 0 276 165 81 368 220 162
32 1 0 0 0 162 108 76 192
33 1 0 0 76 162 108 152 192
34 1 0 0 152 162 108 228 192
35 0 0 0 0 192 43 110 217
36 0 0 0 110 192 43 220 217
37 0 0 43 0 192 153 43 217
38 0 0 43 43 192 153 86 217
39 0 0 43 86 192 153 129 217
40 0 0 43 129 192 153 172 217
41 0 0 43 172 192 153 215 217
42 0 0 153 0 162 196 110 187
43 0 0 196 0 162 239 110 187
44 0 0 239 0 162 282 110 187
45 0 0 282 0 162 325 110 187
46 0 0 325 0 162 368 110 187
47 0 0 153 110 162 196 220 187
48 0 0 196 110 162 239 220 187
49 0 0 239 110 162 282 220 187
50 0 0 282 110 162 325 220 187
51 0 0 325 110 162 368 220 187
52 1 0 153 0 187 261 76 217
53 1 0 153 76 187 261 152 217
54 1 0 153 152 187 261 228 217
55 1 0 261 0 187 369 76 217
56 1 0 261 76 187 369 152 217
57 1 0 261 152 187 369 228 217
58 1 0 369 0 0 477 76 30
59 1 0 369 76 0 477 152 30
60 1 0 369 152 0 477 228 30
61 1 0 369 0 30 477 76 60
62 1 0 369 76 30 477 152 60
63 1 0 369 152 30 477 228 60
64 1 0 369 0 60 477 76 90
65 1 0 369 76 60 477 152 90
66 1 0 369 152 60 477 228 90
67 1 0 369 0 90 477 76 120
68 1 0 369 76 90 477 152 120
69 1 0 369 152 90 477 228 120
70 1 0 369 0 120 477 76 150
71 1 0 369 76 120 477 152 150
72 1 0 369 152 120 477 228 150
73 1 0 369 0 150 477 76 180
74 1 0 369 76 150 477 152 180
75 1 0 369 152 150 477 228 180
76 1 0 369 0 180 477 76 210
77 1 0 369 76 180 477 152 210
78 1 0 369 152 180 477 228 210
79 0 0 477 0 0 587 25 43
80 0 0 477 25 0 587 50 43
81 0 0 477 50 0 587 75 43
82 0 0 477 75 0 587 100 43
83 0 0 477 100 0 587 125 43
84 0 0 477 125 0 587 150 43
85 0 0 477 150 0 587 175 43
86 0 0 477 175 0 587 200 43
87 0 0 477 200 0 587 225 43
88 0 0 477 0 43 587 25 86
89 0 0 477 0 86 587 25 129
90 0 0 477 0 129 587 25 172
91 0 0 477 0 172 587 25 215
92 2 0 477 25 43 569 80 124
93 2 0 477 80 43 569 135 124
94 2 0 477 135 43 569 190 124
95 0 0 477 190 43 587 215 86
96 0 0 477 190 86 587 215 129
97 0 0 477 190 129 587 215 172
98 1 0 477 25 124 585 101 154
99 1 0 477 25 154 585 101 184
100 1 0 477 25 184 585 101 214
101 1 0 477 101 124 585 177 154
102 1 0 477 101 154 585 177 184
103 1 0 477 101 184 585 177 214
