Utilizacion 85.314683 VolCajasEmpacado 87.651288 Duracion[s] 60.018000 Iteraciones 1607
0 7 0 0 0 0 88 74 72
1 7 0 0 0 72 88 74 144
2 7 0 0 0 144 88 74 216
3 6 0 0 74 0 67 151 90
4 6 0 67 74 0 134 151 90
5 6 0 134 74 0 201 151 90
6 6 0 201 74 0 268 151 90
7 6 0 268 74 0 335 151 90
8 6 0 335 74 0 402 151 90
9 6 0 402 74 0 469 151 90
10 6 0 469 74 0 536 151 90
11 6 0 0 74 90 67 151 180
12 6 0 67 74 90 134 151 180
13 6 0 134 74 90 201 151 180
14 6 0 201 74 90 268 151 180
15 6 0 268 74 90 335 151 180
16 6 0 335 74 90 402 151 180
17 6 0 402 74 90 469 151 180
18 6 0 469 74 90 536 151 180
19 2 0 0 74 180 58 169 218
20 2 0 58 74 180 153 132 218
21 2 0 153 74 180 248 132 218
22 2 0 248 74 180 343 132 218
23 2 0 343 74 180 438 132 218
24 2 0 438 74 180 533 132 218
25 3 0 0 169 0 79 215 63
26 3 0 0 169 63 79 215 126
27 3 0 0 169 126 79 215 189
28 0 0 0 169 189 72 215 216
29 3 0 79 151 0 158 214 46
30 3 0 79 151 46 125 230 109
31 3 0 125 151 46 171 230 109
32 3 0 79 151 109 125 230 172
33 3 0 125 151 109 171 230 172
34 5 0 79 151 172 128 210 220
35 7 0 88 0 0 176 74 72
36 5 0 128 151 172 177 210 220
37 5 0 88 0 72 137 59 120
38 5 0 88 0 120 137 59 168
39 5 0 88 0 168 137 59 216
40 5 0 137 0 72 196 48 121
41 5 0 137 0 121 196 48 170
42 0 0 137 0 170 164 72 216
43 0 0 164 0 170 191 72 216
44 3 0 177 151 0 240 230 46
45 3 0 177 151 46 240 230 92
46 3 0 177 151 92 240 230 138
47 3 0 177 151 138 240 230 184
48 1 0 177 132 184 236 228 220
49 7 0 196 0 0 268 74 88
50 7 0 268 0 0 340 74 88
51 7 0 340 0 0 412 74 88
52 7 0 412 0 0 484 74 88
53 7 0 484 0 0 556 74 88
54 7 0 196 0 88 268 74 176
55 7 0 268 0 88 340 74 176
56 7 0 340 0 88 412 74 176
57 7 0 412 0 88 484 74 176
58 7 0 484 0 88 556 74 176
59 0 0 191 0 176 263 46 203
60 2 0 240 151 0 335 189 58
61 2 0 240 189 0 335 227 58
62 2 0 240 151 58 335 189 116
63 2 0 240 189 58 335 227 116
64 2 0 240 151 116 335 189 174
65 2 0 240 189 116 335 227 174
66 1 0 263 0 176 359 59 212
67 0 0 240 151 174 267 223 220
68 3 0 267 151 174 330 230 220
69 4 0 335 151 0 430 230 47
70 4 0 430 151 0 525 230 47
71 4 0 335 151 47 430 230 94
72 4 0 430 151 47 525 230 94
73 4 0 335 151 94 430 230 141
74 4 0 430 151 94 525 230 141
75 4 0 335 151 141 430 230 188
76 4 0 430 151 141 525 230 188
77 0 0 330 132 188 376 204 215
78 0 0 376 132 188 422 204 215
79 0 0 422 132 188 468 204 215
80 0 0 468 132 188 514 204 215
81 0 0 359 0 176 405 72 203
82 0 0 405 0 176 451 72 203
83 0 0 451 0 176 497 72 203
84 2 0 536 74 0 574 169 58
85 4 0 536 74 58 583 169 137
86 4 0 536 74 137 583 169 216
