Utilizacion 79.702625 VolCajasEmpacado 81.125658 Duracion[s] 60.042000 Iteraciones 1256
0 6 0 0 0 0 48 99 80
1 6 0 48 0 0 96 99 80
2 6 0 96 0 0 144 99 80
3 6 0 144 0 0 192 99 80
4 6 0 192 0 0 240 99 80
5 6 0 240 0 0 288 99 80
6 6 0 288 0 0 336 99 80
7 6 0 336 0 0 384 99 80
8 6 0 384 0 0 432 99 80
9 2 0 0 0 80 58 31 123
10 2 0 0 31 80 58 62 123
11 2 0 0 62 80 58 93 123
12 2 0 0 0 123 58 31 166
13 2 0 0 31 123 58 62 166
14 2 0 0 62 123 58 93 166
15 2 0 0 0 166 58 31 209
16 2 0 0 31 166 58 62 209
17 2 0 0 62 166 58 93 209
18 7 0 0 99 0 97 176 66
19 7 0 97 99 0 194 176 66
20 7 0 194 99 0 291 176 66
21 7 0 291 99 0 388 176 66
22 7 0 388 99 0 485 176 66
23 7 0 485 99 0 582 176 66
24 9 0 58 0 80 91 98 100
25 9 0 58 0 100 91 98 120
26 9 0 58 0 120 91 98 140
27 9 0 58 0 140 91 98 160
28 9 0 58 0 160 91 98 180
29 9 0 58 0 180 91 98 200
30 9 0 58 0 200 91 98 220
31 4 0 0 99 66 35 175 116
32 4 0 0 99 116 35 175 166
33 4 0 0 99 166 35 175 216
34 1 0 0 176 0 109 229 24
35 4 0 0 176 24 76 211 74
36 4 0 0 176 74 76 211 124
37 4 0 0 176 124 76 211 174
38 3 0 0 175 174 86 231 208
39 5 0 91 0 80 133 82 149
40 5 0 133 0 80 175 82 149
41 5 0 91 0 149 133 82 218
42 5 0 133 0 149 175 82 218
43 8 0 35 99 66 116 168 135
44 8 0 35 99 135 116 168 204
45 0 0 116 82 80 225 104 122
46 0 0 225 82 80 334 104 122
47 0 0 116 82 122 225 104 164
48 0 0 225 82 122 334 104 164
49 0 0 116 82 164 225 104 206
50 0 0 225 82 164 334 104 206
51 4 0 109 176 0 185 226 35
52 1 0 86 176 35 195 229 59
53 1 0 86 176 59 195 229 83
54 1 0 86 176 83 195 229 107
55 1 0 86 176 107 195 229 131
56 1 0 86 176 131 195 229 155
57 1 0 86 176 155 195 229 179
58 1 0 86 176 179 195 229 203
59 5 0 175 0 80 244 82 122
60 3 0 116 104 66 202 138 122
61 3 0 116 138 66 202 172 122
62 8 0 116 104 122 197 173 191
63 0 0 116 104 191 225 146 213
64 8 0 175 0 122 244 69 203
65 8 0 244 0 80 325 69 149
66 8 0 325 0 80 406 69 149
67 8 0 244 0 149 325 69 218
68 8 0 325 0 149 406 69 218
69 3 0 195 176 0 281 210 56
70 8 0 225 104 66 294 173 147
71 8 0 225 104 147 294 185 216
72 8 0 294 104 66 375 173 135
73 8 0 294 104 135 375 173 204
74 15 1 195 185 56 281 219 112
75 12 1 195 185 112 294 233 192
76 18 1 195 185 192 304 227 214
77 15 1 304 176 0 390 232 34
78 15 1 304 176 34 390 232 68
79 15 1 304 176 68 390 232 102
80 15 1 304 176 102 390 232 136
81 15 1 304 176 136 390 232 170
82 15 1 304 176 170 390 232 204
83 19 1 334 69 80 432 102 100
84 19 1 334 69 100 432 102 120
85 19 1 334 69 120 432 102 140
86 19 1 334 69 140 432 102 160
87 19 1 334 69 160 432 102 180
88 19 1 334 69 180 432 102 200
89 19 1 334 69 200 432 102 220
90 10 1 375 102 66 444 171 147
91 13 1 375 102 147 457 171 189
92 16 1 375 102 189 433 145 220
93 18 1 390 176 0 499 218 22
94 18 1 390 176 22 499 218 44
95 18 1 390 176 44 499 218 66
96 18 1 390 176 66 499 218 88
97 18 1 390 176 88 499 218 110
98 18 1 390 176 110 499 218 132
99 18 1 390 176 132 499 218 154
100 18 1 390 176 154 499 218 176
101 18 1 390 176 176 499 218 198
102 18 1 390 176 198 499 218 220
103 16 1 406 0 80 449 31 138
104 16 1 406 31 80 449 62 138
105 16 1 406 0 138 449 31 196
106 16 1 406 31 138 449 62 196
107 15 1 432 62 0 518 96 56
108 15 1 432 62 56 518 96 112
109 15 1 432 62 112 518 96 168
110 19 1 432 0 196 465 98 216
111 14 1 457 98 66 507 174 101
112 14 1 457 98 101 507 174 136
113 14 1 457 98 136 507 174 171
114 14 1 457 98 171 507 174 206
115 14 1 465 0 0 541 50 35
116 11 1 507 96 66 573 193 143
117 11 1 507 96 143 573 193 220
118 17 1 465 0 35 574 53 59
119 17 1 465 0 59 574 53 83
120 17 1 465 0 83 574 53 107
121 17 1 465 0 107 574 53 131
122 12 1 465 0 131 564 48 211
