Utilizacion 87.480427 VolCajasEmpacado 88.042831 Duracion[s] 60.008000 Iteraciones 4655
0 1 0 0 0 0 84 95 31
1 1 0 0 95 0 84 190 31
2 1 0 0 0 31 84 95 62
3 1 0 0 95 31 84 190 62
4 1 0 0 0 62 84 95 93
5 1 0 0 95 62 84 190 93
6 1 0 0 0 93 84 95 124
7 1 0 0 95 93 84 190 124
8 1 0 0 0 124 84 95 155
9 1 0 0 95 124 84 190 155
10 1 0 0 0 155 84 95 186
11 1 0 0 95 155 84 190 186
12 1 0 0 0 186 84 95 217
13 1 0 0 95 186 84 190 217
14 2 0 0 190 0 84 232 68
15 2 0 0 190 68 84 232 136
16 2 0 0 190 136 84 232 204
17 2 0 84 0 0 168 68 42
18 2 0 84 0 42 168 68 84
19 2 0 84 0 84 168 68 126
20 2 0 84 0 126 168 68 168
21 2 0 84 0 168 168 68 210
22 2 0 84 68 0 168 136 42
23 2 0 168 68 0 252 136 42
24 2 0 252 68 0 336 136 42
25 2 0 336 68 0 420 136 42
26 2 0 84 68 42 168 136 84
27 2 0 168 68 42 252 136 84
28 2 0 252 68 42 336 136 84
29 2 0 336 68 42 420 136 84
30 2 0 84 68 84 168 136 126
31 2 0 168 68 84 252 136 126
32 2 0 252 68 84 336 136 126
33 2 0 336 68 84 420 136 126
34 2 0 84 68 126 168 136 168
35 2 0 168 68 126 252 136 168
36 2 0 252 68 126 336 136 168
37 2 0 336 68 126 420 136 168
38 2 0 84 68 168 168 136 210
39 2 0 168 68 168 252 136 210
40 2 0 252 68 168 336 136 210
41 2 0 336 68 168 420 136 210
42 2 0 84 136 0 168 178 68
43 2 0 84 136 68 168 178 136
44 2 0 84 136 136 168 178 204
45 0 0 84 178 0 184 211 31
46 0 0 84 178 31 184 211 62
47 0 0 84 178 62 184 211 93
48 0 0 84 178 93 184 211 124
49 0 0 84 178 124 184 211 155
50 0 0 84 178 155 184 211 186
51 0 0 84 178 186 184 211 217
52 0 0 168 0 0 268 31 33
53 0 0 168 31 0 268 62 33
54 0 0 168 0 33 268 33 64
55 0 0 168 33 33 268 66 64
56 0 0 168 0 64 268 33 95
57 0 0 168 33 64 268 66 95
58 0 0 168 0 95 268 33 126
59 0 0 168 33 95 268 66 126
60 0 0 168 0 126 268 33 157
61 0 0 168 33 126 268 66 157
62 0 0 168 0 157 268 33 188
63 0 0 168 33 157 268 66 188
64 1 0 184 136 0 268 231 31
65 1 0 184 136 31 279 220 62
66 1 0 184 136 62 279 220 93
67 1 0 184 136 93 268 231 124
68 1 0 184 136 124 268 231 155
69 1 0 184 136 155 268 231 186
70 1 0 184 136 186 268 231 217
71 1 0 279 136 0 363 231 31
72 3 1 168 0 188 268 33 219
73 3 1 168 33 188 268 66 219
74 5 1 268 0 0 352 68 42
75 5 1 352 0 0 436 68 42
76 5 1 436 0 0 520 68 42
77 5 1 268 0 42 352 68 84
78 5 1 352 0 42 436 68 84
79 5 1 436 0 42 520 68 84
80 5 1 268 0 84 352 68 126
81 5 1 352 0 84 436 68 126
82 5 1 436 0 84 520 68 126
83 5 1 268 0 126 352 68 168
84 5 1 352 0 126 436 68 168
85 5 1 436 0 126 520 68 168
86 5 1 268 0 168 352 68 210
87 5 1 352 0 168 436 68 210
88 5 1 436 0 168 520 68 210
89 4 1 279 136 31 374 220 62
90 4 1 279 136 62 374 220 93
91 4 1 279 136 93 374 220 124
92 4 1 279 136 124 374 220 155
93 4 1 279 136 155 374 220 186
94 4 1 279 136 186 374 220 217
95 4 1 374 136 0 458 231 31
96 4 1 458 136 0 542 231 31
97 5 1 374 136 31 442 220 73
98 5 1 374 136 73 416 220 141
99 5 1 416 136 73 458 220 141
100 5 1 374 136 141 416 220 209
101 5 1 416 136 141 458 220 209
102 3 1 420 68 0 520 99 33
103 3 1 420 99 0 520 130 33
104 5 1 420 68 33 504 136 75
105 5 1 420 68 75 504 136 117
106 5 1 420 68 117 504 136 159
107 5 1 420 68 159 504 136 201
108 3 1 458 136 31 558 167 64
109 3 1 458 167 31 558 198 64
110 3 1 458 198 31 558 229 64
111 5 1 458 136 64 500 220 132
112 5 1 458 136 132 500 220 200
113 4 1 500 136 64 584 231 95
114 4 1 500 136 95 584 231 126
115 4 1 500 136 126 584 231 157
116 4 1 500 136 157 584 231 188
117 4 1 500 136 188 584 231 219
118 3 1 520 0 0 553 100 31
119 3 1 520 0 31 553 100 62
120 3 1 520 0 62 553 100 93
121 3 1 520 0 93 553 100 124
122 3 1 520 0 124 553 100 155
123 3 1 520 0 155 553 100 186
124 3 1 520 0 186 553 100 217
125 3 1 553 0 0 584 100 33
126 3 1 553 0 33 584 100 66
127 3 1 553 0 66 584 100 99
128 3 1 553 0 99 584 100 132
129 3 1 553 0 132 584 100 165
130 3 1 553 0 165 584 100 198
