Utilizacion 76.437363 VolCajasEmpacado 78.606872 Duracion[s] 60.021000 Iteraciones 1951
0 0 0 0 0 0 52 42 31
1 0 0 0 42 0 52 84 31
2 2 0 0 0 31 98 72 92
3 2 0 0 0 92 98 72 153
4 2 0 0 0 153 98 72 214
5 6 0 0 84 0 40 160 42
6 6 0 40 84 0 80 160 42
7 6 0 80 84 0 120 160 42
8 4 0 0 72 42 109 164 93
9 4 0 0 72 93 109 164 144
10 4 0 0 72 144 109 164 195
11 8 0 0 164 0 75 231 50
12 8 0 0 164 50 75 231 100
13 8 0 0 164 100 75 231 150
14 5 0 0 164 150 49 229 198
15 1 0 0 72 195 48 103 220
16 7 0 49 164 150 93 224 186
17 3 0 93 164 0 211 221 98
18 4 0 93 164 98 202 215 190
19 4 0 98 0 0 207 51 92
20 3 0 98 0 92 216 57 190
21 18 1 0 103 195 31 151 220
22 18 1 31 103 195 79 134 220
23 10 1 120 57 0 218 118 72
24 10 1 120 57 72 218 118 144
25 10 1 120 57 144 218 118 216
26 17 1 120 118 0 172 160 31
27 15 1 120 118 31 156 162 91
28 16 1 109 118 91 202 160 122
29 13 1 211 118 0 286 185 50
30 11 1 211 118 50 275 177 133
31 11 1 211 118 133 275 177 216
32 14 1 211 185 0 260 233 65
33 9 1 211 177 65 307 232 155
34 12 1 216 0 0 334 57 98
35 12 1 216 0 98 334 57 196
36 27 2 202 177 155 295 219 186
37 27 2 202 177 186 295 219 217
38 29 2 218 57 0 267 105 65
39 19 2 218 57 65 316 118 137
40 19 2 218 57 137 316 118 209
41 22 2 286 118 0 376 173 96
42 21 2 275 118 96 393 175 194
43 28 2 275 118 194 306 166 219
44 21 2 307 175 0 425 232 98
45 21 2 307 175 98 425 232 196
46 26 2 316 57 0 352 117 44
47 26 2 316 57 44 352 117 88
48 26 2 316 57 88 352 117 132
49 26 2 316 57 132 352 117 176
50 21 2 334 0 0 452 57 98
51 21 2 334 0 98 452 57 196
52 29 2 352 57 0 417 106 48
53 24 2 352 57 48 419 107 123
54 20 2 352 57 123 416 116 206
55 20 2 393 116 0 476 175 64
56 25 2 393 116 64 469 158 104
57 23 2 393 116 104 502 167 196
58 24 2 419 57 0 486 107 75
59 23 2 419 57 75 528 108 167
60 38 3 416 57 167 458 88 219
61 30 3 425 175 0 543 232 98
62 30 3 425 175 98 543 232 196
63 34 3 452 0 0 527 50 67
64 36 3 452 0 67 492 42 143
65 36 3 452 0 143 492 42 219
66 34 3 458 42 167 533 109 217
67 38 3 492 0 67 523 42 119
68 32 3 502 109 0 561 173 83
69 35 3 502 109 83 550 174 132
70 34 3 502 109 132 577 159 199
71 33 3 533 0 0 584 109 92
72 37 3 533 0 92 575 93 123
73 37 3 533 0 123 575 93 154
74 37 3 533 0 154 575 93 185
75 37 3 533 0 185 575 93 216
