Utilizacion 79.112372 VolCajasEmpacado 79.391070 Duracion[s] 60.044000 Iteraciones 950
0 9 0 0 0 0 36 57 63
1 9 0 0 57 0 36 114 63
2 9 0 0 114 0 36 171 63
3 9 0 0 171 0 36 228 63
4 5 0 0 0 63 45 81 135
5 5 0 0 81 63 45 162 135
6 5 0 0 0 135 45 81 207
7 5 0 0 81 135 45 162 207
8 0 0 0 162 63 33 191 95
9 0 0 0 191 63 33 220 95
10 1 0 0 162 95 21 214 129
11 1 0 0 162 129 21 214 163
12 1 0 0 162 163 21 214 197
13 1 0 0 162 197 34 214 218
14 0 0 36 162 0 69 194 29
15 4 0 36 162 29 102 215 107
16 2 0 34 162 107 130 230 202
17 7 0 45 0 0 102 88 38
18 7 0 102 0 0 159 88 38
19 7 0 159 0 0 216 88 38
20 13 0 45 0 38 141 31 98
21 13 0 45 31 38 141 62 98
22 13 0 45 62 38 141 93 98
23 11 0 45 0 98 137 85 132
24 11 0 45 0 132 137 85 166
25 1 0 45 93 0 97 127 21
26 1 0 45 127 0 97 161 21
27 4 0 45 0 166 123 66 219
28 14 0 45 66 166 76 97 217
29 13 0 45 97 21 141 157 52
30 8 0 45 97 52 83 135 118
31 8 0 45 97 118 83 135 184
32 10 0 45 97 184 114 158 219
33 14 0 76 66 166 107 97 217
34 14 0 107 66 166 138 97 217
35 1 0 114 97 52 135 149 86
36 14 0 114 97 86 145 128 137
37 8 0 114 97 137 152 135 203
38 13 0 141 0 38 201 96 69
39 6 0 130 157 0 230 232 44
40 6 0 130 157 44 230 232 88
41 6 0 130 157 88 230 232 132
42 6 0 130 157 132 230 232 176
43 6 0 130 157 176 230 232 220
44 2 0 141 0 69 209 95 165
45 4 0 137 0 165 215 66 218
46 3 0 152 96 0 259 151 70
47 3 0 152 96 70 259 151 140
48 3 0 152 96 140 259 151 210
49 2 0 216 0 0 284 96 95
50 2 0 216 0 95 284 96 190
51 5 0 230 151 0 302 196 81
52 12 0 230 151 81 342 220 112
53 12 0 230 151 112 342 220 143
54 12 0 230 151 143 342 220 174
55 12 0 230 151 174 342 220 205
56 28 1 215 0 190 248 32 219
57 28 1 248 0 190 281 32 219
58 29 1 215 32 190 249 84 211
59 29 1 249 32 190 283 84 211
60 17 1 259 96 0 325 149 78
61 17 1 325 96 0 391 149 78
62 17 1 391 96 0 457 149 78
63 17 1 457 96 0 523 149 78
64 17 1 259 96 78 325 149 156
65 17 1 325 96 78 391 149 156
66 17 1 391 96 78 457 149 156
67 17 1 457 96 78 523 149 156
68 27 1 259 96 156 290 147 187
69 27 1 290 96 156 321 147 187
70 27 1 321 96 156 352 147 187
71 28 1 259 96 187 291 125 220
72 17 1 284 0 0 350 53 78
73 15 1 284 0 78 352 95 174
74 18 1 284 0 174 356 81 219
75 28 1 291 81 187 320 114 219
76 29 1 291 114 187 343 148 208
77 19 1 342 149 0 442 224 44
78 19 1 442 149 0 542 224 44
79 19 1 342 149 44 442 224 88
80 19 1 442 149 44 542 224 88
81 19 1 342 149 88 442 224 132
82 19 1 442 149 88 542 224 132
83 19 1 342 149 132 442 224 176
84 19 1 442 149 132 542 224 176
85 19 1 342 149 176 442 224 220
86 19 1 442 149 176 542 224 220
87 29 1 352 81 156 386 133 177
88 29 1 352 81 177 386 133 198
89 21 1 356 0 0 422 38 38
90 21 1 356 0 38 422 38 76
91 21 1 356 0 76 422 38 114
92 21 1 356 0 114 422 38 152
93 21 1 356 0 152 422 38 190
94 22 1 356 38 0 419 74 57
95 22 1 356 38 57 419 74 114
96 22 1 356 38 114 419 74 171
97 21 1 356 38 171 422 76 209
98 25 1 386 76 156 498 145 187
99 25 1 386 76 187 498 145 218
100 20 1 422 0 0 510 57 38
101 18 1 422 0 38 467 72 119
102 18 1 467 0 38 512 72 119
103 18 1 422 0 119 467 72 200
104 18 1 467 0 119 512 72 200
105 22 1 498 72 156 534 129 219
106 16 1 512 0 0 567 70 107
107 16 1 512 0 107 567 70 214
108 18 1 534 70 0 579 142 81
109 23 1 534 70 81 569 131 150
110 23 1 534 70 150 569 131 219
111 20 1 542 142 0 580 230 57
112 20 1 542 142 57 580 230 114
113 20 1 542 142 114 580 230 171
