Utilizacion 72.895769 VolCajasEmpacado 73.394212 Duracion[s] 60.028000 Iteraciones 2050
0 2 0 0 0 0 57 97 70
1 2 0 0 0 70 57 97 140
2 2 0 0 0 140 57 97 210
3 7 0 0 97 0 57 168 38
4 7 0 0 97 38 57 168 76
5 1 0 0 97 76 26 212 101
6 1 0 0 97 101 26 212 126
7 1 0 0 97 126 26 212 151
8 5 0 0 97 151 47 199 218
9 0 0 26 199 0 113 232 28
10 9 0 26 199 28 98 230 57
11 9 0 26 199 57 98 230 86
12 6 0 57 0 0 115 84 38
13 3 0 57 0 38 114 56 122
14 4 0 57 0 122 114 54 177
15 8 0 57 0 177 134 56 214
16 21 1 26 199 86 113 232 114
17 21 1 26 199 114 113 232 142
18 20 1 26 199 142 98 228 173
19 20 1 26 199 173 98 228 204
20 19 1 57 56 38 134 93 94
21 19 1 57 56 94 134 93 150
22 19 1 57 56 150 134 93 206
23 22 1 47 168 0 162 193 26
24 18 1 57 93 0 128 150 38
25 18 1 57 93 38 128 150 76
26 10 1 57 93 76 116 195 105
27 10 1 57 93 105 116 195 134
28 10 1 57 93 134 116 195 163
29 13 1 47 97 163 102 151 220
30 15 1 47 151 163 110 198 216
31 17 1 113 195 0 197 233 58
32 16 1 116 150 26 166 191 97
33 16 1 116 191 58 166 232 129
34 12 1 128 93 0 185 149 84
35 14 1 116 93 84 218 140 151
36 11 1 134 0 0 207 76 109
37 25 2 113 195 129 184 233 186
38 27 2 98 198 186 185 231 214
39 26 2 116 93 151 193 130 207
40 26 2 116 140 97 193 177 153
41 24 2 116 130 153 171 184 210
42 23 2 134 0 109 222 76 142
43 35 3 134 0 142 210 88 175
44 29 3 134 0 175 205 50 216
45 30 3 193 88 151 240 151 204
46 28 3 193 151 0 270 188 56
47 33 3 197 151 56 294 208 126
48 33 3 197 151 126 294 208 196
49 31 3 222 0 0 324 67 47
50 31 3 222 0 47 324 67 94
51 34 3 222 0 94 331 76 167
52 32 3 240 76 0 295 133 54
53 32 3 240 76 54 295 133 108
54 43 4 134 50 175 221 78 208
55 39 4 210 0 167 281 50 208
56 40 4 281 0 167 338 71 205
57 41 4 240 76 108 317 132 145
58 36 4 240 76 145 342 135 174
59 41 4 240 71 174 317 127 211
60 42 4 294 135 0 370 223 33
61 42 4 294 135 33 370 223 66
62 38 4 294 135 66 348 190 123
63 37 4 338 0 0 411 76 109
64 46 5 294 135 123 364 192 220
65 51 5 294 192 66 409 218 91
66 51 5 294 192 91 409 218 116
67 48 5 294 192 116 381 220 149
68 50 5 294 192 149 366 223 178
69 50 5 294 192 178 366 223 207
70 49 5 338 0 109 426 76 142
71 49 5 338 0 142 426 76 175
72 45 5 338 0 175 409 57 213
73 52 5 342 76 0 419 132 37
74 45 5 342 76 37 380 133 108
75 45 5 342 76 108 380 133 179
76 46 5 370 133 0 467 190 70
77 44 5 364 133 70 411 186 133
78 44 5 364 133 133 427 186 180
79 47 5 426 0 0 502 73 109
80 47 5 426 0 109 502 73 218
81 59 6 317 73 179 419 132 208
82 57 6 364 132 180 448 190 218
83 53 6 381 190 116 431 231 187
84 60 6 366 190 187 438 221 216
85 57 6 419 76 0 503 114 58
86 58 6 419 76 58 496 132 95
87 58 6 419 76 95 496 132 132
88 61 6 419 76 132 506 104 165
89 61 6 419 104 132 506 132 165
90 56 6 419 76 165 482 129 212
91 55 6 467 132 0 524 229 70
92 54 6 502 0 0 575 76 109
93 68 7 438 190 70 509 228 127
94 73 7 438 190 127 522 228 185
95 71 7 438 190 185 510 221 214
96 73 7 448 132 70 532 190 108
97 73 7 448 132 108 532 190 146
98 73 7 448 132 146 532 190 184
99 72 7 448 129 184 535 157 217
100 63 7 502 0 109 578 73 218
101 66 7 506 76 0 553 129 63
102 67 7 506 76 63 556 117 134
103 65 7 506 73 134 560 128 191
104 62 7 535 129 0 582 231 67
105 62 7 535 129 67 582 231 134
106 62 7 535 129 134 582 231 201
