Utilizacion 72.360774 VolCajasEmpacado 73.563406 Duracion[s] 60.004000 Iteraciones 4574
0 2 0 0 0 0 76 63 54
1 2 0 0 0 54 76 63 108
2 0 0 0 0 108 71 46 191
3 1 0 0 63 0 56 154 40
4 4 1 0 154 0 63 230 54
5 3 1 0 63 40 46 134 123
6 6 2 0 46 123 71 92 206
7 5 2 0 92 123 91 148 163
8 5 2 0 92 163 91 148 203
9 6 2 0 148 54 46 231 125
10 8 3 0 148 125 46 219 208
11 8 3 63 148 0 134 231 46
12 7 3 63 148 46 154 204 86
13 9 4 46 148 86 122 211 140
14 10 5 46 148 140 129 194 211
15 10 5 76 0 0 147 83 46
16 10 5 76 0 46 147 83 92
17 11 5 76 0 92 139 76 146
18 12 6 71 0 146 134 76 200
19 13 7 91 83 0 167 146 54
20 15 8 91 83 54 162 129 137
21 15 8 91 83 137 162 129 220
22 14 8 129 129 86 169 220 142
23 16 8 129 129 142 192 205 196
24 18 9 147 0 0 201 76 63
25 18 9 201 0 0 255 76 63
26 17 9 147 0 63 238 40 119
27 17 9 147 40 63 238 80 119
28 20 10 139 0 119 210 83 165
29 21 10 134 0 165 197 76 219
30 19 10 167 83 0 258 123 56
31 19 10 167 83 56 258 123 112
32 21 10 192 83 112 246 146 188
33 22 11 192 146 0 268 209 54
34 24 12 192 146 54 275 217 100
35 23 12 192 146 100 268 200 163
36 25 13 192 146 163 283 186 219
37 27 14 210 0 119 264 63 195
38 26 14 258 63 0 349 103 56
39 30 15 258 63 56 312 139 119
40 29 15 246 63 119 317 109 202
41 28 15 264 0 0 355 40 56
42 32 16 264 0 56 335 46 139
43 31 16 264 0 139 355 56 179
44 33 17 317 56 56 363 139 127
45 33 17 317 56 127 363 139 198
46 34 18 275 186 0 358 232 71
47 34 18 358 186 0 441 232 71
48 35 18 355 0 0 431 54 63
49 35 18 431 0 0 507 54 63
50 35 18 507 0 0 583 54 63
51 36 19 264 0 179 355 56 219
52 37 19 275 186 71 358 232 142
53 38 20 268 186 142 359 226 198
54 39 20 355 0 63 418 54 139
55 40 21 283 139 0 374 179 56
56 41 21 355 0 139 418 54 215
57 41 21 363 54 0 426 108 76
58 41 21 363 54 76 426 108 152
59 42 22 283 139 56 366 185 127
60 42 22 283 139 127 354 185 210
61 45 23 363 54 152 439 108 215
62 44 23 359 185 71 450 225 127
63 45 23 374 108 0 428 171 76
64 45 23 374 108 76 428 171 152
65 44 23 354 139 152 445 179 208
66 43 23 359 179 127 430 225 210
67 47 24 418 0 63 494 54 126
68 46 24 418 0 126 489 46 209
69 48 25 494 0 63 585 40 119
70 49 25 494 0 119 570 63 173
71 51 26 439 63 0 493 126 76
72 50 26 489 0 173 580 56 213
73 53 27 439 63 76 522 134 122
74 53 27 439 63 122 522 134 168
75 54 27 439 63 168 530 119 208
76 54 27 445 134 0 536 174 56
77 54 27 445 134 56 536 174 112
78 52 27 450 174 0 526 228 63
79 55 28 445 134 112 536 174 168
80 57 28 450 174 63 513 228 139
81 56 28 430 179 139 513 225 210
82 56 28 530 63 0 576 134 83
83 58 29 445 119 168 536 175 208
84 59 29 536 134 0 582 217 71
85 59 29 536 134 71 582 217 142
86 62 30 513 175 142 576 229 218
87 61 30 536 63 83 582 134 166
