Utilizacion 80.674714 VolCajasEmpacado 82.362896 Duracion[s] 60.078000 Iteraciones 282
0 8 0 0 0 0 66 56 41
1 8 0 0 0 41 66 56 82
2 8 0 0 0 82 66 56 123
3 8 0 0 0 123 66 56 164
4 8 0 0 0 164 66 56 205
5 9 0 0 56 0 93 99 71
6 9 0 0 99 0 93 142 71
7 9 0 0 142 0 93 185 71
8 9 0 0 185 0 93 228 71
9 9 0 0 56 71 93 99 142
10 9 0 0 99 71 93 142 142
11 9 0 0 142 71 93 185 142
12 9 0 0 185 71 93 228 142
13 7 0 0 56 142 40 153 218
14 7 0 40 56 142 80 153 218
15 6 0 0 153 142 43 193 181
16 6 0 0 193 142 43 233 181
17 1 0 0 153 181 73 224 208
18 8 0 66 0 0 122 41 66
19 8 0 66 0 66 122 41 132
20 5 0 66 0 132 164 38 189
21 0 0 66 0 189 140 27 219
22 0 0 140 0 189 167 74 219
23 3 0 73 153 142 111 216 174
24 6 0 73 153 174 116 192 214
25 6 0 73 192 174 116 231 214
26 6 0 93 41 0 133 80 43
27 6 0 93 41 43 133 80 86
28 6 0 93 41 86 133 80 129
29 6 0 93 41 129 133 80 172
30 6 0 93 41 172 133 80 215
31 13 0 93 80 0 193 149 83
32 13 0 193 80 0 293 149 83
33 13 0 293 80 0 393 149 83
34 13 0 393 80 0 493 149 83
35 13 0 93 80 83 193 149 166
36 13 0 193 80 83 293 149 166
37 13 0 293 80 83 393 149 166
38 13 0 393 80 83 493 149 166
39 0 0 80 80 166 154 110 193
40 0 0 80 110 166 154 140 193
41 0 0 80 80 193 154 110 220
42 0 0 80 110 193 154 140 220
43 1 0 154 74 166 225 147 193
44 1 0 154 74 193 225 147 220
45 14 0 116 149 0 191 231 72
46 11 0 116 149 72 180 210 154
47 0 0 116 149 154 146 223 181
48 0 0 116 149 181 146 223 208
49 3 0 146 149 154 209 187 186
50 3 0 146 187 154 209 225 186
51 3 0 146 149 186 209 187 218
52 3 0 146 187 186 209 225 218
53 12 0 167 0 0 235 72 88
54 12 0 235 0 0 303 72 88
55 12 0 303 0 0 371 72 88
56 12 0 167 0 88 235 72 176
57 12 0 235 0 88 303 72 176
58 12 0 303 0 88 371 72 176
59 6 0 167 0 176 206 43 216
60 2 0 167 43 176 262 71 211
61 0 0 206 0 176 280 27 206
62 0 0 280 0 176 354 27 206
63 5 0 262 27 176 360 84 214
64 11 0 209 149 0 273 231 61
65 11 0 273 149 0 337 231 61
66 11 0 337 149 0 401 231 61
67 11 0 401 149 0 465 231 61
68 7 0 209 149 61 306 225 101
69 7 0 209 149 101 306 225 141
70 7 0 209 149 141 306 225 181
71 4 0 209 147 181 297 232 216
72 0 0 225 72 166 252 146 196
73 0 0 252 84 166 326 114 193
74 0 0 326 84 166 400 114 193
75 0 0 252 84 193 326 114 220
76 0 0 326 84 193 400 114 220
77 2 0 252 114 166 347 142 201
78 7 0 306 149 61 403 189 137
79 7 0 403 149 61 500 189 137
80 7 0 306 189 61 403 229 137
81 7 0 403 189 61 500 229 137
82 10 0 347 114 166 414 177 213
83 7 0 306 177 137 403 217 213
84 7 0 403 177 137 500 217 213
85 2 0 414 149 137 509 177 172
86 14 0 371 0 0 453 75 72
87 14 0 371 0 72 453 75 144
88 14 0 371 0 144 453 75 216
89 2 0 400 75 166 495 110 194
90 2 0 414 110 166 509 145 194
91 14 0 453 0 0 528 72 82
92 14 0 453 0 82 528 72 164
93 1 0 453 0 164 524 73 191
94 1 0 453 0 191 524 73 218
95 10 0 500 177 0 563 224 67
96 10 0 500 177 67 563 224 134
97 10 0 500 177 134 563 224 201
98 12 0 509 73 0 581 161 68
99 5 0 509 73 68 566 171 106
100 5 0 509 73 106 566 171 144
101 5 0 509 73 144 566 171 182
102 5 0 509 73 182 566 171 220
103 10 0 528 0 0 575 67 63
104 10 0 528 0 63 575 67 126
