Utilizacion 71.829468 VolCajasEmpacado 72.459763 Duracion[s] 60.000000 Iteraciones 2721
0 0 0 0 0 0 76 36 57
1 0 0 0 36 0 76 72 57
2 0 0 0 72 0 76 108 57
3 0 0 0 108 0 76 144 57
4 0 0 0 144 0 76 180 57
5 0 0 0 180 0 76 216 57
6 2 0 0 0 57 79 118 108
7 2 0 0 0 108 79 118 159
8 2 0 0 0 159 79 118 210
9 3 0 0 118 57 58 182 109
10 3 0 0 118 109 58 182 161
11 3 0 0 118 161 58 182 213
12 4 0 0 182 57 42 224 89
13 1 0 0 182 89 64 225 144
14 0 0 0 182 144 76 218 201
15 3 0 76 118 0 134 170 64
16 6 1 58 118 64 101 182 119
17 6 1 58 118 119 101 182 174
18 9 1 58 118 174 144 150 205
19 9 1 58 150 174 144 182 205
20 5 1 76 182 0 194 233 79
21 8 1 76 182 79 108 224 121
22 5 1 108 182 79 226 233 158
23 7 1 76 182 158 152 218 215
24 15 2 79 0 0 143 52 58
25 15 2 143 0 0 207 52 58
26 15 2 207 0 0 271 52 58
27 13 2 79 0 58 155 36 115
28 11 2 79 0 115 111 42 157
29 11 2 79 0 157 111 42 199
30 14 2 79 52 0 197 103 79
31 12 2 111 0 115 195 70 150
32 12 2 111 0 150 195 70 185
33 12 2 111 0 185 195 70 220
34 10 2 79 70 79 165 102 110
35 20 3 79 70 110 143 113 165
36 20 3 79 70 165 143 113 220
37 16 3 144 103 0 230 134 32
38 16 3 230 103 0 316 134 32
39 16 3 316 103 0 402 134 32
40 18 3 144 103 32 208 161 84
41 18 3 208 103 32 272 161 84
42 18 3 272 103 32 336 161 84
43 18 3 336 103 32 400 161 84
44 21 3 144 102 84 228 172 119
45 21 3 144 102 119 228 172 154
46 21 3 144 102 154 228 172 189
47 17 3 152 172 158 247 232 213
48 19 3 195 0 58 313 51 137
49 19 3 195 0 137 313 51 216
50 19 3 228 52 0 346 103 79
51 21 3 247 161 0 331 231 35
52 21 3 247 161 35 331 231 70
53 21 3 247 161 70 331 231 105
54 21 3 247 161 105 331 231 140
55 17 3 331 161 0 426 221 55
56 17 3 331 161 55 426 221 110
57 23 4 143 70 110 185 102 152
58 22 4 144 70 189 176 156 220
59 27 4 228 51 79 346 102 158
60 25 4 195 51 158 271 87 215
61 23 4 228 102 84 270 134 126
62 26 4 228 102 126 271 157 190
63 28 4 247 157 140 342 212 200
64 28 4 271 102 84 331 157 179
65 28 4 331 102 84 391 157 179
66 23 4 271 51 158 303 93 200
67 24 4 342 157 110 426 227 145
68 24 4 342 157 145 426 227 180
69 24 4 342 157 180 426 227 215
70 35 5 271 93 179 357 124 211
71 35 5 271 124 179 357 155 211
72 34 5 303 51 158 345 93 190
73 32 5 313 0 0 431 51 79
74 32 5 313 0 79 431 51 158
75 36 5 313 0 158 377 43 213
76 36 5 345 43 158 409 86 213
77 33 5 377 0 158 453 36 215
78 29 5 402 86 0 497 146 55
79 29 5 400 86 55 460 141 150
80 31 5 391 86 150 475 156 185
81 31 5 357 86 185 441 156 220
82 30 5 426 156 0 478 214 64
83 31 5 426 156 64 510 226 99
84 37 6 409 51 0 451 83 42
85 37 6 409 51 42 451 83 84
86 37 6 409 51 84 451 83 126
87 41 6 426 156 99 478 220 157
88 42 6 426 156 157 521 211 217
89 39 6 451 36 0 506 79 64
90 39 6 506 36 0 561 79 64
91 38 6 451 36 64 527 72 121
92 38 6 451 36 121 527 72 178
93 38 6 453 0 178 510 76 214
94 38 6 475 79 55 511 155 112
95 42 6 475 76 112 530 136 207
96 42 6 521 136 0 581 231 55
97 42 6 521 136 55 581 231 110
98 42 6 521 136 110 581 231 165
99 42 6 521 136 165 581 231 220
100 40 6 530 0 64 581 118 143
