Utilizacion 71.903314 VolCajasEmpacado 72.250307 Duracion[s] 60.001000 Iteraciones 5681
0 0 0 0 0 0 51 118 79
1 1 1 0 118 0 86 150 31
2 1 1 0 150 0 86 182 31
3 2 1 0 0 79 51 118 158
4 3 2 0 0 158 86 32 189
5 3 2 0 32 158 86 64 189
6 3 2 0 64 158 86 96 189
7 4 3 0 182 0 118 233 79
8 5 3 0 118 31 52 182 89
9 5 3 0 118 89 52 182 147
10 6 3 0 0 189 86 32 220
11 6 3 0 182 79 86 214 110
12 8 4 0 118 147 58 170 211
13 7 4 0 182 110 118 233 189
14 10 5 58 96 31 110 154 95
15 10 5 58 96 95 116 160 147
16 9 5 86 0 0 204 79 51
17 11 6 0 32 189 86 64 220
18 12 7 58 96 147 110 160 205
19 12 7 86 0 51 144 64 103
20 12 7 86 0 103 144 64 155
21 13 8 0 64 189 86 96 220
22 14 8 86 0 155 144 52 219
23 15 8 116 79 0 234 130 79
24 16 9 0 170 189 86 202 220
25 18 9 116 64 79 180 122 131
26 17 9 116 130 0 234 181 79
27 17 9 234 130 0 352 181 79
28 20 10 116 64 131 180 122 183
29 20 10 118 181 0 182 233 58
30 19 10 118 181 58 236 232 137
31 22 11 86 52 183 172 84 214
32 21 11 116 122 79 234 173 158
33 21 11 118 173 137 236 224 216
34 23 12 110 122 158 196 154 189
35 24 12 144 0 51 202 52 115
36 24 12 144 0 115 202 52 179
37 24 12 180 52 79 232 116 137
38 25 13 202 0 137 253 118 216
39 26 14 110 118 189 196 150 220
40 27 14 196 118 158 260 170 216
41 29 15 236 181 0 354 232 79
42 29 15 236 181 79 354 232 158
43 28 15 236 170 158 322 202 189
44 28 15 236 170 189 322 202 220
45 30 16 236 202 158 322 233 190
46 31 17 253 0 0 305 58 64
47 32 17 253 58 0 371 109 79
48 33 18 253 0 64 339 31 96
49 35 19 253 0 96 371 51 175
50 34 19 253 51 79 339 82 111
51 36 20 253 0 175 284 86 207
52 38 20 284 51 111 342 103 175
53 37 20 260 103 79 378 154 158
54 39 21 253 86 175 339 118 206
55 41 21 260 118 158 324 170 216
56 41 21 324 118 158 388 170 216
57 39 21 284 0 175 315 86 207
58 41 21 322 170 158 386 228 210
59 40 21 371 0 0 489 51 79
60 42 22 315 0 175 346 86 207
61 43 22 371 0 79 423 64 137
62 44 23 346 0 175 377 86 207
63 45 23 377 0 137 429 58 201
64 46 23 378 64 0 496 115 79
65 47 24 377 64 79 463 95 111
66 49 24 378 64 111 442 116 169
67 48 24 386 170 0 504 221 79
68 50 25 342 86 169 428 118 200
69 51 25 386 170 79 504 221 158
70 50 25 386 170 158 472 202 189
71 54 26 386 170 189 472 202 220
72 54 26 386 202 158 472 233 190
73 53 26 429 0 79 547 51 158
74 52 26 388 118 0 452 170 58
75 56 27 388 118 58 506 169 137
76 56 27 388 118 137 506 169 216
77 55 27 429 0 158 515 32 189
78 56 27 506 51 0 585 169 51
79 56 27 506 51 51 585 169 102
80 57 28 429 32 158 515 64 189
81 57 28 429 0 189 515 32 220
82 59 28 472 169 158 524 233 216
83 58 28 463 64 102 581 115 181
84 60 29 428 64 181 514 96 212
85 61 29 506 115 102 570 167 160
86 61 29 506 115 160 570 167 218
87 63 30 429 32 189 515 64 220
88 62 30 515 0 158 573 64 210
89 62 30 524 169 0 576 227 64
90 62 30 524 169 64 576 227 128
