Utilizacion 81.417971 VolCajasEmpacado 81.974374 Duracion[s] 60.006000 Iteraciones 1266
0 7 0 0 0 0 54 81 47
1 7 0 0 81 0 54 162 47
2 7 0 0 0 47 54 81 94
3 7 0 0 81 47 54 162 94
4 7 0 0 0 94 54 81 141
5 7 0 0 81 94 54 162 141
6 7 0 0 0 141 54 81 188
7 7 0 0 81 141 54 162 188
8 5 0 0 162 0 95 196 65
9 5 0 0 196 0 95 230 65
10 5 0 0 162 65 95 196 130
11 5 0 0 196 65 95 230 130
12 5 0 0 162 130 95 196 195
13 5 0 0 196 130 95 230 195
14 2 0 0 0 188 46 54 215
15 2 0 0 54 188 46 108 215
16 2 0 0 108 188 46 162 215
17 9 0 0 162 195 56 219 217
18 6 0 54 0 0 122 40 52
19 6 0 54 0 52 122 40 104
20 6 0 54 0 104 122 40 156
21 6 0 54 0 156 122 40 208
22 1 0 54 40 0 79 126 34
23 1 0 54 40 34 79 126 68
24 1 0 54 40 68 79 126 102
25 1 0 54 40 102 79 126 136
26 1 0 54 40 136 79 126 170
27 1 0 54 40 170 79 126 204
28 5 0 54 126 0 149 160 65
29 5 0 54 126 65 149 160 130
30 5 0 54 126 130 149 160 195
31 1 0 46 126 195 132 160 220
32 9 0 56 160 195 113 216 217
33 8 0 79 40 0 180 101 66
34 8 0 180 40 0 281 101 66
35 8 0 281 40 0 382 101 66
36 8 0 382 40 0 483 101 66
37 8 0 79 40 66 180 101 132
38 8 0 180 40 66 281 101 132
39 8 0 281 40 66 382 101 132
40 8 0 382 40 66 483 101 132
41 8 0 79 40 132 180 101 198
42 8 0 180 40 132 281 101 198
43 8 0 281 40 132 382 101 198
44 8 0 382 40 132 483 101 198
45 1 0 79 101 0 165 126 34
46 9 0 79 40 198 135 97 220
47 1 0 79 101 34 165 126 68
48 1 0 79 101 68 165 126 102
49 1 0 79 101 102 165 126 136
50 1 0 79 101 136 165 126 170
51 1 0 79 101 170 165 126 204
52 6 0 113 160 0 181 200 52
53 2 0 113 200 0 167 227 46
54 4 0 113 200 46 218 229 103
55 4 0 113 200 103 218 229 160
56 4 0 113 200 160 218 229 217
57 1 0 113 160 52 199 194 77
58 6 0 113 160 77 165 200 145
59 2 0 113 160 145 167 187 191
60 5 0 122 0 0 217 34 65
61 5 0 217 0 0 312 34 65
62 9 0 165 101 0 222 157 22
63 9 0 165 101 22 222 157 44
64 9 0 165 101 44 222 157 66
65 9 0 165 101 66 222 157 88
66 7 0 165 101 88 212 155 169
67 0 0 167 101 169 235 200 192
68 0 0 167 101 192 235 200 215
69 0 0 235 101 0 303 200 23
70 0 0 303 101 0 371 200 23
71 0 0 371 101 0 439 200 23
72 0 0 439 101 0 507 200 23
73 0 0 507 101 0 575 200 23
74 0 0 235 101 23 303 200 46
75 0 0 303 101 23 371 200 46
76 0 0 371 101 23 439 200 46
77 0 0 439 101 23 507 200 46
78 0 0 507 101 23 575 200 46
79 3 0 235 101 46 355 164 74
80 3 0 235 101 74 355 164 102
81 3 0 235 101 102 355 164 130
82 3 0 235 101 130 355 164 158
83 3 0 235 101 158 355 164 186
84 3 0 235 101 186 355 164 214
85 0 0 235 164 46 334 232 69
86 8 0 235 164 69 296 230 170
87 3 0 235 164 170 355 227 198
88 3 0 355 101 46 418 221 74
89 19 1 235 164 198 292 220 220
90 19 1 292 164 198 348 221 220
91 17 1 122 0 65 208 34 90
92 13 1 122 0 90 217 34 155
93 13 1 122 0 155 217 34 220
94 19 1 135 34 198 191 91 220
95 19 1 191 34 198 247 91 220
96 11 1 355 101 74 436 155 121
97 11 1 355 155 74 436 209 121
98 11 1 355 101 121 436 155 168
99 11 1 355 155 121 436 209 168
100 11 1 355 101 168 436 155 215
101 11 1 355 155 168 436 209 215
102 14 1 217 0 65 322 29 122
103 17 1 217 0 122 303 34 147
104 17 1 217 0 147 303 34 172
105 17 1 217 0 172 303 34 197
106 12 1 322 0 0 374 40 68
107 12 1 322 0 68 374 40 136
108 12 1 322 0 136 374 40 204
109 19 1 247 40 198 304 96 220
110 19 1 304 40 198 361 96 220
111 19 1 361 40 198 418 96 220
112 19 1 418 40 198 475 96 220
113 14 1 374 0 0 479 29 57
114 14 1 374 0 57 479 29 114
115 14 1 374 0 114 479 29 171
116 17 1 374 0 171 460 25 205
117 17 1 436 101 46 522 135 71
118 17 1 436 135 46 522 169 71
119 17 1 436 169 46 522 203 71
120 15 1 436 101 71 556 164 99
121 15 1 436 164 71 556 227 99
122 15 1 436 101 99 556 164 127
123 15 1 436 164 99 556 227 127
124 15 1 436 101 127 556 164 155
125 15 1 436 164 127 556 227 155
126 14 1 436 101 155 541 130 212
127 14 1 436 130 155 541 159 212
128 14 1 436 159 155 541 188 212
129 16 1 436 188 155 490 215 201
130 17 1 479 0 0 565 34 25
131 13 1 479 0 25 574 34 90
132 13 1 479 0 90 574 34 155
133 13 1 479 0 155 574 34 220
134 12 1 483 34 0 523 86 68
135 12 1 483 34 68 523 86 136
136 12 1 483 34 136 523 86 204
137 12 1 490 188 155 558 228 207
138 10 1 523 34 0 584 100 101
139 10 1 523 34 101 584 100 202
140 16 1 541 100 155 568 154 201
141 16 1 558 154 46 585 208 92
142 16 1 558 154 92 585 208 138
143 16 1 558 154 138 585 208 184
