Utilizacion 88.273597 VolCajasEmpacado 89.012717 Duracion[s] 60.032000 Iteraciones 2352
0 3 0 0 0 0 50 70 63
1 3 0 0 70 0 50 140 63
2 3 0 0 140 0 50 210 63
3 1 0 0 0 63 45 93 141
4 1 0 0 93 63 45 186 141
5 1 0 0 0 141 45 93 219
6 1 0 0 93 141 45 186 219
7 1 0 0 186 63 93 231 141
8 1 0 0 186 141 93 231 219
9 0 0 50 0 0 84 100 53
10 0 0 50 100 0 150 134 53
11 0 0 150 100 0 250 134 53
12 0 0 250 100 0 350 134 53
13 0 0 350 100 0 450 134 53
14 0 0 50 100 53 150 134 106
15 0 0 150 100 53 250 134 106
16 0 0 250 100 53 350 134 106
17 0 0 350 100 53 450 134 106
18 0 0 50 100 106 150 134 159
19 0 0 150 100 106 250 134 159
20 0 0 250 100 106 350 134 159
21 0 0 350 100 106 450 134 159
22 0 0 50 100 159 150 134 212
23 0 0 150 100 159 250 134 212
24 0 0 250 100 159 350 134 212
25 0 0 350 100 159 450 134 212
26 4 0 50 0 53 100 98 126
27 4 0 50 0 126 100 98 199
28 1 0 50 134 0 143 179 78
29 1 0 50 134 78 143 179 156
30 2 0 45 134 156 145 182 211
31 1 0 93 182 0 186 227 78
32 1 0 93 182 78 186 227 156
33 3 0 93 182 156 163 232 219
34 4 0 100 0 0 198 50 73
35 4 0 198 0 0 296 50 73
36 4 0 296 0 0 394 50 73
37 4 0 394 0 0 492 50 73
38 4 0 100 50 0 198 100 73
39 4 0 198 50 0 296 100 73
40 4 0 296 50 0 394 100 73
41 4 0 394 50 0 492 100 73
42 4 0 100 0 73 198 50 146
43 4 0 198 0 73 296 50 146
44 4 0 296 0 73 394 50 146
45 4 0 394 0 73 492 50 146
46 4 0 100 50 73 198 100 146
47 4 0 198 50 73 296 100 146
48 4 0 296 50 73 394 100 146
49 4 0 394 50 73 492 100 146
50 4 0 100 0 146 198 50 219
51 4 0 198 0 146 296 50 219
52 4 0 296 0 146 394 50 219
53 4 0 394 0 146 492 50 219
54 4 0 100 50 146 198 100 219
55 4 0 198 50 146 296 100 219
56 4 0 296 50 146 394 100 219
57 4 0 394 50 146 492 100 219
58 2 0 145 134 0 245 182 55
59 2 0 245 134 0 345 182 55
60 2 0 345 134 0 445 182 55
61 2 0 445 134 0 545 182 55
62 2 0 145 134 55 245 182 110
63 2 0 245 134 55 345 182 110
64 2 0 345 134 55 445 182 110
65 2 0 445 134 55 545 182 110
66 2 0 145 134 110 245 182 165
67 2 0 245 134 110 345 182 165
68 2 0 345 134 110 445 182 165
69 2 0 445 134 110 545 182 165
70 2 0 145 134 165 245 182 220
71 2 0 245 134 165 345 182 220
72 2 0 345 134 165 445 182 220
73 2 0 445 134 165 545 182 220
74 2 0 186 182 0 286 230 55
75 2 0 186 182 55 286 230 110
76 2 0 186 182 110 286 230 165
77 2 0 186 182 165 286 230 220
78 3 0 286 182 0 349 232 70
79 3 0 286 182 70 349 232 140
80 3 0 286 182 140 349 232 210
81 3 0 349 182 0 412 232 70
82 3 0 349 182 70 419 232 133
83 3 0 349 182 133 419 232 196
84 3 0 419 182 0 489 232 63
85 3 0 419 182 63 489 232 126
86 3 0 419 182 126 489 232 189
87 1 0 489 182 0 582 227 78
88 1 0 489 182 78 582 227 156
89 3 0 489 182 156 559 232 219
90 3 0 492 0 0 562 63 50
91 3 0 492 0 50 562 63 100
92 3 0 492 0 100 562 63 150
93 3 0 492 0 150 562 63 200
94 1 0 492 63 0 585 108 78
95 3 0 492 63 78 542 126 148
96 3 0 492 63 148 542 133 211
