Utilizacion 82.132151 VolCajasEmpacado 83.000754 Duracion[s] 60.015000 Iteraciones 1569
0 7 0 0 0 0 80 75 95
1 7 0 80 0 0 160 75 95
2 7 0 160 0 0 240 75 95
3 7 0 240 0 0 320 75 95
4 7 0 320 0 0 400 75 95
5 7 0 0 0 95 80 75 190
6 7 0 80 0 95 160 75 190
7 7 0 160 0 95 240 75 190
8 7 0 240 0 95 320 75 190
9 7 0 320 0 95 400 75 190
10 1 0 0 75 0 36 148 33
11 1 0 0 75 33 36 148 66
12 1 0 0 75 66 36 148 99
13 1 0 0 75 99 36 148 132
14 1 0 0 75 132 36 148 165
15 1 0 0 75 165 36 148 198
16 0 0 0 0 190 61 75 214
17 0 0 61 0 190 122 75 214
18 0 0 122 0 190 197 61 214
19 4 0 0 148 0 57 192 53
20 4 0 0 148 53 57 192 106
21 4 0 0 148 106 57 192 159
22 4 0 0 148 159 57 192 212
23 0 0 197 0 190 258 75 214
24 2 0 0 192 0 85 232 73
25 2 0 0 192 73 85 232 146
26 2 0 0 192 146 85 232 219
27 5 0 36 75 0 129 120 70
28 5 0 36 75 70 129 120 140
29 5 0 36 75 140 129 120 210
30 0 0 258 0 190 333 61 214
31 6 0 57 120 0 130 174 62
32 6 0 57 120 62 130 174 124
33 6 0 57 120 124 130 174 186
34 0 0 333 0 190 394 75 214
35 1 0 57 120 186 130 156 219
36 6 0 85 174 0 147 228 73
37 6 0 85 174 73 147 228 146
38 6 0 85 174 146 147 228 219
39 5 0 129 75 0 222 120 70
40 5 0 129 75 70 222 120 140
41 5 0 129 75 140 222 120 210
42 5 0 130 120 0 223 165 70
43 5 0 130 120 70 223 165 140
44 2 0 130 120 140 215 160 213
45 3 0 147 165 0 237 228 41
46 3 0 147 165 41 237 228 82
47 3 0 147 165 82 237 228 123
48 3 0 147 165 123 237 228 164
49 3 0 147 165 164 237 228 205
50 2 0 222 75 0 307 115 73
51 7 0 223 75 73 298 155 168
52 0 0 222 75 168 283 150 192
53 8 1 222 75 192 283 150 216
54 13 1 237 155 0 330 200 70
55 13 1 237 155 70 330 200 140
56 13 1 237 155 140 330 200 210
57 9 1 237 200 0 310 233 36
58 9 1 237 200 36 310 233 72
59 9 1 237 200 72 310 233 108
60 9 1 237 200 108 310 233 144
61 9 1 237 200 144 310 233 180
62 9 1 237 200 180 310 233 216
63 9 1 298 115 0 371 148 36
64 9 1 298 115 36 371 148 72
65 10 1 298 115 72 383 155 145
66 15 1 298 75 145 393 155 220
67 14 1 330 155 0 392 209 73
68 14 1 392 155 0 454 209 73
69 14 1 330 155 73 392 209 146
70 14 1 392 155 73 454 209 146
71 14 1 330 155 146 392 209 219
72 14 1 392 155 146 454 209 219
73 15 1 393 75 0 468 155 95
74 15 1 393 75 95 488 155 170
75 13 1 393 75 170 486 145 215
76 12 1 400 0 0 457 53 44
77 12 1 457 0 0 514 53 44
78 12 1 514 0 0 571 53 44
79 11 1 400 0 44 490 63 85
80 12 1 400 0 85 457 53 129
81 12 1 400 0 129 457 53 173
82 12 1 400 0 173 457 53 217
83 8 1 457 0 85 518 75 109
84 8 1 457 0 109 518 75 133
85 8 1 457 0 133 518 75 157
86 8 1 457 0 157 518 75 181
87 8 1 457 0 181 518 75 205
88 11 1 518 0 44 559 90 107
89 11 1 518 0 107 581 90 148
90 11 1 518 0 148 581 90 189
91 10 1 454 155 0 539 228 40
92 10 1 454 155 40 539 228 80
93 10 1 454 155 80 539 228 120
94 10 1 454 155 120 539 228 160
95 10 1 454 155 160 539 228 200
96 11 1 488 90 0 578 131 63
97 11 1 488 90 63 578 131 126
98 11 1 488 90 126 578 131 189
99 8 1 518 0 189 579 75 213
100 11 1 539 131 0 580 221 63
101 11 1 539 131 63 580 221 126
102 12 1 539 131 126 583 184 183
