Utilizacion 72.763318 VolCajasEmpacado 75.128134 Duracion[s] 60.000000 Iteraciones 7733
0 0 0 0 0 0 90 67 57
1 0 0 0 67 0 90 134 57
2 1 1 0 0 57 61 116 85
3 3 2 0 0 85 35 86 126
4 3 2 0 0 126 35 86 167
5 2 2 0 134 0 82 230 63
6 2 2 0 134 63 82 230 126
7 4 3 0 86 85 86 127 120
8 5 3 0 86 126 80 183 217
9 6 4 82 134 0 141 208 63
10 7 5 82 127 63 145 223 145
11 8 6 0 0 167 26 67 211
12 9 6 61 0 57 118 67 147
13 10 6 35 0 147 94 74 210
14 10 6 94 67 0 168 126 63
15 10 6 94 67 63 168 126 126
16 11 6 145 126 0 242 217 80
17 12 7 94 67 126 161 124 216
18 13 7 145 126 80 236 223 160
19 14 8 118 0 0 200 63 96
20 16 9 118 0 96 208 67 153
21 15 9 94 0 153 180 41 188
22 17 10 168 67 0 242 126 63
23 17 10 168 67 63 231 126 137
24 19 11 94 0 188 210 61 216
25 18 11 161 67 137 224 126 211
26 20 11 210 0 0 296 60 43
27 22 12 210 0 43 306 63 125
28 21 12 210 0 125 296 43 185
29 23 13 242 63 0 332 130 57
30 23 13 242 130 0 332 197 57
31 24 14 242 63 57 302 149 100
32 25 14 231 63 100 321 120 167
33 26 14 242 149 57 333 229 154
34 26 14 332 0 0 423 97 80
35 27 15 236 120 154 318 216 217
36 28 15 321 0 80 401 91 177
37 29 16 210 0 185 326 61 213
38 30 16 333 97 0 413 188 97
39 30 16 333 97 97 413 188 194
40 32 17 413 97 0 509 179 63
41 31 17 413 97 63 480 154 153
42 33 18 326 0 177 393 44 203
43 34 19 326 44 177 393 88 203
44 34 19 318 88 194 362 155 220
45 35 19 333 188 0 419 223 41
46 36 19 423 0 0 505 96 63
47 37 20 333 188 41 419 223 82
48 39 21 333 188 82 419 231 142
49 38 21 423 0 63 482 74 126
50 40 22 318 155 194 385 199 220
51 41 22 401 0 126 461 86 169
52 42 23 333 199 142 400 225 186
53 43 23 401 0 169 461 86 212
54 44 24 413 86 153 503 153 210
55 45 25 505 0 0 562 90 67
56 49 26 385 153 194 429 220 220
57 46 26 482 0 67 578 82 130
58 47 26 461 0 130 518 67 220
59 47 26 518 0 130 585 57 220
60 48 26 509 90 0 570 206 28
61 51 27 429 154 63 515 195 98
62 52 27 429 154 98 486 221 188
63 50 27 515 90 28 576 206 56
64 53 28 429 153 188 496 197 214
65 56 29 509 90 56 583 149 119
66 54 29 503 82 119 564 198 147
67 55 29 496 153 147 582 196 207
68 57 30 503 67 147 577 126 210
