Utilizacion 72.460496 VolCajasEmpacado 73.509048 Duracion[s] 60.015000 Iteraciones 2861
0 4 0 0 0 0 76 108 47
1 1 0 0 108 0 45 154 43
2 5 0 0 0 47 108 56 129
3 5 0 0 56 47 108 112 129
4 3 0 0 154 0 47 232 49
5 0 0 0 0 129 64 117 171
6 6 0 0 117 43 75 153 71
7 2 0 0 153 49 74 199 111
8 9 1 0 0 171 78 49 218
9 9 1 0 49 171 78 98 218
10 16 1 0 98 171 45 122 212
11 10 1 0 122 111 74 184 157
12 10 1 0 122 157 74 184 203
13 15 1 0 184 111 75 212 147
14 12 1 0 184 147 43 230 192
15 7 1 78 0 129 114 98 173
16 7 1 78 0 173 114 98 217
17 13 1 75 112 0 117 229 64
18 13 1 75 112 64 117 229 128
19 13 1 75 112 128 117 229 192
20 8 1 114 0 0 196 108 56
21 11 1 114 0 56 210 44 112
22 11 1 114 44 56 210 88 112
23 14 1 114 0 112 214 89 143
24 14 1 114 0 143 214 89 174
25 14 1 114 0 174 214 89 205
26 11 1 117 108 0 161 204 56
27 22 2 0 184 192 75 220 220
28 24 2 117 89 56 220 127 104
29 24 2 117 89 104 220 127 152
30 24 2 117 89 152 220 127 200
31 20 2 117 127 56 173 223 100
32 18 2 117 127 100 225 183 182
33 23 2 117 127 182 215 171 218
34 21 2 117 183 100 162 226 146
35 19 2 117 183 146 191 229 208
36 17 2 191 183 0 308 225 64
37 18 2 214 0 0 270 82 108
38 18 2 214 0 108 270 82 216
39 33 3 191 183 64 240 230 142
40 33 3 191 183 142 240 230 220
41 25 3 220 82 0 261 127 24
42 25 3 220 82 24 261 127 48
43 26 3 220 82 48 295 110 84
44 28 3 220 82 84 318 126 120
45 28 3 220 82 120 318 126 156
46 31 3 220 82 156 316 126 212
47 35 3 225 127 0 333 183 82
48 29 3 225 126 82 328 164 130
49 31 3 225 126 130 321 182 174
50 29 3 225 126 174 328 174 212
51 34 3 240 183 64 348 230 140
52 34 3 240 183 140 348 230 216
53 32 3 270 0 0 344 62 46
54 31 3 270 0 46 366 56 90
55 30 3 270 0 90 387 42 154
56 29 3 270 0 154 373 48 192
57 27 3 333 62 0 422 162 31
58 42 4 270 0 192 315 41 216
59 42 4 315 0 192 360 41 216
60 37 4 318 62 31 364 124 105
61 43 4 318 48 105 363 91 151
62 36 4 318 48 151 365 126 200
63 38 4 333 126 31 441 182 113
64 38 4 333 126 113 441 182 195
65 42 4 328 126 195 369 171 219
66 38 4 365 56 31 473 112 113
67 39 4 365 48 113 473 124 160
68 40 4 365 48 160 468 86 208
69 40 4 365 86 160 468 124 208
70 41 4 441 124 0 541 213 31
71 41 4 441 124 31 530 224 62
72 44 5 369 124 195 410 169 219
73 44 5 410 124 195 451 169 219
74 46 5 387 0 0 433 45 43
75 46 5 433 0 0 479 45 43
76 45 5 441 169 62 516 197 98
77 45 5 441 197 62 516 225 98
78 47 5 387 0 43 483 44 99
79 48 5 441 169 98 523 225 206
80 53 6 387 0 99 433 43 144
81 53 6 387 0 144 432 46 187
82 52 6 433 0 99 507 46 161
83 53 6 432 0 161 478 45 204
84 52 6 473 46 0 547 108 46
85 51 6 473 46 46 581 122 93
86 49 6 473 46 93 562 146 124
87 50 6 473 46 124 581 102 206
88 62 7 478 0 161 519 45 185
89 62 7 478 0 185 519 45 209
90 57 7 451 124 124 497 167 169
91 57 7 451 124 169 497 167 214
92 62 7 497 102 124 542 143 148
93 61 7 497 102 148 572 130 184
94 61 7 497 102 184 572 130 220
95 56 7 519 0 0 581 46 74
96 56 7 519 0 74 581 46 148
97 61 7 541 146 0 577 221 28
98 61 7 541 146 28 577 221 56
99 55 7 530 146 56 579 193 134
100 63 7 542 130 134 580 233 182
101 59 7 523 130 182 567 228 218
