Utilizacion 69.753078 VolCajasEmpacado 70.611410 Duracion[s] 60.007000 Iteraciones 1670
0 8 0 0 0 0 67 42 70
1 8 0 0 0 70 67 42 140
2 8 0 0 0 140 67 42 210
3 0 0 0 42 0 61 120 27
4 0 0 0 120 0 61 198 27
5 12 0 0 42 27 102 76 62
6 12 0 0 42 62 102 76 97
7 12 0 0 42 97 102 76 132
8 13 0 0 198 0 113 230 49
9 13 0 0 198 49 113 230 98
10 11 0 0 42 132 115 101 166
11 11 0 0 42 166 115 101 200
12 1 0 0 101 27 113 193 50
13 2 0 0 101 50 67 164 110
14 7 0 0 101 110 56 156 156
15 9 0 0 101 156 61 171 196
16 2 0 0 171 98 63 231 165
17 4 0 0 171 165 107 231 214
18 9 0 67 101 50 137 162 90
19 8 0 67 101 90 137 168 132
20 10 0 61 101 132 136 136 186
21 10 0 61 136 132 136 171 186
22 10 0 67 0 0 142 35 54
23 10 0 67 0 54 142 35 108
24 3 0 113 171 0 176 230 64
25 6 0 113 171 64 230 219 118
26 5 0 107 171 118 185 219 191
27 14 0 115 35 0 193 79 71
28 27 1 61 101 186 139 162 213
29 22 1 67 0 108 137 40 169
30 24 1 67 0 169 169 35 203
31 18 1 115 40 71 178 100 138
32 18 1 115 40 138 178 100 205
33 19 1 139 100 0 202 164 59
34 19 1 139 100 59 202 164 118
35 15 1 139 100 118 217 171 162
36 15 1 139 100 162 217 171 206
37 21 1 185 171 118 241 217 173
38 22 1 185 171 173 255 232 213
39 23 1 169 0 0 284 34 59
40 23 1 169 0 59 284 34 118
41 26 1 169 0 118 282 32 167
42 26 1 169 0 167 282 32 216
43 21 1 193 34 0 249 89 46
44 17 1 193 34 46 268 97 145
45 15 1 178 32 145 256 76 216
46 20 1 217 97 0 265 170 78
47 15 1 217 97 78 295 141 149
48 15 1 217 97 149 295 141 220
49 16 1 255 170 0 350 233 87
50 17 1 255 141 87 354 216 150
51 17 1 255 141 150 354 216 213
52 29 1 284 0 0 397 92 23
53 25 1 284 0 23 393 87 55
54 28 1 284 0 55 371 91 80
55 31 2 268 34 80 331 94 147
56 31 2 268 34 147 331 94 214
57 40 2 284 0 80 397 32 129
58 40 2 284 0 129 397 32 178
59 39 2 282 0 178 384 34 213
60 36 2 295 94 0 351 140 55
61 37 2 295 94 55 365 136 122
62 35 2 295 94 122 362 141 173
63 39 2 295 94 173 397 129 207
64 38 2 331 34 80 406 88 115
65 38 2 331 34 115 406 88 150
66 38 2 331 34 150 406 88 185
67 42 2 354 141 0 445 228 25
68 42 2 354 141 25 445 228 50
69 42 2 354 141 50 445 228 75
70 30 2 354 141 75 449 228 138
71 34 2 354 141 138 471 189 192
72 43 2 354 129 192 467 221 215
73 44 2 397 88 0 458 128 70
74 32 2 406 0 0 513 49 60
75 33 2 406 0 60 479 78 108
76 37 2 406 78 70 476 120 137
77 32 2 406 0 108 513 60 157
78 32 2 406 0 157 513 60 206
79 32 2 406 60 137 513 120 186
80 41 2 397 60 186 475 121 213
81 32 2 471 121 0 578 181 49
82 34 2 513 0 0 561 117 54
83 51 3 467 189 0 545 233 71
84 51 3 467 189 71 545 233 142
85 51 3 467 189 142 545 233 213
86 45 3 471 121 49 530 184 113
87 55 3 475 60 186 536 138 213
88 53 3 471 138 113 573 172 148
89 50 3 471 138 148 526 184 204
90 47 3 513 0 54 580 60 117
91 58 3 513 0 117 583 42 184
92 58 3 536 60 54 578 130 121
93 58 3 536 42 121 578 112 188
94 52 3 545 112 148 579 227 207
