Utilizacion 75.688982 VolCajasEmpacado 76.438082 Duracion[s] 60.030000 Iteraciones 997
0 12 0 0 0 0 33 111 45
1 12 0 0 111 0 33 222 45
2 12 0 0 0 45 33 111 90
3 12 0 0 111 45 33 222 90
4 12 0 0 0 90 33 111 135
5 12 0 0 111 90 33 222 135
6 12 0 0 0 135 33 111 180
7 12 0 0 111 135 33 222 180
8 8 0 0 0 180 43 110 217
9 8 0 0 110 180 43 220 217
10 10 0 43 0 0 78 114 53
11 10 0 43 0 53 78 114 106
12 10 0 43 0 106 78 114 159
13 10 0 43 0 159 78 114 212
14 11 0 43 114 0 77 169 51
15 11 0 43 169 0 77 224 51
16 4 0 43 114 51 94 189 117
17 2 0 43 114 117 105 178 216
18 14 0 43 189 51 78 230 82
19 14 0 43 189 82 78 230 113
20 14 0 43 189 113 78 230 144
21 14 0 43 189 144 78 230 175
22 11 0 43 178 175 94 233 209
23 0 0 78 0 0 100 105 27
24 0 0 100 0 0 122 105 27
25 13 0 78 0 27 124 102 59
26 13 0 78 0 59 124 102 91
27 13 0 78 0 91 124 102 123
28 13 0 78 0 123 124 102 155
29 13 0 78 0 155 124 102 187
30 13 0 78 0 187 124 102 219
31 13 0 94 178 0 196 210 46
32 13 0 94 178 46 196 210 92
33 11 0 94 178 92 145 233 126
34 5 0 94 178 126 190 228 199
35 3 0 105 105 0 179 163 90
36 3 0 105 105 90 179 163 180
37 8 0 105 102 180 215 145 217
38 1 0 105 145 199 203 218 220
39 3 0 124 0 0 214 74 58
40 5 0 124 0 58 197 96 108
41 5 0 124 0 108 197 96 158
42 5 0 124 0 158 197 96 208
43 9 0 203 145 0 238 230 61
44 4 0 203 145 61 269 220 112
45 4 0 203 145 112 269 220 163
46 4 0 203 145 163 269 220 214
47 1 0 214 0 0 287 98 21
48 1 0 214 0 21 287 98 42
49 1 0 214 0 42 287 98 63
50 6 0 197 0 63 269 48 124
51 6 0 197 48 63 269 96 124
52 2 0 197 0 124 296 64 186
53 8 0 197 64 124 307 101 167
54 8 0 197 64 167 307 101 210
55 8 0 215 101 0 325 144 37
56 8 0 215 101 37 325 144 74
57 2 0 269 101 74 331 165 173
58 7 0 269 101 173 326 160 218
59 2 0 269 165 0 331 229 99
60 4 0 269 165 99 344 231 150
61 4 0 269 165 150 344 231 201
62 2 0 296 0 0 395 62 64
63 2 0 296 0 64 395 62 128
64 2 0 296 0 128 395 62 192
65 2 0 331 62 0 393 161 64
66 3 0 331 62 64 389 152 138
67 3 0 331 62 138 389 152 212
68 3 0 344 161 0 418 219 90
69 3 0 418 161 0 492 219 90
70 20 1 344 152 90 389 209 149
71 20 1 344 152 149 389 209 208
72 18 1 393 62 0 466 158 50
73 18 1 466 62 0 539 158 50
74 18 1 393 62 50 466 158 100
75 18 1 466 62 50 539 158 100
76 18 1 393 62 100 466 158 150
77 18 1 466 62 100 539 158 150
78 18 1 393 62 150 466 158 200
79 18 1 466 62 150 539 158 200
80 29 1 389 158 90 487 231 111
81 29 1 389 158 111 487 231 132
82 29 1 389 158 132 487 231 153
83 29 1 389 158 153 487 231 174
84 29 1 389 158 174 487 231 195
85 28 1 389 158 195 494 185 217
86 28 1 389 185 195 494 212 217
87 15 1 395 0 0 459 62 99
88 27 1 395 0 99 430 31 140
89 27 1 430 0 99 465 31 140
90 27 1 395 31 99 430 62 140
91 27 1 430 31 99 465 62 140
92 27 1 395 0 140 430 31 181
93 27 1 430 0 140 465 31 181
94 27 1 395 31 140 430 62 181
95 27 1 430 31 140 465 62 181
96 22 1 395 0 181 480 61 216
97 19 1 480 0 0 552 61 48
98 19 1 480 0 48 552 61 96
99 19 1 480 0 96 552 61 144
100 19 1 480 0 144 552 61 192
101 28 1 480 0 192 585 27 214
102 16 1 494 158 0 584 232 58
103 24 1 494 158 58 549 192 109
104 16 1 494 158 109 584 216 183
105 22 1 494 158 183 579 219 218
106 20 1 539 61 0 584 118 59
107 22 1 539 61 59 574 146 120
108 22 1 539 61 120 574 146 181
