Utilizacion 76.646438 VolCajasEmpacado 78.315246 Duracion[s] 60.008000 Iteraciones 4009
0 5 0 0 0 0 119 47 71
1 5 0 0 0 71 119 47 142
2 5 0 0 0 142 119 47 213
3 3 0 0 47 0 115 137 58
4 3 0 0 47 58 115 137 116
5 4 0 0 47 116 76 135 168
6 5 0 0 47 168 119 118 215
7 4 0 0 137 0 76 225 52
8 4 0 0 137 52 76 225 104
9 0 0 76 118 116 154 155 185
10 2 0 0 137 104 72 199 191
11 1 0 0 118 191 68 171 211
12 1 0 0 171 191 68 224 211
13 2 0 76 155 0 163 227 62
14 6 0 119 0 0 214 90 43
15 6 0 119 0 43 214 90 86
16 7 1 72 118 185 125 186 205
17 10 1 76 186 62 195 233 133
18 10 1 72 186 133 191 233 204
19 9 1 119 0 86 209 95 129
20 14 1 119 0 129 206 72 191
21 8 1 119 72 129 197 109 198
22 7 1 119 0 191 172 68 211
23 11 1 163 109 0 239 161 88
24 11 1 154 109 88 206 185 176
25 14 1 206 95 88 268 167 175
26 13 1 206 167 0 321 225 90
27 13 1 206 167 90 321 225 180
28 9 1 214 0 0 304 95 43
29 9 1 304 0 0 394 95 43
30 12 1 214 0 43 296 57 143
31 14 1 206 0 143 278 87 205
32 12 1 278 57 43 378 114 125
33 12 1 278 57 125 378 114 207
34 12 1 296 0 43 396 57 125
35 12 1 296 0 125 396 57 207
36 21 2 125 114 185 178 182 205
37 22 2 268 114 0 356 166 76
38 18 2 268 114 76 387 161 147
39 18 2 268 114 147 387 161 218
40 20 2 191 161 180 269 230 217
41 15 2 321 166 0 408 228 72
42 16 2 321 166 72 411 224 187
43 15 2 387 95 0 474 157 72
44 15 2 387 95 72 474 157 144
45 15 2 387 95 144 474 157 216
46 15 2 396 0 0 468 87 62
47 19 2 396 0 62 491 90 105
48 22 2 396 0 105 472 88 157
49 17 2 396 0 157 496 82 214
50 25 3 411 157 0 499 233 52
51 25 3 411 157 52 499 233 104
52 25 3 411 157 104 499 233 156
53 29 3 411 157 156 479 210 176
54 29 3 411 157 176 479 210 196
55 29 3 411 157 196 479 210 216
56 23 3 474 90 0 574 147 82
57 28 3 474 90 82 552 127 151
58 28 3 474 90 151 552 127 220
59 28 3 499 127 82 577 164 151
60 23 3 496 0 0 578 57 100
61 28 3 499 127 151 577 164 220
62 24 3 496 0 100 586 58 215
63 23 3 499 164 0 581 221 100
64 23 3 499 164 100 581 221 200
65 29 3 479 164 200 547 217 220
