Utilizacion 72.022578 VolCajasEmpacado 73.520629 Duracion[s] 60.003000 Iteraciones 2100
0 5 0 0 0 0 51 57 62
1 5 0 0 57 0 51 114 62
2 6 0 0 114 0 64 213 71
3 7 0 0 0 62 71 76 141
4 7 0 0 0 141 71 76 220
5 3 0 0 76 71 57 177 113
6 8 0 0 76 113 95 146 136
7 4 0 0 76 136 83 119 215
8 1 0 0 119 136 43 158 207
9 0 0 0 158 113 60 184 158
10 2 0 0 158 158 41 198 219
11 8 0 64 146 0 159 216 23
12 8 0 64 146 23 159 216 46
13 15 1 0 198 71 60 224 116
14 15 1 0 198 116 60 224 161
15 14 1 0 198 161 63 233 213
16 13 1 60 119 136 121 160 176
17 12 1 43 119 176 144 176 218
18 12 1 64 176 46 165 233 88
19 12 1 63 176 88 164 233 130
20 11 1 63 176 130 146 219 209
21 10 1 71 0 0 150 76 71
22 9 1 71 0 71 166 70 94
23 10 1 71 0 94 147 71 173
24 22 2 71 0 173 114 71 212
25 22 2 114 0 173 157 71 212
26 19 2 95 76 0 196 118 57
27 20 2 95 76 57 149 96 90
28 20 2 95 96 57 149 116 90
29 16 2 95 71 90 176 119 181
30 20 2 83 71 181 137 104 201
31 21 2 144 71 181 207 123 216
32 16 2 159 123 0 250 171 81
33 21 2 144 123 81 196 158 144
34 18 2 144 123 144 206 174 201
35 19 2 165 174 0 266 231 42
36 19 2 165 174 42 266 231 84
37 17 2 166 0 0 265 71 64
38 17 2 166 0 64 265 71 128
39 23 3 146 174 130 166 228 163
40 23 3 146 174 163 166 228 196
41 27 3 157 0 128 208 57 190
42 24 3 157 0 190 202 60 216
43 25 3 166 174 84 237 217 123
44 25 3 166 174 123 237 217 162
45 25 3 166 174 162 237 217 201
46 27 3 206 123 81 263 174 143
47 27 3 206 123 143 268 174 200
48 26 3 207 71 0 286 114 83
49 28 3 208 0 128 279 76 207
50 28 3 268 114 0 344 193 71
51 28 3 268 114 71 344 193 142
52 28 3 268 114 142 344 193 213
53 29 4 207 76 83 261 109 103
54 32 4 207 76 103 259 111 166
55 31 4 207 76 166 267 102 211
56 33 4 237 193 84 278 233 145
57 31 4 237 193 145 297 219 190
58 36 4 279 0 0 378 64 71
59 30 4 279 0 71 374 70 94
60 35 4 279 0 94 336 62 145
61 33 4 279 0 145 320 40 206
62 35 4 336 0 94 393 51 156
63 35 4 336 0 156 393 51 218
64 34 4 344 70 0 425 161 48
65 41 5 297 193 0 358 233 41
66 41 5 297 193 41 358 233 82
67 41 5 297 193 82 358 233 123
68 40 5 297 193 123 340 232 194
69 42 5 336 51 94 396 77 139
70 42 5 336 51 139 396 77 184
71 39 5 344 77 48 415 156 124
72 37 5 344 77 124 392 168 205
73 44 5 392 77 124 435 160 203
74 38 5 358 168 0 457 232 71
75 43 5 392 160 71 487 230 94
76 39 5 392 160 94 471 231 170
77 43 5 392 160 170 487 230 193
78 46 6 392 160 193 487 230 216
79 49 6 393 0 0 484 48 81
80 49 6 393 0 81 474 48 172
81 45 6 393 0 172 447 33 192
82 47 6 435 48 0 492 149 42
83 47 6 492 48 0 549 149 42
84 48 6 435 48 42 514 91 125
85 48 6 435 48 125 514 91 208
86 48 6 435 91 42 514 134 125
87 57 7 393 0 192 453 45 218
88 57 7 435 134 42 495 160 87
89 59 7 435 134 87 489 154 120
90 59 7 435 134 120 489 154 153
91 54 7 435 91 125 518 134 204
92 53 7 484 0 0 575 48 81
93 58 7 487 160 0 582 230 23
94 50 7 514 0 81 585 79 157
95 60 7 474 0 81 514 41 142
96 55 7 474 0 142 513 43 213
97 50 7 487 160 23 566 231 99
98 56 7 513 0 157 565 35 220
99 52 7 514 35 157 571 86 219
100 51 7 487 154 99 586 225 163
101 58 7 487 134 163 557 229 186
102 58 7 487 134 186 557 229 209
103 56 7 518 86 42 570 121 105
