Utilizacion 80.210578 VolCajasEmpacado 81.400254 Duracion[s] 60.017000 Iteraciones 379
0 18 0 0 0 0 34 26 47
1 18 0 0 0 47 34 26 94
2 18 0 0 0 94 34 26 141
3 18 0 0 0 141 34 26 188
4 16 0 0 0 188 62 40 219
5 3 0 0 40 0 74 144 50
6 3 0 0 40 50 74 144 100
7 3 0 0 40 100 74 144 150
8 3 0 0 40 150 74 144 200
9 18 0 0 144 0 34 191 26
10 18 0 0 144 26 34 191 52
11 18 0 0 144 52 34 191 78
12 18 0 0 144 78 34 191 104
13 18 0 0 144 104 34 191 130
14 18 0 0 144 130 34 191 156
15 18 0 0 144 156 34 191 182
16 18 0 0 144 182 34 191 208
17 7 0 0 191 0 83 231 70
18 7 0 83 191 0 166 231 70
19 7 0 0 191 70 83 231 140
20 7 0 83 191 70 166 231 140
21 7 0 0 191 140 83 231 210
22 7 0 83 191 140 166 231 210
23 9 0 34 144 0 86 182 53
24 9 0 34 144 53 86 182 106
25 9 0 34 144 106 86 182 159
26 9 0 34 144 159 86 182 212
27 9 0 62 0 0 115 38 52
28 9 0 62 0 52 115 38 104
29 9 0 62 0 104 115 38 156
30 9 0 62 0 156 115 38 208
31 9 0 74 38 0 112 90 53
32 9 0 74 90 0 112 142 53
33 3 0 74 38 53 148 142 103
34 3 0 74 38 103 148 142 153
35 3 0 74 38 153 148 142 203
36 4 0 86 142 0 194 191 69
37 4 0 194 142 0 302 191 69
38 4 0 86 142 69 194 191 138
39 4 0 194 142 69 302 191 138
40 4 0 86 142 138 194 191 207
41 4 0 194 142 138 302 191 207
42 12 0 115 0 0 164 38 37
43 12 0 115 0 37 164 38 74
44 12 0 115 0 74 164 38 111
45 12 0 115 0 111 164 38 148
46 12 0 115 0 148 164 38 185
47 10 0 115 0 185 189 34 206
48 5 0 148 38 0 208 83 49
49 5 0 148 83 0 208 128 49
50 5 0 148 38 49 208 87 94
51 5 0 148 87 49 208 136 94
52 9 0 148 38 94 200 76 147
53 9 0 148 76 94 200 114 147
54 11 0 148 38 147 190 75 195
55 11 0 148 75 147 190 112 195
56 19 0 148 34 195 210 111 219
57 17 0 148 114 94 203 140 144
58 10 0 148 114 144 222 135 178
59 10 0 148 114 178 222 135 212
60 8 0 166 191 0 245 231 50
61 8 0 166 191 50 245 231 100
62 8 0 166 191 100 245 231 150
63 8 0 166 191 150 245 231 200
64 10 0 189 0 0 263 34 21
65 10 0 189 0 21 263 34 42
66 16 0 189 0 42 251 31 82
67 16 0 189 0 82 251 31 122
68 16 0 189 0 122 251 31 162
69 16 0 189 0 162 251 31 202
70 8 0 210 34 0 250 84 79
71 8 0 250 34 0 290 84 79
72 8 0 290 34 0 330 84 79
73 8 0 330 34 0 370 84 79
74 8 0 370 34 0 410 84 79
75 8 0 410 34 0 450 84 79
76 17 0 210 84 0 265 110 50
77 17 0 265 84 0 320 110 50
78 17 0 320 84 0 375 110 50
79 17 0 375 84 0 430 110 50
80 15 0 210 31 79 245 106 123
81 15 0 245 31 79 280 106 123
82 15 0 280 31 79 315 106 123
83 15 0 210 31 123 245 106 167
84 15 0 245 31 123 280 106 167
85 15 0 280 31 123 315 106 167
86 15 0 210 31 167 245 106 211
87 15 0 245 31 167 280 106 211
88 15 0 280 31 167 315 106 211
89 16 0 222 110 0 284 141 40
90 16 0 222 110 40 284 141 80
91 16 0 222 110 80 284 141 120
92 16 0 222 110 120 284 141 160
93 16 0 222 110 160 284 141 200
94 2 0 315 0 79 384 98 136
95 2 0 315 0 136 384 98 193
96 19 0 315 0 193 377 77 217
97 13 0 245 191 0 317 227 62
98 13 0 317 191 0 389 227 62
99 13 0 389 191 0 461 227 62
100 13 0 461 191 0 533 227 62
101 12 0 245 191 62 294 229 99
102 12 0 245 191 99 294 229 136
103 12 0 245 191 136 294 229 173
104 12 0 245 191 173 294 229 210
105 13 0 384 0 79 420 72 141
106 13 0 420 0 79 456 72 141
107 13 0 384 0 141 420 72 203
108 13 0 420 0 141 456 72 203
109 16 0 294 191 62 356 231 93
110 14 0 294 191 93 392 226 153
111 14 0 294 191 153 392 226 213
112 1 0 302 110 0 374 188 73
113 1 0 374 110 0 446 188 73
114 1 0 446 110 0 518 188 73
115 1 0 302 110 73 374 188 146
116 1 0 374 110 73 446 188 146
117 1 0 446 110 73 518 188 146
118 1 0 302 110 146 374 188 219
119 1 0 374 110 146 446 188 219
120 1 0 446 110 146 518 188 219
121 14 0 392 188 62 490 223 122
122 14 0 392 188 122 490 223 182
123 15 0 392 188 182 467 232 217
124 5 0 490 188 62 539 233 122
125 5 0 490 188 122 539 233 182
126 11 0 450 72 0 492 109 48
127 0 0 450 72 48 518 109 107
128 0 0 450 72 107 518 109 166
129 4 0 456 0 0 564 69 49
130 4 0 456 0 49 564 69 98
131 13 0 456 0 98 518 72 134
132 13 0 518 0 98 580 72 134
133 2 0 456 0 134 554 69 191
134 19 0 456 0 191 518 77 215
135 19 0 518 0 191 580 77 215
136 2 0 518 77 0 587 175 57
137 0 0 518 77 57 586 114 116
138 0 0 518 114 57 586 151 116
139 0 0 518 151 57 586 188 116
140 0 0 518 77 116 586 114 175
141 0 0 518 114 116 586 151 175
142 0 0 518 151 116 586 188 175
143 11 0 518 77 175 566 114 217
144 0 0 518 114 175 586 173 212
