Utilizacion 86.049462 VolCajasEmpacado 86.671981 Duracion[s] 60.028000 Iteraciones 672
0 4 0 0 0 0 73 73 36
1 4 0 73 0 0 146 73 36
2 4 0 146 0 0 219 73 36
3 4 0 219 0 0 292 73 36
4 4 0 292 0 0 365 73 36
5 4 0 365 0 0 438 73 36
6 4 0 438 0 0 511 73 36
7 4 0 511 0 0 584 73 36
8 4 0 0 73 0 73 146 36
9 4 0 73 73 0 146 146 36
10 4 0 146 73 0 219 146 36
11 4 0 219 73 0 292 146 36
12 4 0 292 73 0 365 146 36
13 4 0 365 73 0 438 146 36
14 4 0 438 73 0 511 146 36
15 4 0 511 73 0 584 146 36
16 4 0 0 146 0 73 219 36
17 4 0 73 146 0 146 219 36
18 4 0 146 146 0 219 219 36
19 4 0 219 146 0 292 219 36
20 4 0 292 146 0 365 219 36
21 4 0 365 146 0 438 219 36
22 4 0 438 146 0 511 219 36
23 4 0 511 146 0 584 219 36
24 2 0 0 0 36 73 33 93
25 2 0 0 33 36 73 66 93
26 2 0 0 66 36 73 99 93
27 2 0 0 99 36 73 132 93
28 2 0 0 132 36 73 165 93
29 2 0 0 165 36 73 198 93
30 2 0 0 198 36 73 231 93
31 2 0 0 0 93 73 33 150
32 2 0 0 33 93 73 66 150
33 2 0 0 66 93 73 99 150
34 2 0 0 99 93 73 132 150
35 2 0 0 132 93 73 165 150
36 2 0 0 165 93 73 198 150
37 2 0 0 198 93 73 231 150
38 2 0 0 0 150 73 33 207
39 2 0 0 33 150 73 66 207
40 2 0 0 66 150 73 99 207
41 2 0 0 99 150 73 132 207
42 2 0 0 132 150 73 165 207
43 2 0 0 165 150 73 198 207
44 2 0 0 198 150 73 231 207
45 0 0 73 0 36 145 35 62
46 0 0 73 0 62 145 35 88
47 0 0 73 0 88 145 35 114
48 0 0 73 0 114 145 35 140
49 0 0 73 0 140 145 35 166
50 0 0 73 0 166 145 35 192
51 0 0 73 0 192 145 35 218
52 6 0 73 35 36 126 103 80
53 6 0 73 103 36 126 171 80
54 6 0 73 35 80 126 103 124
55 6 0 73 103 80 126 171 124
56 6 0 73 35 124 126 103 168
57 6 0 73 103 124 126 171 168
58 6 0 73 35 168 126 103 212
59 6 0 73 103 168 126 171 212
60 0 0 73 171 36 145 206 62
61 0 0 73 171 62 145 206 88
62 0 0 73 171 88 145 206 114
63 0 0 73 171 114 145 206 140
64 0 0 73 171 140 145 206 166
65 0 0 73 171 166 145 206 192
66 0 0 73 171 192 145 206 218
67 0 0 73 206 36 145 232 71
68 0 0 73 206 71 145 232 106
69 0 0 73 206 106 145 232 141
70 0 0 73 206 141 145 232 176
71 0 0 73 206 176 145 232 211
72 7 0 126 35 36 191 84 83
73 7 0 191 35 36 256 84 83
74 7 0 256 35 36 321 84 83
75 7 0 321 35 36 386 84 83
76 7 0 386 35 36 451 84 83
77 7 0 451 35 36 516 84 83
78 7 0 516 35 36 581 84 83
79 7 0 126 84 36 191 133 83
80 7 0 191 84 36 256 133 83
81 7 0 256 84 36 321 133 83
82 7 0 321 84 36 386 133 83
83 7 0 386 84 36 451 133 83
84 7 0 451 84 36 516 133 83
85 7 0 516 84 36 581 133 83
86 6 0 126 35 83 194 88 127
87 6 0 194 35 83 262 88 127
88 6 0 262 35 83 330 88 127
89 6 0 330 35 83 398 88 127
90 6 0 126 88 83 194 141 127
91 6 0 194 88 83 262 141 127
92 6 0 262 88 83 330 141 127
93 6 0 330 88 83 398 141 127
94 6 0 126 35 127 194 88 171
95 6 0 194 35 127 262 88 171
96 6 0 262 35 127 330 88 171
97 6 0 330 35 127 398 88 171
98 6 0 126 88 127 194 141 171
99 6 0 194 88 127 262 141 171
100 6 0 262 88 127 330 141 171
101 6 0 330 88 127 398 141 171
102 6 0 126 35 171 194 88 215
103 6 0 194 35 171 262 88 215
104 6 0 262 35 171 330 88 215
105 6 0 330 35 171 398 88 215
106 6 0 126 88 171 194 141 215
107 6 0 194 88 171 262 141 215
108 6 0 262 88 171 330 141 215
109 6 0 330 88 171 398 141 215
110 0 0 126 141 36 198 167 71
111 0 0 126 141 71 198 167 106
112 0 0 126 141 106 198 167 141
113 0 0 126 141 141 198 167 176
114 0 0 126 141 176 198 167 211
115 1 0 398 0 83 424 87 132
116 1 0 424 0 83 450 87 132
117 1 0 450 0 83 476 87 132
118 1 0 476 0 83 502 87 132
119 1 0 502 0 83 528 87 132
120 1 0 528 0 83 554 87 132
121 1 0 554 0 83 580 87 132
122 3 0 145 0 36 225 35 101
123 3 0 145 0 101 225 35 166
124 7 0 145 167 36 194 232 83
125 5 0 145 167 83 220 207 151
126 5 0 145 167 151 220 207 219
127 1 0 145 0 166 232 26 215
128 1 0 145 207 83 232 233 132
129 1 0 145 207 132 232 233 181
130 1 0 198 141 36 285 167 85
131 1 0 398 0 132 424 87 181
132 1 0 424 0 132 450 87 181
133 1 0 450 0 132 476 87 181
134 1 0 476 0 132 502 87 181
135 1 0 502 0 132 528 87 181
136 1 0 528 0 132 554 87 181
137 1 0 554 0 132 580 87 181
138 1 0 198 141 85 285 167 134
139 1 0 198 141 134 285 167 183
140 1 0 220 141 183 307 190 209
141 3 0 398 0 181 463 80 216
142 3 0 232 0 36 312 35 101
143 3 0 232 0 101 312 35 166
144 5 0 232 190 36 307 230 104
145 2 0 232 190 104 305 223 161
146 2 0 232 190 161 305 223 218
147 3 0 463 0 181 528 80 216
148 3 0 307 141 36 342 221 101
149 3 0 342 141 36 377 221 101
150 3 0 377 141 36 412 221 101
151 3 0 412 141 36 447 221 101
152 3 0 447 141 36 482 221 101
153 3 0 482 141 36 517 221 101
154 3 0 517 141 36 552 221 101
155 3 0 552 141 36 587 221 101
156 3 0 307 141 101 342 221 166
157 3 0 342 141 101 377 221 166
158 3 0 377 141 101 412 221 166
159 3 0 412 141 101 447 221 166
160 3 0 447 141 101 482 221 166
161 3 0 482 141 101 517 221 166
162 3 0 517 141 101 552 221 166
163 3 0 552 141 101 587 221 166
164 6 0 307 141 166 351 209 219
165 2 0 312 0 36 385 33 93
166 2 0 312 0 93 385 33 150
167 2 0 312 0 150 385 33 207
168 6 0 351 141 166 419 185 219
169 7 0 351 185 166 416 232 215
170 7 0 416 185 166 481 232 215
171 7 0 481 185 166 546 232 215
172 5 0 398 87 83 473 127 151
173 5 0 398 87 151 473 127 219
174 7 0 419 127 166 484 176 213
175 7 0 484 127 166 549 176 213
176 5 0 473 87 83 548 127 151
177 5 0 473 87 151 548 127 219
