Utilizacion 83.952453 VolCajasEmpacado 84.829777 Duracion[s] 60.016000 Iteraciones 662
0 8 0 0 0 0 61 71 52
1 8 0 0 71 0 61 142 52
2 8 0 0 142 0 61 213 52
3 7 0 0 0 52 88 94 102
4 7 0 0 94 52 88 188 102
5 7 0 0 0 102 88 94 152
6 7 0 0 94 102 88 188 152
7 7 0 0 0 152 88 94 202
8 7 0 0 94 152 88 188 202
9 0 0 0 188 52 81 222 97
10 4 0 0 188 97 84 233 183
11 0 0 0 188 183 81 233 217
12 4 0 84 188 0 168 233 86
13 4 0 168 188 0 252 233 86
14 4 0 252 188 0 336 233 86
15 4 0 336 188 0 420 233 86
16 4 0 420 188 0 504 233 86
17 4 0 84 188 86 168 233 172
18 4 0 168 188 86 252 233 172
19 4 0 252 188 86 336 233 172
20 4 0 336 188 86 420 233 172
21 4 0 420 188 86 504 233 172
22 0 0 84 188 172 165 233 206
23 7 0 88 0 0 176 94 50
24 7 0 88 94 0 176 188 50
25 7 0 88 0 50 176 94 100
26 7 0 88 94 50 176 188 100
27 7 0 88 0 100 176 94 150
28 7 0 88 94 100 176 188 150
29 5 0 88 0 150 157 46 213
30 0 0 88 46 150 133 127 184
31 0 0 88 46 184 133 127 218
32 5 0 88 127 150 151 173 219
33 2 0 133 46 150 187 116 187
34 5 0 151 116 150 197 179 219
35 0 0 165 179 172 246 213 217
36 0 0 246 179 172 327 213 217
37 0 0 327 179 172 408 213 217
38 0 0 408 179 172 489 213 217
39 5 0 176 0 0 245 46 63
40 5 0 245 0 0 314 46 63
41 5 0 314 0 0 383 46 63
42 5 0 383 0 0 452 46 63
43 5 0 452 0 0 521 46 63
44 5 0 176 0 63 245 46 126
45 5 0 245 0 63 314 46 126
46 5 0 314 0 63 383 46 126
47 5 0 383 0 63 452 46 126
48 5 0 452 0 63 521 46 126
49 4 0 176 0 126 260 45 212
50 8 0 187 46 0 248 98 71
51 8 0 248 46 0 309 98 71
52 8 0 309 46 0 370 98 71
53 8 0 370 46 0 431 98 71
54 8 0 187 46 71 248 98 142
55 8 0 248 46 71 309 98 142
56 8 0 309 46 71 370 98 142
57 8 0 370 46 71 431 98 142
58 8 0 187 46 142 248 98 213
59 8 0 248 46 142 309 98 213
60 8 0 309 46 142 370 98 213
61 8 0 370 46 142 431 98 213
62 9 0 197 98 0 264 170 56
63 9 0 197 98 56 264 170 112
64 9 0 197 98 112 264 170 168
65 6 0 197 98 168 262 149 218
66 4 0 260 0 126 346 45 210
67 0 0 346 0 126 427 45 160
68 0 0 427 0 126 508 45 160
69 0 0 346 0 160 427 45 194
70 0 0 427 0 160 508 45 194
71 0 0 264 98 0 309 179 34
72 0 0 264 98 34 309 179 68
73 0 0 264 98 68 309 179 102
74 0 0 264 98 102 309 179 136
75 0 0 264 98 136 309 179 170
76 0 0 264 98 170 309 179 204
77 9 0 309 98 0 376 170 56
78 9 0 376 98 0 443 170 56
79 9 0 443 98 0 510 170 56
80 9 0 510 98 0 577 170 56
81 9 0 309 98 56 376 170 112
82 9 0 309 98 112 376 170 168
83 8 0 309 98 168 370 169 220
84 6 0 376 98 56 441 149 106
85 6 0 376 98 106 441 149 156
86 6 0 376 98 156 441 149 206
87 4 0 431 46 0 517 91 84
88 4 0 431 46 84 517 91 168
89 6 0 431 45 168 496 95 219
90 3 0 441 95 56 514 135 134
91 3 0 441 95 134 514 135 212
92 3 0 441 135 56 514 175 134
93 3 0 514 135 56 587 175 134
94 3 0 441 135 134 514 175 212
95 3 0 514 135 134 587 175 212
96 6 0 504 175 0 569 226 50
97 6 0 504 175 50 569 226 100
98 6 0 504 175 100 569 226 150
99 6 0 504 175 150 569 226 200
100 3 0 514 91 56 587 131 134
101 3 0 514 91 134 587 131 212
102 2 0 517 46 0 587 83 54
103 2 0 517 46 54 587 83 108
104 2 0 517 46 108 587 83 162
105 2 0 517 46 162 587 83 216
106 2 0 521 0 0 575 37 70
107 2 0 521 0 70 575 37 140
108 2 0 521 0 140 575 37 210
