Utilizacion 79.763546 VolCajasEmpacado 81.623850 Duracion[s] 60.013000 Iteraciones 3585
0 1 0 0 0 0 102 65 69
1 1 0 0 0 69 102 65 138
2 1 0 0 0 138 102 65 207
3 2 0 0 65 0 50 117 54
4 2 0 0 117 0 50 169 54
5 2 0 0 169 0 50 221 54
6 0 0 0 65 54 52 127 113
7 0 0 0 127 54 52 189 113
8 1 0 0 65 113 65 134 215
9 2 0 0 134 113 50 188 165
10 2 0 0 134 165 50 188 217
11 5 1 52 134 0 121 199 102
12 5 1 52 134 102 121 199 204
13 4 1 65 65 0 124 127 52
14 4 1 65 65 52 124 127 104
15 4 1 65 65 104 124 127 156
16 3 1 65 65 156 115 119 208
17 3 1 102 0 0 152 54 52
18 8 2 102 0 52 171 65 154
19 7 2 102 0 154 164 59 206
20 7 2 121 127 0 183 179 59
21 7 2 121 179 0 183 231 59
22 8 2 121 127 59 190 229 124
23 7 2 121 127 124 183 179 183
24 7 2 121 179 124 183 231 183
25 6 2 124 65 0 176 115 54
26 8 2 171 0 0 273 65 69
27 8 2 273 0 0 375 65 69
28 8 2 171 0 69 273 65 138
29 8 2 273 0 69 375 65 138
30 8 2 171 0 138 273 65 207
31 8 2 273 0 138 375 65 207
32 10 3 124 65 54 176 127 113
33 10 3 124 65 113 186 117 172
34 10 3 186 65 0 238 127 59
35 10 3 186 65 59 238 127 118
36 10 3 186 65 118 238 127 177
37 11 3 190 127 0 255 229 69
38 11 3 190 127 69 255 229 138
39 11 3 190 127 138 255 229 207
40 9 3 238 65 0 290 119 50
41 9 3 238 65 50 290 119 100
42 9 3 238 65 100 290 119 150
43 11 3 255 119 0 324 221 65
44 11 3 324 119 0 393 221 65
45 11 3 255 119 65 324 221 130
46 11 3 324 119 65 393 221 130
47 11 3 255 119 130 324 221 195
48 11 3 324 119 130 393 221 195
49 14 4 238 65 150 290 115 204
50 14 4 290 65 0 342 115 54
51 13 4 290 65 54 349 117 116
52 12 4 375 0 0 444 65 102
53 12 4 375 0 102 444 65 204
54 15 5 290 65 116 342 119 166
55 16 5 349 65 0 411 117 59
56 16 5 411 65 0 473 117 59
57 16 5 473 65 0 535 117 59
58 16 5 349 65 59 411 117 118
59 16 5 349 65 118 411 117 177
60 17 5 411 65 59 513 130 128
61 17 5 411 65 128 513 130 197
62 17 5 393 130 0 462 195 102
63 17 5 393 130 102 462 195 204
64 20 6 444 0 0 513 65 102
65 20 6 513 0 0 582 65 102
66 20 6 444 0 102 513 65 204
67 20 6 513 0 102 582 65 204
68 18 6 462 130 0 516 182 50
69 18 6 462 130 50 516 182 100
70 18 6 462 130 100 516 180 152
71 18 6 462 130 152 516 180 204
72 18 6 462 182 0 516 232 52
73 19 6 516 117 0 575 169 62
74 21 7 462 182 52 516 232 104
75 21 7 462 182 104 516 232 156
76 21 7 462 182 156 516 232 208
77 21 7 516 169 0 570 219 52
78 22 7 516 169 52 568 231 111
79 21 7 535 65 0 585 117 54
80 21 7 535 65 54 585 117 108
81 21 7 535 65 108 585 117 162
82 21 7 535 65 162 585 117 216
83 21 7 516 117 62 570 167 114
84 21 7 516 117 114 570 167 166
85 23 7 516 167 111 585 232 213
