Utilizacion 72.293715 VolCajasEmpacado 73.198818 Duracion[s] 60.004000 Iteraciones 2478
0 1 0 0 0 0 43 66 72
1 1 0 0 0 72 43 66 144
2 1 0 0 0 144 43 66 216
3 2 0 0 66 0 55 186 46
4 1 0 0 186 0 72 229 66
5 3 0 0 66 46 84 120 95
6 3 0 0 120 46 84 174 95
7 5 0 0 66 95 62 158 129
8 4 0 0 66 129 63 115 199
9 0 0 0 174 66 80 222 105
10 5 0 0 115 129 92 177 163
11 6 1 0 177 105 120 232 151
12 6 1 0 177 151 120 232 197
13 10 1 0 115 163 80 163 202
14 7 1 43 0 0 92 63 70
15 8 1 43 0 70 115 66 113
16 11 1 43 0 113 135 62 147
17 11 1 43 0 147 135 62 181
18 11 1 43 0 181 135 62 215
19 10 1 84 66 0 164 114 39
20 9 1 84 66 39 173 108 109
21 6 1 63 66 109 183 112 164
22 14 2 63 62 164 183 108 219
23 12 2 92 114 0 184 176 34
24 16 2 92 114 34 162 163 97
25 15 2 92 112 97 176 166 146
26 15 2 92 112 146 176 166 195
27 13 2 120 176 0 209 218 70
28 13 2 120 176 70 209 218 140
29 13 2 120 176 140 209 218 210
30 24 3 135 0 0 227 34 62
31 24 3 135 0 62 227 34 124
32 24 3 135 0 124 227 34 186
33 18 3 183 34 0 232 104 63
34 18 3 183 34 63 232 104 126
35 19 3 183 34 126 232 88 210
36 22 3 184 104 0 273 174 42
37 22 3 273 104 0 362 174 42
38 20 3 176 112 42 296 167 88
39 23 3 176 112 88 290 159 130
40 23 3 176 112 130 290 159 172
41 23 3 176 112 172 290 159 214
42 17 3 209 174 0 289 222 39
43 17 3 209 174 39 289 222 78
44 17 3 209 174 78 289 222 117
45 21 3 209 159 117 252 231 183
46 25 4 227 0 0 319 34 62
47 25 4 319 0 0 411 34 62
48 31 4 232 0 62 295 49 132
49 31 4 232 0 132 295 49 202
50 28 4 252 159 117 295 231 183
51 29 4 232 49 0 352 104 46
52 29 4 232 49 46 352 104 92
53 28 4 232 49 92 304 92 158
54 28 4 304 49 92 376 92 158
55 30 4 232 49 158 316 98 212
56 26 4 295 0 62 375 48 101
57 27 4 295 0 101 384 42 171
58 36 5 295 0 171 409 47 213
59 34 5 316 47 158 400 96 212
60 37 5 295 174 0 375 222 39
61 38 5 296 104 42 385 174 84
62 38 5 296 104 84 385 174 126
63 38 5 296 104 126 385 174 168
64 34 5 290 98 168 374 152 217
65 33 5 295 174 39 365 223 102
66 37 5 295 152 168 375 191 216
67 36 5 295 191 102 409 233 149
68 32 5 295 191 149 387 225 211
69 35 5 385 96 0 428 162 72
70 35 5 428 96 0 471 162 72
71 35 5 471 96 0 514 162 72
72 32 5 385 96 72 477 158 106
73 32 5 385 96 106 477 158 140
74 36 5 385 96 140 499 143 182
75 36 5 400 47 0 514 94 42
76 39 6 375 96 182 467 158 216
77 44 6 400 47 42 484 96 96
78 41 6 400 47 96 514 89 143
79 40 6 400 47 143 480 95 182
80 45 6 409 162 0 472 232 49
81 41 6 409 162 49 523 209 91
82 42 6 409 158 91 498 228 133
83 42 6 409 158 133 498 228 175
84 42 6 409 158 175 498 228 217
85 43 6 411 0 0 531 46 55
86 48 7 411 0 55 531 46 110
87 48 7 409 0 110 529 46 165
88 48 7 409 0 165 529 46 220
89 49 7 480 46 143 546 89 215
90 46 7 498 143 91 547 227 145
91 46 7 498 143 145 547 227 199
92 47 7 514 89 0 584 138 63
93 47 7 514 89 63 584 138 126
94 47 7 514 89 126 584 138 189
95 51 7 547 138 0 581 230 62
96 51 7 547 138 62 581 230 124
97 51 7 547 138 124 581 230 186
