Utilizacion 76.279388 VolCajasEmpacado 77.578196 Duracion[s] 60.019000 Iteraciones 1770
0 3 0 0 0 0 78 48 73
1 3 0 0 0 73 78 48 146
2 3 0 0 0 146 78 48 219
3 6 0 0 48 0 54 123 35
4 6 0 0 48 35 54 123 70
5 6 0 0 48 70 54 123 105
6 6 0 0 48 105 54 123 140
7 6 0 0 48 140 54 123 175
8 6 0 0 48 175 54 123 210
9 2 0 0 123 0 49 230 60
10 2 0 0 123 60 49 230 120
11 2 0 0 123 120 60 230 169
12 2 0 0 123 169 60 230 218
13 5 0 54 48 0 121 118 42
14 5 0 54 48 42 121 118 84
15 0 0 54 48 84 132 109 111
16 0 0 54 48 111 132 109 138
17 0 0 54 48 138 132 109 165
18 0 0 54 48 165 132 109 192
19 0 0 54 48 192 132 109 219
20 7 0 60 118 0 147 227 32
21 7 0 60 118 32 147 227 64
22 7 0 60 118 64 147 227 96
23 1 0 60 109 96 147 200 121
24 1 0 60 109 121 147 200 146
25 1 0 60 109 146 147 200 171
26 4 0 60 109 171 131 187 215
27 6 0 78 0 0 153 35 54
28 3 0 78 0 54 151 48 132
29 0 0 132 48 0 210 109 27
30 13 1 78 0 132 151 48 210
31 9 1 132 48 27 210 109 54
32 9 1 132 48 54 210 109 81
33 9 1 132 48 81 210 109 108
34 9 1 132 48 108 210 109 135
35 14 1 132 48 135 239 108 184
36 8 1 132 48 184 219 139 209
37 8 1 147 139 0 234 230 25
38 8 1 147 139 25 238 226 50
39 8 1 147 139 50 234 230 75
40 8 1 147 139 75 234 230 100
41 8 1 147 139 100 234 230 125
42 11 1 147 139 125 189 209 192
43 11 1 189 139 125 231 209 192
44 11 1 153 0 0 223 42 67
45 11 1 153 0 67 223 42 134
46 13 1 151 0 134 224 48 212
47 13 1 224 0 0 302 48 73
48 13 1 224 0 73 302 48 146
49 12 1 224 0 146 302 44 217
50 14 1 238 108 0 345 168 49
51 14 1 345 108 0 452 168 49
52 14 1 238 168 0 345 228 49
53 14 1 345 168 0 452 228 49
54 10 1 238 108 49 325 217 81
55 10 1 238 108 81 325 217 113
56 10 1 238 108 113 325 217 145
57 20 2 131 139 192 209 200 219
58 15 2 231 108 145 338 157 205
59 15 2 231 157 145 338 206 205
60 16 2 239 48 0 317 96 73
61 16 2 239 48 73 317 96 146
62 16 2 239 48 146 317 96 219
63 17 2 302 0 0 373 44 78
64 17 2 373 0 0 444 44 78
65 17 2 444 0 0 515 44 78
66 17 2 515 0 0 586 44 78
67 16 2 302 0 78 375 48 156
68 22 2 302 0 156 377 35 210
69 17 2 317 48 0 388 92 78
70 22 2 317 48 78 392 83 132
71 22 2 317 48 132 392 83 186
72 20 2 317 35 186 395 96 213
73 19 2 338 96 49 425 205 81
74 18 2 338 96 81 408 138 148
75 18 2 338 96 148 408 138 215
76 22 2 338 138 81 373 213 135
77 22 2 373 138 81 408 213 135
78 22 2 338 138 135 373 213 189
79 22 2 373 138 135 408 213 189
80 21 2 338 138 189 425 229 214
81 22 2 377 0 78 452 35 132
82 20 2 395 0 132 473 61 159
83 21 2 395 0 159 482 91 184
84 21 2 395 0 184 482 91 209
85 19 2 452 91 0 539 200 32
86 19 2 452 91 32 539 200 64
87 24 3 425 91 64 532 151 113
88 24 3 425 151 64 532 211 113
89 24 3 425 91 113 532 151 162
90 24 3 425 151 113 532 211 162
91 24 3 425 91 162 532 151 211
92 24 3 425 151 162 532 211 211
93 26 3 482 0 78 549 70 120
94 26 3 482 0 120 549 70 162
95 26 3 482 0 162 549 70 204
96 27 3 549 0 78 584 75 132
97 25 3 539 75 0 587 148 78
98 25 3 539 148 0 587 221 78
99 25 3 539 75 78 587 148 156
100 25 3 539 148 78 587 221 156
101 24 3 532 70 156 581 177 216
