Utilizacion 78.486874 VolCajasEmpacado 79.562721 Duracion[s] 60.005000 Iteraciones 2903
0 0 0 0 0 0 40 68 52
1 0 0 0 68 0 40 136 52
2 0 0 0 136 0 40 204 52
3 2 0 0 0 52 68 99 75
4 2 0 0 0 75 68 99 98
5 2 0 0 0 98 68 99 121
6 2 0 0 0 121 68 99 144
7 2 0 0 0 144 68 99 167
8 2 0 0 0 167 68 99 190
9 2 0 0 0 190 68 99 213
10 1 0 0 99 52 61 200 118
11 2 0 0 99 118 68 198 141
12 4 1 0 99 141 40 151 209
13 4 1 0 151 141 40 203 209
14 4 1 40 99 141 80 151 209
15 4 1 40 151 141 80 219 193
16 5 1 68 0 0 134 61 101
17 5 1 68 0 101 134 61 202
18 4 1 80 61 0 120 113 68
19 4 1 80 113 0 120 165 68
20 4 1 80 165 0 120 217 68
21 4 1 80 61 68 148 101 120
22 3 1 80 101 68 148 200 91
23 3 1 80 101 91 148 200 114
24 3 1 80 101 114 148 200 137
25 3 1 80 101 137 148 200 160
26 7 2 80 61 120 148 101 172
27 8 2 80 61 172 179 129 195
28 8 2 80 61 195 179 129 218
29 7 2 80 129 160 148 169 212
30 7 2 80 169 160 148 209 212
31 6 2 134 0 0 235 61 66
32 6 2 134 0 66 235 61 132
33 6 2 134 0 132 235 61 198
34 6 2 148 129 0 214 190 101
35 6 2 148 129 101 214 190 202
36 8 2 179 61 0 278 129 23
37 8 2 179 61 23 278 129 46
38 6 2 179 61 46 280 122 112
39 6 2 179 61 112 280 127 173
40 10 3 148 190 0 216 230 52
41 10 3 216 190 0 284 230 52
42 10 3 148 190 52 216 230 104
43 10 3 216 190 52 284 230 104
44 10 3 148 190 104 216 230 156
45 10 3 216 190 104 284 230 156
46 10 3 148 190 156 216 230 208
47 10 3 216 190 156 284 230 208
48 9 3 179 61 173 278 129 196
49 9 3 179 61 196 278 129 219
50 11 3 214 129 0 280 190 101
51 11 3 214 129 101 280 190 202
52 11 3 235 0 0 336 61 66
53 11 3 235 0 66 336 61 132
54 11 3 235 0 132 336 61 198
55 9 3 280 61 0 379 129 23
56 9 3 280 61 23 379 129 46
57 9 3 280 61 46 379 129 69
58 9 3 280 61 69 379 129 92
59 14 4 280 129 0 381 190 66
60 14 4 280 129 66 381 190 132
61 14 4 280 129 132 381 190 198
62 13 4 280 61 92 320 113 160
63 13 4 320 61 92 360 113 160
64 13 4 280 61 160 332 129 200
65 13 4 284 190 0 336 230 68
66 13 4 284 190 68 336 230 136
67 13 4 284 190 136 336 230 204
68 13 4 332 61 160 372 129 212
69 14 4 336 0 0 402 61 101
70 13 4 336 190 0 404 230 52
71 14 4 336 0 101 402 61 202
72 12 4 379 61 0 478 129 23
73 12 4 379 61 23 478 129 46
74 12 4 379 61 46 478 129 69
75 12 4 379 61 69 478 129 92
76 12 4 379 61 92 478 129 115
77 17 5 336 190 52 388 230 120
78 17 5 336 190 120 404 230 172
79 16 5 372 61 115 438 122 216
80 17 5 381 129 0 449 181 40
81 17 5 381 129 40 449 181 80
82 17 5 381 129 80 449 181 120
83 17 5 381 129 120 449 181 160
84 15 5 381 122 160 480 190 183
85 15 5 381 122 183 480 190 206
86 16 5 402 0 0 503 61 66
87 16 5 402 0 66 503 61 132
88 16 5 402 0 132 503 61 198
89 19 6 404 190 0 472 230 52
90 19 6 404 190 52 472 230 104
91 19 6 404 190 104 472 230 156
92 19 6 404 190 156 472 230 208
93 19 6 438 61 115 478 113 183
94 19 6 472 190 0 540 230 52
95 20 6 478 61 0 579 122 66
96 20 6 478 61 66 579 122 132
97 20 6 478 61 132 579 122 198
98 18 6 480 122 0 579 190 23
99 18 6 480 122 23 579 190 46
100 18 6 480 122 46 579 190 69
101 18 6 480 122 69 579 190 92
102 18 6 480 122 92 579 190 115
103 18 6 480 122 115 579 190 138
104 18 6 480 122 138 579 190 161
105 18 6 480 122 161 579 190 184
106 21 7 480 122 184 548 221 207
107 23 7 503 0 0 569 61 101
108 23 7 503 0 101 569 61 202
