Utilizacion 68.278669 VolCajasEmpacado 68.792032 Duracion[s] 60.018000 Iteraciones 3667
0 1 0 0 0 0 91 76 60
1 0 0 0 76 0 73 151 69
2 2 1 0 151 0 60 227 91
3 3 1 0 0 60 90 52 88
4 5 2 0 0 88 107 56 169
5 4 2 0 56 69 69 131 142
6 7 3 0 0 169 66 56 209
7 7 3 66 0 169 132 56 209
8 8 3 0 56 142 69 129 217
9 6 3 0 131 91 28 221 143
10 9 4 0 129 143 54 157 188
11 10 5 0 157 143 28 230 176
12 10 5 0 157 176 28 230 209
13 11 5 28 157 91 69 208 155
14 13 6 28 157 155 92 198 206
15 12 6 69 198 0 159 226 52
16 14 7 69 198 52 159 226 104
17 15 7 73 76 0 129 142 40
18 20 8 69 198 104 159 226 156
19 20 8 28 198 156 118 226 208
20 18 8 73 76 40 129 157 147
21 21 8 54 129 147 108 157 192
22 17 8 69 56 147 144 129 216
23 16 8 92 157 0 148 197 66
24 19 8 92 157 66 156 198 117
25 22 9 92 157 117 146 185 162
26 23 9 92 157 162 182 185 214
27 24 9 132 0 0 239 56 81
28 25 10 118 185 156 146 230 210
29 26 10 132 0 81 198 56 121
30 28 11 129 129 0 219 157 52
31 28 11 129 129 52 219 157 104
32 28 11 129 129 104 219 157 156
33 27 11 108 129 156 181 157 189
34 29 11 132 0 121 198 56 161
35 30 11 144 56 0 251 112 81
36 31 12 132 0 161 196 41 212
37 33 12 144 41 161 217 69 194
38 32 12 144 69 81 234 97 133
39 35 13 144 69 133 234 121 161
40 34 13 144 69 161 217 97 194
41 36 13 182 157 0 251 232 73
42 36 13 182 157 73 255 232 142
43 38 14 144 97 161 189 125 215
44 37 14 159 185 142 232 213 175
45 37 14 159 185 175 232 213 208
46 39 14 189 97 161 253 138 212
47 40 14 239 0 0 346 56 81
48 41 14 253 56 0 329 147 60
49 42 15 182 138 156 227 166 210
50 43 15 232 138 142 260 228 194
51 44 16 253 56 60 309 137 167
52 45 16 260 147 0 351 223 60
53 47 17 198 0 81 249 41 145
54 48 17 198 0 145 254 40 211
55 46 17 254 0 81 335 56 188
56 49 18 254 0 188 299 54 216
57 50 18 217 56 167 307 84 219
58 49 18 253 84 167 298 138 195
59 53 19 260 138 60 336 229 120
60 53 19 260 138 120 320 229 196
61 51 19 307 0 188 359 90 216
62 52 19 329 90 0 393 131 51
63 54 20 309 90 60 337 135 114
64 56 20 309 90 114 365 130 180
65 55 20 320 130 120 348 220 172
66 57 20 351 131 0 427 222 60
67 58 21 298 90 180 371 118 213
68 60 21 320 130 172 371 194 213
69 59 21 348 194 60 438 222 112
70 58 21 348 194 112 421 222 145
71 61 22 359 0 0 428 73 75
72 62 23 320 194 172 374 222 217
73 63 23 359 0 75 400 51 139
74 63 23 359 0 139 400 51 203
75 62 23 359 51 75 404 79 129
76 65 24 359 51 129 449 79 181
77 64 24 359 51 181 432 79 214
78 66 24 400 0 75 456 40 141
79 64 24 393 79 0 466 112 28
80 68 25 400 0 141 441 51 205
81 67 25 393 79 28 459 119 84
82 67 25 393 79 84 459 119 140
83 67 25 393 79 140 459 119 196
84 73 26 441 0 141 469 45 195
85 70 26 371 119 60 444 194 129
86 71 26 371 119 129 447 179 220
87 69 26 374 179 145 415 230 209
88 72 26 444 179 0 500 219 66
89 72 26 444 179 66 510 219 122
90 72 26 444 179 122 510 219 178
91 74 27 415 179 178 505 231 206
92 75 27 447 119 0 513 175 40
93 75 27 447 119 40 513 175 80
94 75 27 447 119 80 513 175 120
95 76 28 447 119 120 501 164 148
96 77 28 447 119 148 513 159 204
97 76 28 449 45 0 494 73 54
98 80 29 449 45 54 539 73 106
99 79 29 459 45 106 510 86 170
100 79 29 459 45 170 510 109 211
101 78 29 469 0 0 535 40 56
102 83 30 469 0 56 520 41 120
103 81 30 469 0 120 523 45 148
104 82 30 469 0 148 525 40 214
105 84 31 510 73 0 583 106 28
106 85 31 510 45 106 566 85 172
107 86 31 513 106 0 573 197 76
108 88 32 510 175 76 574 216 127
109 89 32 510 159 127 586 219 218
110 87 32 513 40 172 565 130 200
