Utilizacion 74.164622 VolCajasEmpacado 75.045423 Duracion[s] 60.018000 Iteraciones 937
0 14 0 0 0 0 79 51 29
1 14 0 0 51 0 79 102 29
2 14 0 0 102 0 79 153 29
3 14 0 0 153 0 79 204 29
4 14 0 0 0 29 79 51 58
5 14 0 0 51 29 79 102 58
6 13 0 0 204 0 89 230 42
7 10 0 0 0 58 45 35 106
8 10 0 0 0 106 45 35 154
9 10 0 0 0 154 45 35 202
10 1 0 0 102 29 108 171 113
11 1 0 0 102 113 108 171 197
12 18 0 0 171 29 91 202 74
13 18 0 0 171 74 91 202 119
14 18 0 0 171 119 91 202 164
15 18 0 0 171 164 91 202 209
16 17 0 0 202 42 116 232 84
17 17 0 0 202 84 116 232 126
18 17 0 0 202 126 116 232 168
19 18 0 0 202 168 91 233 213
20 3 0 0 35 58 82 95 138
21 3 0 0 35 138 82 95 218
22 12 0 0 95 197 53 151 217
23 16 0 45 0 58 86 30 103
24 10 0 45 0 103 93 35 148
25 19 0 45 0 148 135 35 184
26 19 0 45 0 184 135 35 220
27 12 0 53 95 197 106 151 217
28 4 0 82 35 0 154 82 79
29 4 0 82 35 79 154 82 158
30 9 0 82 35 158 150 75 209
31 18 0 91 171 0 182 202 45
32 5 0 108 82 0 226 128 66
33 5 0 108 82 66 226 128 132
34 5 0 108 82 132 226 128 198
35 12 0 106 75 198 162 128 218
36 6 0 116 128 45 158 219 123
37 6 0 116 128 123 158 219 201
38 9 0 154 0 0 222 40 51
39 8 0 154 0 51 231 71 92
40 9 0 154 0 92 194 68 143
41 9 0 194 0 92 234 68 143
42 8 0 154 0 143 225 41 220
43 7 0 158 128 0 242 170 78
44 8 0 162 41 143 239 82 214
45 3 0 158 128 78 240 208 138
46 3 0 158 128 138 240 208 198
47 2 0 239 0 0 323 62 80
48 2 0 239 62 0 323 124 80
49 2 0 239 0 80 323 62 160
50 2 0 239 62 80 323 124 160
51 11 0 239 0 160 317 117 199
52 0 0 242 124 0 323 225 24
53 0 0 323 124 0 404 225 24
54 0 0 404 124 0 485 225 24
55 15 0 242 124 24 314 218 53
56 15 0 242 124 53 314 218 82
57 11 0 240 124 82 357 202 121
58 11 0 240 124 121 357 202 160
59 38 1 158 128 198 214 181 218
60 38 1 214 82 199 270 135 219
61 38 1 239 0 199 295 53 219
62 36 1 240 202 82 329 228 124
63 36 1 240 202 124 329 228 166
64 32 1 240 135 160 356 177 190
65 32 1 240 135 190 356 177 220
66 35 1 240 177 166 319 228 195
67 38 1 270 53 199 323 109 219
68 38 1 240 177 195 293 233 215
69 23 1 323 0 0 369 118 66
70 23 1 369 0 0 415 118 66
71 23 1 415 0 0 461 118 66
72 23 1 461 0 0 507 118 66
73 33 1 329 177 160 370 222 190
74 33 1 329 177 190 370 222 220
75 21 1 323 0 66 383 80 148
76 21 1 383 0 66 443 80 148
77 21 1 443 0 66 503 80 148
78 32 1 323 0 148 353 116 190
79 32 1 353 0 148 383 116 190
80 38 1 317 0 190 373 53 210
81 35 1 323 53 190 374 132 219
82 29 1 357 132 24 405 177 59
83 29 1 405 132 24 453 177 59
84 29 1 453 132 24 501 177 59
85 20 1 383 0 148 491 84 217
86 29 1 357 132 59 392 177 107
87 29 1 392 132 59 427 177 107
88 29 1 427 132 59 462 177 107
89 29 1 462 132 59 497 177 107
90 24 1 357 132 107 448 174 185
91 31 1 356 132 185 447 177 216
92 37 1 448 84 107 529 185 131
93 37 1 448 84 131 529 185 155
94 37 1 448 84 155 529 185 179
95 37 1 448 84 179 529 185 203
96 26 1 370 177 24 447 218 95
97 26 1 370 177 95 447 218 166
98 27 1 370 177 166 438 217 217
99 22 1 447 185 24 519 232 103
100 22 1 447 185 103 519 232 182
101 30 1 438 185 182 528 220 218
102 22 1 507 0 0 579 79 47
103 26 1 507 0 47 548 77 118
104 22 1 503 0 118 575 79 165
105 22 1 503 0 165 575 79 212
106 30 1 529 79 0 564 169 36
107 30 1 529 79 36 564 169 72
108 38 1 529 79 72 585 132 92
109 24 1 529 79 92 571 170 170
