Utilizacion 73.832013 VolCajasEmpacado 74.831915 Duracion[s] 60.002000 Iteraciones 12072
0 1 0 0 0 0 78 37 69
1 0 0 0 0 69 90 58 184
2 2 1 0 58 0 71 177 47
3 3 2 0 177 0 119 224 71
4 4 3 0 0 184 68 53 204
5 5 3 0 58 47 57 158 129
6 6 4 0 58 129 100 140 186
7 7 5 0 158 71 115 216 161
8 8 6 0 53 186 68 106 206
9 9 6 0 140 161 100 222 218
10 9 6 90 0 0 190 57 82
11 11 7 90 0 82 172 57 182
12 10 7 90 0 182 158 53 202
13 12 8 100 57 0 219 128 47
14 13 9 100 57 47 200 139 104
15 14 10 68 53 186 121 121 206
16 15 10 119 139 0 238 186 71
17 16 11 121 57 104 189 110 124
18 18 12 121 57 124 240 128 171
19 17 12 119 186 0 197 223 69
20 19 13 119 186 69 238 233 140
21 20 13 190 0 0 272 57 100
22 21 14 115 139 71 193 176 140
23 22 14 121 57 171 240 128 218
24 23 14 172 0 100 254 57 200
25 24 14 238 128 0 328 186 115
26 26 15 193 128 115 312 175 186
27 25 15 115 128 140 193 197 177
28 27 16 158 0 200 226 53 220
29 28 16 238 186 0 357 233 71
30 29 17 193 175 140 261 228 160
31 29 17 193 175 160 261 228 180
32 30 17 240 57 0 322 114 100
33 32 18 240 57 100 330 115 215
34 31 18 272 0 0 372 57 82
35 31 18 272 0 82 354 57 182
36 33 19 261 186 71 380 233 142
37 34 20 328 115 0 410 172 100
38 34 20 410 115 0 492 172 100
39 35 21 328 115 100 418 173 215
40 35 21 330 57 0 445 115 90
41 36 22 330 57 90 430 114 172
42 37 23 261 175 142 380 222 213
43 38 23 380 173 0 495 231 90
44 39 24 254 0 182 322 53 202
45 41 24 418 114 100 537 161 171
46 40 24 372 0 0 450 37 69
47 42 25 372 0 69 450 37 138
48 43 25 354 0 138 454 57 220
49 44 25 380 173 90 470 231 205
50 45 26 330 57 172 398 110 192
51 46 27 330 57 192 398 110 212
52 47 27 445 57 0 564 104 71
53 47 27 445 57 71 564 104 142
54 47 27 445 57 142 564 104 213
55 48 28 430 104 171 508 173 208
56 49 28 454 0 0 573 47 71
57 49 28 454 0 71 573 47 142
58 50 28 495 173 0 577 230 100
59 53 29 454 0 142 573 47 213
60 51 29 470 173 100 560 231 215
