Utilizacion 64.657812 VolCajasEmpacado 65.452783 Duracion[s] 60.010000 Iteraciones 3683
0 0 0 0 0 0 79 31 42
1 1 1 0 31 0 42 110 31
2 4 1 0 0 42 76 56 80
3 3 1 0 110 0 31 173 55
4 2 1 0 173 0 77 215 76
5 5 2 0 56 31 79 92 52
6 8 3 0 56 52 68 106 92
7 7 3 0 0 80 79 21 116
8 6 3 0 21 92 93 95 112
9 10 4 0 0 116 120 23 159
10 9 4 0 0 159 79 36 180
11 12 4 0 36 112 72 93 209
12 11 4 31 110 0 99 172 26
13 13 5 0 0 180 79 36 201
14 14 5 31 110 26 99 172 52
15 16 5 31 106 52 107 148 129
16 15 5 0 148 76 31 227 118
17 20 6 0 148 118 21 227 154
18 20 6 0 148 154 21 227 190
19 19 6 0 93 129 120 136 152
20 19 6 0 93 152 120 116 195
21 19 6 0 116 152 120 139 195
22 21 6 31 148 76 87 224 114
23 18 6 31 148 114 73 225 190
24 17 6 87 172 0 152 215 63
25 22 7 0 93 195 120 136 218
26 24 7 87 148 63 130 213 126
27 23 7 73 148 126 135 216 152
28 25 8 73 139 152 147 232 172
29 26 8 73 139 172 136 194 203
30 27 8 93 23 0 190 80 72
31 33 9 73 194 172 152 225 214
32 32 9 79 0 159 155 38 215
33 30 9 93 38 72 158 81 135
34 31 9 72 38 135 148 80 212
35 29 9 120 81 0 217 138 72
36 28 9 147 81 72 221 174 92
37 36 10 120 81 92 183 136 123
38 34 10 120 81 123 240 124 146
39 35 10 120 80 146 199 111 188
40 38 11 120 80 188 199 122 219
41 38 11 147 136 92 226 178 123
42 37 11 152 178 0 260 218 71
43 42 12 152 178 71 215 221 136
44 40 12 147 124 123 226 166 154
45 43 12 147 122 154 244 194 211
46 39 12 152 194 136 231 230 157
47 39 12 152 194 157 231 215 193
48 41 12 158 0 72 200 77 148
49 44 13 155 0 148 223 62 174
50 45 13 155 0 174 232 76 216
51 46 14 199 77 146 275 115 202
52 47 14 232 0 0 274 77 76
53 47 14 274 0 0 316 77 76
54 49 15 232 0 76 311 42 107
55 50 15 232 0 107 308 77 149
56 48 15 232 0 149 325 74 169
57 56 16 232 0 169 287 63 200
58 56 16 287 0 169 342 63 200
59 52 16 244 115 0 309 178 43
60 53 16 244 115 43 294 155 111
61 55 16 244 155 43 364 178 86
62 54 16 244 115 111 286 194 142
63 51 16 244 115 142 284 223 213
64 57 17 275 77 0 338 108 55
65 58 17 275 77 55 351 115 111
66 59 17 286 178 0 363 220 76
67 59 17 286 155 86 362 197 163
68 60 17 286 77 111 358 134 208
69 63 18 232 0 200 325 74 220
70 62 18 284 197 76 363 233 97
71 61 18 284 134 163 334 202 203
72 61 18 334 134 163 374 202 213
73 64 19 342 0 0 435 74 20
74 64 19 435 0 0 528 74 20
75 64 19 342 0 20 435 74 40
76 65 19 342 0 40 399 72 137
77 65 19 342 0 137 439 72 194
78 66 20 358 74 0 434 130 38
79 67 20 358 74 38 430 131 135
80 68 21 342 0 194 435 74 214
81 69 21 358 74 135 408 114 203
82 70 21 408 74 135 450 150 212
83 69 21 374 150 0 424 218 40
84 71 22 374 150 40 437 193 105
85 73 22 374 150 105 412 226 161
86 72 22 374 150 161 414 218 211
87 74 23 414 150 105 452 226 161
88 75 24 439 0 20 559 43 43
89 76 25 439 0 43 547 71 83
90 78 26 414 150 161 435 229 197
91 79 26 435 150 161 466 229 203
92 81 26 439 0 83 511 57 180
93 81 26 511 0 83 583 57 180
94 80 26 439 0 180 515 56 218
95 77 26 450 74 0 543 148 20
96 77 26 450 74 20 543 148 40
97 83 27 450 71 40 488 147 96
98 85 27 450 57 96 507 129 193
99 82 27 450 56 193 518 118 219
100 84 27 466 148 0 509 211 65
101 87 28 466 147 65 534 187 115
102 87 28 466 187 65 534 227 115
103 86 28 515 0 180 578 55 211
104 88 28 466 129 115 523 226 187
105 89 29 543 71 0 583 179 71
106 89 29 534 71 71 574 179 142
107 90 30 466 129 187 540 222 207
108 91 30 540 57 142 582 133 219
109 91 30 540 133 142 582 209 219
