Utilizacion 67.185780 VolCajasEmpacado 68.106325 Duracion[s] 60.005000 Iteraciones 2517
0 4 0 0 0 0 100 50 73
1 4 0 0 0 73 100 50 146
2 4 0 0 0 146 100 50 219
3 5 0 0 50 0 76 134 44
4 5 0 0 134 0 76 218 44
5 2 0 0 50 44 111 111 106
6 2 0 0 111 44 111 172 106
7 9 0 0 50 106 118 87 144
8 10 0 0 172 44 75 230 80
9 0 0 0 172 80 28 233 126
10 7 0 0 87 106 76 138 147
11 11 0 0 50 147 34 150 203
12 12 0 0 150 126 37 196 160
13 13 0 0 150 160 33 187 214
14 4 0 34 50 147 107 150 197
15 1 0 34 50 197 129 162 217
16 8 0 37 172 80 113 210 118
17 3 0 37 162 118 117 213 193
18 6 0 100 0 0 218 42 54
19 20 1 100 0 54 175 36 112
20 20 1 175 0 54 250 36 112
21 22 1 100 0 112 134 37 158
22 23 1 100 0 158 161 46 186
23 16 1 117 162 0 166 224 92
24 15 1 117 162 92 179 223 203
25 14 1 129 46 0 224 158 20
26 21 1 129 46 20 185 146 54
27 17 1 129 46 54 173 130 130
28 19 1 161 0 112 279 37 150
29 18 1 161 0 150 279 42 204
30 27 2 129 46 130 180 87 206
31 26 2 129 87 130 179 155 210
32 33 2 179 158 0 227 230 21
33 33 2 227 158 0 275 230 21
34 33 2 275 158 0 323 230 21
35 26 2 179 146 21 247 226 71
36 28 2 179 87 71 216 205 109
37 32 2 179 87 109 212 141 146
38 32 2 179 87 146 212 141 183
39 32 2 179 87 183 212 141 220
40 24 2 179 141 109 218 223 184
41 30 2 179 141 184 216 187 218
42 30 2 179 187 184 216 233 218
43 31 2 185 42 20 248 75 76
44 29 2 180 42 76 280 76 132
45 24 2 180 42 132 262 81 207
46 25 2 224 81 0 304 132 75
47 39 3 216 81 75 334 123 129
48 39 3 216 81 129 334 123 183
49 40 3 212 81 183 330 119 220
50 41 3 218 132 71 255 166 117
51 37 3 218 123 117 280 172 209
52 43 3 218 172 71 246 233 117
53 36 3 247 172 21 347 222 94
54 34 3 246 172 94 314 222 174
55 44 3 218 172 174 290 220 195
56 36 3 314 123 94 364 223 167
57 37 3 314 123 167 376 215 216
58 45 3 279 0 0 361 39 75
59 35 3 280 0 75 342 61 186
60 35 3 334 61 0 396 122 111
61 38 3 334 61 111 410 105 195
62 42 3 376 122 0 488 217 20
63 52 4 279 0 186 325 61 214
64 47 4 376 122 20 438 214 69
65 46 4 376 122 69 410 222 125
66 49 4 376 105 125 418 223 179
67 50 4 361 0 0 402 51 76
68 48 4 342 0 76 426 44 152
69 51 4 342 0 152 418 38 190
70 53 4 325 0 190 397 48 211
71 64 5 330 48 195 439 85 219
72 61 5 376 105 179 413 223 217
73 60 5 418 85 69 457 167 144
74 60 5 418 85 144 457 167 219
75 63 5 418 167 69 451 221 106
76 55 5 418 167 106 480 216 198
77 54 5 426 0 0 544 42 54
78 65 5 426 0 54 502 41 105
79 65 5 502 0 54 578 41 105
80 65 5 426 0 105 502 41 156
81 65 5 502 0 105 578 41 156
82 62 5 418 0 156 518 34 212
83 58 5 457 42 0 568 103 62
84 58 5 457 42 62 568 103 124
85 55 5 457 103 20 519 152 112
86 57 5 457 103 112 557 153 185
87 56 5 457 41 124 537 91 192
88 59 5 457 34 192 552 146 212
89 72 6 413 167 198 485 215 219
90 67 6 488 153 0 538 233 68
91 66 6 485 153 68 521 228 126
92 66 6 485 153 126 521 228 184
93 66 6 485 153 184 543 228 220
94 68 6 543 153 0 587 229 84
95 71 6 557 103 84 581 212 121
