Utilizacion 64.535587 VolCajasEmpacado 65.144507 Duracion[s] 60.010000 Iteraciones 4037
0 1 0 0 0 0 32 71 34
1 0 0 0 0 34 53 75 122
2 2 1 0 0 122 41 84 192
3 2 1 0 84 0 70 168 41
4 3 1 0 84 41 37 153 71
5 4 2 0 168 0 50 231 36
6 6 3 0 168 36 50 231 72
7 5 3 53 0 0 164 71 29
8 7 4 0 84 71 30 153 108
9 8 4 0 153 72 98 201 116
10 10 5 0 84 108 42 130 158
11 11 5 0 201 72 71 233 106
12 9 5 0 130 116 72 226 150
13 12 6 0 84 158 30 153 195
14 13 6 0 153 150 96 225 184
15 14 7 0 153 184 96 225 218
16 14 7 53 0 29 149 72 63
17 17 7 53 0 63 128 58 121
18 16 7 53 0 121 101 98 165
19 15 7 41 0 165 112 86 206
20 19 8 70 98 0 141 130 34
21 18 8 72 98 34 114 148 80
22 20 9 0 86 195 59 128 219
23 21 9 98 148 0 198 229 27
24 22 9 98 148 27 156 223 85
25 22 9 156 148 27 214 223 85
26 23 10 42 128 150 101 152 192
27 24 10 98 152 85 144 202 127
28 24 10 98 152 127 144 202 169
29 25 11 96 152 169 130 223 201
30 26 12 112 0 121 137 54 164
31 26 12 59 98 80 113 123 123
32 27 12 112 0 164 148 63 214
33 30 13 114 72 34 167 147 122
34 29 13 113 63 122 171 121 197
35 28 13 144 147 85 215 233 126
36 30 13 144 121 126 197 196 214
37 30 13 164 0 0 252 53 75
38 31 14 144 196 126 215 228 160
39 31 14 144 196 160 215 228 194
40 32 15 148 0 75 190 59 99
41 34 15 148 0 99 219 32 133
42 35 15 148 0 133 232 41 203
43 33 15 197 53 0 297 134 27
44 33 15 197 53 27 297 134 54
45 39 16 171 59 54 255 100 124
46 38 16 171 41 124 208 110 154
47 37 16 171 41 154 213 87 204
48 36 16 171 87 154 225 112 197
49 40 17 215 134 0 326 205 29
50 41 18 197 112 54 251 137 97
51 43 18 215 137 29 313 181 77
52 44 18 225 41 124 283 99 199
53 42 18 215 137 77 326 208 106
54 47 19 215 112 106 256 196 176
55 46 19 197 112 176 247 175 212
56 45 19 215 175 176 284 205 213
57 48 20 215 208 0 274 232 42
58 49 20 252 0 0 321 30 37
59 50 20 283 0 37 358 53 125
60 55 21 215 208 42 274 232 84
61 55 21 215 208 84 274 232 126
62 53 21 283 0 125 319 50 188
63 56 21 283 0 188 354 34 220
64 52 21 297 53 0 355 111 75
65 54 21 283 53 75 383 134 102
66 51 21 283 53 102 369 94 173
67 58 22 283 50 173 381 98 217
68 57 22 284 98 106 356 194 140
69 59 22 256 99 140 314 174 198
70 64 23 215 205 126 274 229 168
71 64 23 215 205 168 274 229 210
72 60 23 284 174 140 347 210 190
73 61 23 314 98 140 372 156 215
74 62 23 356 156 0 452 228 34
75 63 23 372 134 34 472 215 61
76 65 24 284 174 190 343 216 214
77 67 24 347 194 61 416 231 91
78 69 24 372 134 61 474 187 128
79 69 24 372 134 128 474 187 195
80 66 24 383 0 0 483 81 27
81 66 24 383 0 27 464 100 54
82 68 24 383 0 54 479 72 88
83 70 25 356 187 91 454 231 139
84 72 25 381 0 88 483 53 155
85 71 25 381 0 155 439 75 213
86 73 26 474 81 0 585 152 29
87 74 27 347 194 139 401 219 182
88 75 28 347 187 182 401 230 207
89 76 28 383 75 54 454 107 88
90 79 29 383 75 88 425 125 134
91 79 29 383 75 134 425 125 180
92 78 29 372 98 180 443 132 212
93 79 29 401 187 139 447 229 189
94 80 29 439 0 155 483 98 203
95 77 29 474 152 0 585 223 29
96 83 30 372 132 195 426 175 220
97 83 30 426 132 195 469 186 220
98 82 30 454 100 29 525 132 63
99 81 30 472 187 29 558 228 100
100 86 31 454 187 100 552 231 148
101 84 31 447 187 148 510 223 198
102 87 31 474 98 63 576 165 116
103 85 31 474 98 116 560 139 187
104 94 32 474 139 116 528 182 141
105 93 32 474 98 187 574 179 214
106 90 32 483 0 0 585 67 53
107 88 32 483 0 53 555 96 87
108 92 32 483 0 87 553 84 128
109 89 32 483 0 128 558 53 216
110 91 32 483 53 128 569 94 199
111 95 33 510 179 148 553 233 173
