Utilizacion 84.025262 VolCajasEmpacado 85.052571 Duracion[s] 60.029000 Iteraciones 1311
0 7 0 0 0 0 87 60 60
1 7 0 0 0 60 87 60 120
2 4 0 0 60 0 40 110 41
3 4 0 0 110 0 40 160 41
4 4 0 0 160 0 40 210 41
5 4 0 0 0 120 41 40 170
6 4 0 41 0 120 82 40 170
7 4 0 0 40 120 41 80 170
8 4 0 41 40 120 82 80 170
9 4 0 0 0 170 41 40 220
10 4 0 41 0 170 82 40 220
11 4 0 0 40 170 41 80 220
12 4 0 41 40 170 82 80 220
13 0 0 0 80 41 37 155 65
14 0 0 0 155 41 37 230 65
15 0 0 0 80 65 37 155 89
16 0 0 0 155 65 37 230 89
17 0 0 0 80 89 37 155 113
18 0 0 0 155 89 37 230 113
19 0 0 0 80 113 37 155 137
20 0 0 0 155 113 37 230 137
21 0 0 0 80 137 37 155 161
22 0 0 0 155 137 37 230 161
23 0 0 0 80 161 37 155 185
24 0 0 0 155 161 37 230 185
25 0 0 0 80 185 37 155 209
26 0 0 0 155 185 37 230 209
27 4 0 40 80 0 80 130 41
28 4 0 40 130 0 80 180 41
29 4 0 40 180 0 80 230 41
30 3 0 80 80 0 175 118 53
31 3 0 80 118 0 175 156 53
32 3 0 80 156 0 175 194 53
33 3 0 80 194 0 175 232 53
34 3 0 80 80 53 175 118 106
35 3 0 80 118 53 175 156 106
36 3 0 80 156 53 175 194 106
37 3 0 80 194 53 175 232 106
38 3 0 80 80 106 175 118 159
39 3 0 80 118 106 175 156 159
40 3 0 80 156 106 175 194 159
41 3 0 80 194 106 175 232 159
42 3 0 80 80 159 175 118 212
43 3 0 80 118 159 175 156 212
44 3 0 80 156 159 175 194 212
45 3 0 80 194 159 175 232 212
46 4 0 37 80 41 77 121 91
47 4 0 37 121 41 77 162 91
48 4 0 37 80 91 77 121 141
49 4 0 37 121 91 77 162 141
50 4 0 37 80 141 77 121 191
51 4 0 37 121 141 77 162 191
52 0 0 37 80 191 74 155 215
53 4 0 37 162 41 78 212 81
54 5 0 87 0 0 192 68 42
55 5 0 87 0 42 192 68 84
56 5 0 87 0 84 192 68 126
57 5 0 87 0 126 192 68 168
58 5 0 87 0 168 192 68 210
59 6 0 175 68 0 255 120 59
60 6 0 255 68 0 335 120 59
61 6 0 335 68 0 415 120 59
62 6 0 415 68 0 495 120 59
63 6 0 495 68 0 575 120 59
64 6 0 175 120 0 255 172 59
65 6 0 255 120 0 335 172 59
66 6 0 335 120 0 415 172 59
67 6 0 415 120 0 495 172 59
68 6 0 495 120 0 575 172 59
69 6 0 175 172 0 255 224 59
70 6 0 255 172 0 335 224 59
71 6 0 335 172 0 415 224 59
72 6 0 415 172 0 495 224 59
73 6 0 495 172 0 575 224 59
74 1 0 175 68 59 248 147 85
75 1 0 175 147 59 248 226 85
76 1 0 175 68 85 248 147 111
77 1 0 175 147 85 248 226 111
78 1 0 175 68 111 248 147 137
79 1 0 175 147 111 248 226 137
80 1 0 175 68 137 248 147 163
81 1 0 175 147 137 248 226 163
82 1 0 175 68 163 248 147 189
83 1 0 175 147 163 248 226 189
84 1 0 175 68 189 248 147 215
85 1 0 175 147 189 248 226 215
86 7 0 192 0 0 252 60 87
87 7 0 252 0 0 312 60 87
88 7 0 312 0 0 372 60 87
89 7 0 372 0 0 432 60 87
90 7 0 432 0 0 492 60 87
91 7 0 492 0 0 552 60 87
92 5 0 192 0 87 297 68 129
93 5 0 297 0 87 402 68 129
94 5 0 402 0 87 507 68 129
95 5 0 192 0 129 297 68 171
96 5 0 297 0 129 402 68 171
97 5 0 402 0 129 507 68 171
98 5 0 192 0 171 297 68 213
99 5 0 297 0 171 402 68 213
100 5 0 402 0 171 507 68 213
101 7 0 248 68 59 335 128 119
102 7 0 248 128 59 335 188 119
103 5 0 248 188 59 353 230 127
104 5 0 353 188 59 458 230 127
105 5 0 248 188 127 353 230 195
106 5 0 353 188 127 458 230 195
107 0 0 248 68 119 323 105 143
108 0 0 248 105 119 323 142 143
109 0 0 248 142 119 323 179 143
110 6 0 248 68 143 328 127 195
111 6 0 248 127 143 328 186 195
112 7 0 335 68 59 422 128 119
113 7 0 335 128 59 422 188 119
114 1 0 507 0 87 586 73 113
115 1 0 507 0 113 586 73 139
116 1 0 507 0 139 586 73 165
117 1 0 507 0 165 586 73 191
118 0 0 507 0 191 582 37 215
119 0 0 507 37 191 582 74 215
120 0 0 248 68 195 285 143 219
121 0 0 285 68 195 322 143 219
122 0 0 248 143 195 285 218 219
123 0 0 285 143 195 322 218 219
124 6 0 328 68 119 408 127 171
125 6 0 328 127 119 408 186 171
126 3 0 328 68 171 423 121 209
127 7 0 422 121 59 482 181 146
128 7 0 408 121 146 495 181 206
129 2 0 495 74 59 585 148 94
130 2 0 495 148 59 585 222 94
131 2 0 495 74 94 585 148 129
132 2 0 495 148 94 585 222 129
133 2 0 495 74 129 585 148 164
134 2 0 495 148 129 585 222 164
135 2 0 495 74 164 585 148 199
136 2 0 495 148 164 585 222 199
