Utilizacion 77.072286 VolCajasEmpacado 77.329128 Duracion[s] 60.009000 Iteraciones 3105
0 1 0 0 0 0 74 77 37
1 1 0 0 77 0 74 154 37
2 1 0 0 154 0 74 231 37
3 1 0 0 0 37 74 77 74
4 1 0 0 77 37 74 154 74
5 1 0 0 154 37 74 231 74
6 1 0 0 0 74 74 77 111
7 1 0 0 77 74 74 154 111
8 1 0 0 154 74 74 231 111
9 4 0 0 0 111 31 46 164
10 4 0 0 0 164 31 46 217
11 2 0 0 46 111 119 101 165
12 2 0 0 101 111 119 156 165
13 2 0 0 156 111 119 211 165
14 2 0 0 46 165 119 101 219
15 2 0 0 101 165 119 156 219
16 2 0 0 156 165 119 211 219
17 4 0 31 0 111 84 46 142
18 0 0 31 0 142 127 37 193
19 0 0 119 37 0 215 74 51
20 0 0 119 74 0 215 111 51
21 0 0 119 111 0 215 148 51
22 3 0 119 148 0 205 227 69
23 3 0 119 37 51 188 116 137
24 3 0 119 116 69 198 202 138
25 7 1 119 37 137 196 111 174
26 5 1 119 202 69 172 233 115
27 5 1 119 202 115 172 233 161
28 5 1 119 202 161 172 233 207
29 7 1 119 37 174 193 114 211
30 7 1 119 114 138 196 188 175
31 7 1 119 114 175 193 191 212
32 6 1 127 0 0 223 37 51
33 6 1 127 0 51 223 37 102
34 7 1 205 148 0 282 222 37
35 7 1 205 148 37 282 222 74
36 7 1 205 148 74 282 222 111
37 7 1 205 148 111 282 222 148
38 9 1 215 37 0 301 106 79
39 9 1 196 37 79 282 116 148
40 9 1 196 37 148 282 116 217
41 9 1 196 116 148 282 195 217
42 8 1 282 106 0 337 225 54
43 8 1 282 106 54 337 225 108
44 8 1 282 106 108 337 225 162
45 8 1 282 106 162 337 225 216
46 14 2 127 0 102 180 31 148
47 14 2 127 0 148 180 31 194
48 14 2 180 0 102 226 31 155
49 14 2 180 0 155 226 31 208
50 13 2 226 0 0 322 37 51
51 13 2 226 0 51 322 37 102
52 13 2 226 0 102 322 37 153
53 13 2 226 0 153 322 37 204
54 14 2 282 37 79 313 90 125
55 14 2 282 37 125 313 90 171
56 12 2 313 37 0 432 91 55
57 12 2 313 37 55 432 92 109
58 12 2 313 37 109 432 91 164
59 12 2 313 37 164 432 91 219
60 13 2 322 0 0 418 37 51
61 11 2 337 92 0 406 171 86
62 11 2 337 92 86 406 171 172
63 12 2 337 171 0 456 225 55
64 12 2 337 171 55 456 226 109
65 10 2 337 91 172 414 165 209
66 11 2 414 92 0 500 171 69
67 11 2 414 92 69 500 171 138
68 11 2 414 92 138 500 171 207
69 10 2 432 0 0 506 77 37
70 10 2 432 0 37 506 77 74
71 10 2 432 0 74 506 77 111
72 15 3 337 171 109 390 202 155
73 15 3 337 202 109 390 233 155
74 15 3 337 171 155 383 224 186
75 15 3 337 171 186 390 217 217
76 15 3 390 171 109 436 202 162
77 15 3 390 202 109 436 233 162
78 15 3 390 171 162 436 202 215
79 19 3 432 0 111 511 86 180
80 17 3 432 0 180 506 77 217
81 16 3 456 171 0 552 208 51
82 18 3 456 171 51 575 225 106
83 16 3 456 171 106 552 222 143
84 16 3 456 171 143 552 222 180
85 16 3 456 171 180 552 222 217
86 19 3 500 86 0 586 165 69
87 19 3 500 86 69 586 165 138
88 19 3 500 86 138 586 165 207
89 19 3 511 0 0 580 86 79
90 17 3 511 0 79 585 77 116
91 17 3 511 0 116 585 77 153
