Utilizacion 74.327845 VolCajasEmpacado 74.451464 Duracion[s] 60.004000 Iteraciones 6320
0 0 0 0 0 0 62 70 95
1 1 1 0 70 0 51 130 41
2 2 2 0 0 95 76 64 198
3 2 2 0 70 41 76 134 144
4 3 3 0 134 0 64 210 103
5 3 3 0 134 103 64 210 206
6 6 4 0 210 0 49 231 25
7 6 4 0 210 25 49 231 50
8 4 4 0 64 144 95 126 214
9 5 4 64 134 0 140 198 103
10 5 4 64 134 103 140 198 206
11 7 5 0 210 50 49 231 75
12 9 5 76 0 0 171 62 70
13 8 5 76 0 70 127 60 111
14 10 6 64 198 0 175 224 49
15 11 6 76 0 111 152 64 214
16 11 6 95 64 0 198 128 76
17 12 7 95 64 76 198 128 152
18 13 8 0 210 75 49 231 100
19 14 9 64 198 49 175 224 98
20 15 9 95 64 152 190 134 214
21 16 10 140 134 0 181 185 60
22 18 10 140 134 60 216 198 163
23 17 10 171 0 0 266 62 70
24 19 11 140 134 163 251 160 212
25 20 11 198 0 70 274 103 134
26 20 11 152 0 134 255 64 210
27 20 11 198 64 134 301 128 210
28 21 12 0 210 100 49 231 125
29 22 12 216 160 0 278 230 95
30 23 13 0 210 125 49 231 150
31 24 13 140 160 163 181 220 214
32 24 13 181 160 163 222 220 214
33 25 14 222 160 95 317 230 157
34 26 14 274 0 0 350 64 103
35 27 15 222 160 157 243 209 182
36 29 16 243 160 157 303 211 198
37 28 16 251 128 0 362 154 49
38 30 16 274 0 103 344 62 198
39 30 16 301 64 0 396 126 70
40 31 17 251 128 49 362 154 98
41 32 17 301 64 70 404 128 146
42 33 18 222 160 198 271 185 219
43 33 18 271 160 198 320 185 219
44 34 19 222 185 198 271 210 219
45 34 19 222 211 157 271 232 182
46 35 20 301 62 146 396 124 216
47 36 20 320 154 0 423 230 64
48 37 21 251 128 98 362 154 147
49 37 21 251 128 147 362 154 196
50 38 22 320 154 64 382 224 159
51 39 23 350 0 0 445 62 70
52 40 24 222 211 182 271 232 207
53 40 24 251 128 196 300 153 217
54 41 24 303 185 159 414 211 208
55 42 24 350 0 70 420 62 165
56 43 24 404 62 0 480 126 103
57 44 25 255 0 198 304 25 219
58 45 25 404 62 103 468 138 206
59 46 26 344 0 165 404 41 216
60 48 27 320 154 159 431 180 208
61 47 27 431 138 0 493 233 70
62 47 27 431 138 70 501 233 132
63 47 27 431 138 132 493 233 202
64 49 28 344 41 165 393 62 190
65 49 28 344 41 190 393 62 215
66 51 28 420 0 70 461 51 130
67 50 28 461 0 0 572 49 26
68 52 29 461 0 26 531 62 121
69 53 30 420 0 130 471 60 171
70 53 30 420 0 171 471 60 212
71 54 30 471 0 121 541 62 216
72 55 30 480 62 0 583 138 64
73 55 30 480 62 64 583 138 128
74 55 30 480 62 128 583 138 192
75 54 30 501 138 0 563 233 70
76 56 31 501 138 70 563 233 140
77 57 31 493 138 140 553 179 191
78 58 32 468 62 192 579 111 218
79 59 32 493 179 140 534 230 200
80 59 32 534 179 140 575 230 200
