Utilizacion 81.903195 VolCajasEmpacado 82.299517 Duracion[s] 60.017000 Iteraciones 1920
0 4 0 0 0 0 25 119 34
1 4 0 0 0 34 25 119 68
2 4 0 0 0 68 25 119 102
3 4 0 0 0 102 25 119 136
4 4 0 0 0 136 25 119 170
5 4 0 0 0 170 25 119 204
6 3 0 0 119 0 98 194 55
7 3 0 0 119 55 98 194 110
8 3 0 0 119 110 98 194 165
9 3 0 0 119 165 98 194 220
10 1 0 0 194 0 60 233 59
11 0 0 0 194 59 40 226 119
12 0 0 0 194 119 40 226 179
13 0 0 0 194 179 60 226 219
14 3 0 25 0 0 123 75 55
15 3 0 123 0 0 221 75 55
16 3 0 25 0 55 123 75 110
17 3 0 123 0 55 221 75 110
18 3 0 25 0 110 123 75 165
19 3 0 123 0 110 221 75 165
20 3 0 25 0 165 123 75 220
21 3 0 123 0 165 221 75 220
22 0 0 25 75 0 65 107 60
23 0 0 25 75 60 65 107 120
24 4 0 60 194 0 179 228 25
25 2 0 65 75 0 146 115 56
26 2 0 65 75 56 146 115 112
27 2 0 65 75 112 146 115 168
28 3 0 98 115 0 153 190 98
29 3 0 98 115 98 153 190 196
30 2 0 98 190 25 179 230 81
31 5 1 25 75 168 144 109 193
32 5 1 25 75 193 144 109 218
33 5 1 60 194 81 179 219 115
34 6 1 60 194 115 120 226 155
35 6 1 120 194 115 180 226 155
36 7 1 60 194 155 120 233 214
37 6 1 120 190 155 180 222 195
38 7 1 146 75 0 205 114 60
39 8 1 146 75 60 227 115 116
40 8 1 146 75 116 227 115 172
41 9 1 153 115 0 251 190 55
42 9 1 153 115 55 251 190 110
43 9 1 153 115 110 251 190 165
44 9 1 153 115 165 251 190 220
45 8 1 180 190 0 261 230 56
46 8 1 261 190 0 342 230 56
47 8 1 180 190 56 261 230 112
48 8 1 261 190 56 342 230 112
49 8 1 180 190 112 261 230 168
50 8 1 261 190 112 342 230 168
51 8 1 221 0 0 302 40 56
52 14 2 120 190 195 239 224 220
53 13 2 144 75 172 204 115 204
54 13 2 239 190 168 299 230 200
55 13 2 221 0 56 281 32 96
56 13 2 221 0 96 281 32 136
57 13 2 221 0 136 281 32 176
58 13 2 221 0 176 281 32 216
59 13 2 281 0 56 313 60 96
60 13 2 281 0 96 313 60 136
61 10 2 227 40 0 266 100 59
62 14 2 227 32 136 346 57 170
63 14 2 227 32 170 346 57 204
64 10 2 227 60 59 286 99 119
65 11 2 227 60 119 302 115 217
66 11 2 251 115 0 349 190 55
67 11 2 251 115 55 349 190 110
68 11 2 251 115 110 349 190 165
69 11 2 251 115 165 349 190 220
70 12 2 302 60 0 383 100 56
71 12 2 383 60 0 464 100 56
72 12 2 464 60 0 545 100 56
73 12 2 302 60 56 383 100 112
74 12 2 383 60 56 464 100 112
75 12 2 464 60 56 545 100 112
76 12 2 302 60 112 383 100 168
77 12 2 383 60 112 464 100 168
78 12 2 464 60 112 545 100 168
79 14 2 302 57 168 421 82 202
80 14 2 421 57 168 540 82 202
81 14 2 302 82 168 421 107 202
82 14 2 421 82 168 540 116 193
83 12 2 342 190 0 423 230 56
84 11 2 346 0 0 444 55 75
85 11 2 346 0 75 444 55 150
86 15 3 421 82 193 540 116 218
87 16 3 299 190 168 359 230 200
88 17 3 346 0 150 406 39 209
89 16 3 406 0 150 446 32 210
90 17 3 349 116 0 388 175 60
91 17 3 349 116 60 388 175 120
92 17 3 349 116 120 388 175 180
93 16 3 349 116 180 389 176 212
94 16 3 359 176 56 419 208 96
95 16 3 359 176 96 419 208 136
96 16 3 359 176 136 419 208 176
97 16 3 359 176 176 419 208 216
98 15 3 359 208 56 478 233 90
99 15 3 359 208 90 478 233 124
100 15 3 359 208 124 478 233 158
101 15 3 359 208 158 478 233 192
102 17 3 389 116 0 428 176 59
103 17 3 389 116 59 428 176 118
104 17 3 389 116 118 428 176 177
105 16 3 389 116 177 429 176 209
106 19 3 429 116 0 527 191 55
107 19 3 429 116 55 527 191 110
108 19 3 429 116 110 527 191 165
109 19 3 429 116 165 527 191 220
110 19 3 446 0 0 544 55 75
111 19 3 446 0 75 521 55 173
112 18 3 446 0 173 527 56 213
113 18 3 478 191 0 559 231 56
114 18 3 478 191 56 559 231 112
115 18 3 478 191 112 559 231 168
116 19 3 527 116 0 582 191 98
117 18 3 540 100 98 580 181 154
118 18 3 540 100 154 580 181 210
119 21 4 478 191 168 538 231 200
120 21 4 527 0 75 559 40 135
121 21 4 527 0 135 567 32 195
122 22 4 545 40 0 584 100 59
123 22 4 545 40 59 584 100 118
124 22 4 545 40 118 584 100 177
125 21 4 540 32 177 572 92 217
