Utilizacion 90.649599 VolCajasEmpacado 91.425434 Duracion[s] 60.003000 Iteraciones 4198
0 0 0 0 0 0 117 38 30
1 0 0 0 38 0 117 76 30
2 0 0 0 76 0 117 114 30
3 0 0 0 114 0 117 152 30
4 0 0 0 152 0 117 190 30
5 0 0 0 190 0 117 228 30
6 0 0 0 0 30 117 38 60
7 0 0 0 38 30 117 76 60
8 0 0 0 76 30 117 114 60
9 0 0 0 114 30 117 152 60
10 0 0 0 152 30 117 190 60
11 0 0 0 190 30 117 228 60
12 0 0 0 0 60 117 38 90
13 0 0 0 38 60 117 76 90
14 0 0 0 76 60 117 114 90
15 0 0 0 114 60 117 152 90
16 0 0 0 152 60 117 190 90
17 0 0 0 190 60 117 228 90
18 0 0 0 0 90 117 38 120
19 0 0 0 38 90 117 76 120
20 0 0 0 76 90 117 114 120
21 0 0 0 114 90 117 152 120
22 0 0 0 152 90 117 190 120
23 0 0 0 190 90 117 228 120
24 0 0 0 0 120 117 38 150
25 0 0 0 38 120 117 76 150
26 0 0 0 76 120 117 114 150
27 0 0 0 114 120 117 152 150
28 0 0 0 152 120 117 190 150
29 0 0 0 190 120 117 228 150
30 0 0 0 0 150 117 38 180
31 0 0 0 38 150 117 76 180
32 0 0 0 76 150 117 114 180
33 0 0 0 114 150 117 152 180
34 0 0 0 152 150 117 190 180
35 0 0 0 190 150 117 228 180
36 0 0 0 0 180 117 30 218
37 0 0 0 30 180 117 60 218
38 2 0 0 60 180 90 133 217
39 2 0 0 133 180 90 206 217
40 1 0 117 0 0 219 95 33
41 1 0 117 95 0 219 190 33
42 1 0 117 0 33 219 95 66
43 1 0 117 95 33 219 190 66
44 1 0 117 0 66 219 95 99
45 1 0 117 95 66 219 190 99
46 1 0 117 0 99 219 95 132
47 1 0 117 95 99 219 190 132
48 1 0 117 0 132 219 95 165
49 1 0 117 95 132 219 190 165
50 1 0 117 0 165 219 95 198
51 1 0 117 95 165 219 190 198
52 2 0 117 190 0 207 227 73
53 2 0 117 190 73 207 227 146
54 2 0 117 190 146 207 227 219
55 2 0 207 190 0 297 227 73
56 2 0 297 190 0 387 227 73
57 2 0 387 190 0 477 227 73
58 2 0 477 190 0 567 227 73
59 2 0 207 190 73 297 227 146
60 2 0 297 190 73 387 227 146
61 2 0 387 190 73 477 227 146
62 2 0 477 190 73 567 227 146
63 2 0 207 190 146 297 227 219
64 2 0 297 190 146 387 227 219
65 2 0 387 190 146 477 227 219
66 2 0 477 190 146 567 227 219
67 2 0 219 0 0 256 90 73
68 2 0 219 90 0 256 180 73
69 2 0 219 0 73 256 90 146
70 2 0 219 90 73 256 180 146
71 2 0 219 0 146 256 90 219
72 2 0 219 90 146 256 180 219
73 2 0 256 0 0 346 37 73
74 2 0 256 37 0 346 74 73
75 2 0 256 74 0 346 111 73
76 2 0 256 111 0 346 148 73
77 2 0 256 148 0 346 185 73
78 2 0 256 0 73 346 37 146
79 2 0 256 37 73 346 74 146
80 2 0 256 74 73 346 111 146
81 2 0 256 111 73 346 148 146
82 2 0 256 148 73 346 185 146
83 2 0 256 0 146 346 37 219
84 2 0 256 37 146 346 74 219
85 2 0 256 74 146 346 111 219
86 2 0 256 111 146 346 148 219
87 2 0 256 148 146 346 185 219
88 2 0 346 0 0 383 90 73
89 2 0 346 0 73 383 90 146
90 2 0 346 0 146 383 90 219
91 2 0 346 90 0 383 180 73
92 2 0 346 90 73 383 180 146
93 2 0 346 90 146 383 180 219
94 1 0 383 0 0 485 95 33
95 1 0 383 95 0 485 190 33
96 1 0 383 0 33 485 95 66
97 1 0 383 95 33 485 190 66
98 1 0 383 0 66 485 95 99
99 1 0 383 95 66 485 190 99
100 1 0 383 0 99 485 95 132
101 1 0 383 95 99 485 190 132
102 1 0 383 0 132 485 95 165
103 1 0 383 95 132 485 190 165
104 1 0 383 0 165 485 95 198
105 1 0 383 95 165 485 190 198
106 1 0 485 0 0 587 95 33
107 1 0 485 95 0 587 190 33
108 1 0 485 0 33 587 95 66
109 1 0 485 95 33 587 190 66
110 1 0 485 0 66 587 95 99
111 1 0 485 95 66 587 190 99
112 1 0 485 0 99 587 95 132
113 1 0 485 95 99 587 190 132
114 1 0 485 0 132 587 95 165
115 1 0 485 95 132 587 190 165
116 1 0 485 0 165 587 95 198
117 1 0 485 95 165 587 190 198
