Utilizacion 84.506790 VolCajasEmpacado 85.867097 Duracion[s] 60.027000 Iteraciones 2533
0 4 0 0 0 0 83 91 48
1 4 0 83 0 0 166 91 48
2 4 0 166 0 0 249 91 48
3 4 0 249 0 0 332 91 48
4 4 0 332 0 0 415 91 48
5 4 0 415 0 0 498 91 48
6 4 0 498 0 0 581 91 48
7 4 0 0 0 48 83 91 96
8 4 0 83 0 48 166 91 96
9 4 0 166 0 48 249 91 96
10 4 0 249 0 48 332 91 96
11 4 0 332 0 48 415 91 96
12 4 0 415 0 48 498 91 96
13 4 0 498 0 48 581 91 96
14 2 0 0 0 96 104 66 136
15 2 0 0 0 136 104 66 176
16 2 0 0 0 176 104 66 216
17 1 0 0 66 96 75 99 156
18 1 0 75 66 96 150 99 156
19 1 0 150 66 96 225 99 156
20 1 0 225 66 96 300 99 156
21 1 0 0 66 156 75 99 216
22 1 0 75 66 156 150 99 216
23 1 0 150 66 156 225 99 216
24 1 0 225 66 156 300 99 216
25 0 0 0 99 0 56 198 25
26 0 0 56 99 0 112 198 25
27 0 0 112 99 0 168 198 25
28 0 0 168 99 0 224 198 25
29 0 0 224 99 0 280 198 25
30 0 0 280 99 0 336 198 25
31 0 0 336 99 0 392 198 25
32 0 0 392 99 0 448 198 25
33 0 0 448 99 0 504 198 25
34 0 0 504 99 0 560 198 25
35 3 0 0 99 25 118 165 72
36 3 0 118 99 25 236 165 72
37 3 0 236 99 25 354 165 72
38 3 0 0 99 72 118 165 119
39 3 0 118 99 72 236 165 119
40 3 0 236 99 72 354 165 119
41 3 0 0 99 119 118 165 166
42 3 0 118 99 119 236 165 166
43 3 0 236 99 119 354 165 166
44 3 0 0 99 166 118 165 213
45 3 0 118 99 166 236 165 213
46 3 0 236 99 166 354 165 213
47 0 0 104 0 96 203 56 121
48 0 0 203 0 96 302 56 121
49 3 0 0 165 25 118 231 72
50 2 0 0 165 72 104 231 112
51 2 0 0 165 112 104 231 152
52 2 0 0 165 152 104 231 192
53 2 0 104 0 121 208 66 161
54 2 0 104 0 161 208 66 201
55 3 0 208 0 121 326 66 168
56 2 0 208 0 168 312 66 208
57 5 1 0 165 192 99 221 217
58 6 1 300 66 96 375 99 156
59 6 1 375 66 96 450 99 156
60 6 1 450 66 96 525 99 156
61 8 1 118 165 25 236 231 72
62 8 1 236 165 25 354 231 72
63 8 1 354 165 25 472 231 72
64 8 1 118 165 72 236 231 119
65 8 1 236 165 72 354 231 119
66 8 1 354 165 72 472 231 119
67 8 1 118 165 119 236 231 166
68 8 1 236 165 119 354 231 166
69 8 1 354 165 119 472 231 166
70 8 1 118 165 166 236 231 213
71 8 1 236 165 166 354 231 213
72 8 1 354 165 166 472 231 213
73 6 1 300 66 156 375 99 216
74 6 1 375 66 156 450 99 216
75 6 1 450 66 156 525 99 216
76 6 1 326 0 96 401 33 156
77 6 1 326 33 96 401 66 156
78 5 1 326 0 156 425 56 181
79 5 1 326 0 181 425 56 206
80 5 1 354 99 25 453 155 50
81 5 1 354 99 50 453 155 75
82 5 1 354 99 75 453 155 100
83 5 1 354 99 100 453 155 125
84 5 1 354 99 125 453 155 150
85 5 1 354 99 150 453 155 175
86 5 1 354 99 175 453 155 200
87 7 1 425 0 96 529 66 136
88 7 1 425 0 136 529 66 176
89 7 1 425 0 176 529 66 216
90 7 1 453 99 25 557 165 65
91 7 1 453 99 65 557 165 105
92 7 1 453 99 105 557 165 145
93 7 1 453 99 145 557 165 185
94 6 1 453 99 185 528 159 218
95 6 1 472 198 0 547 231 60
96 6 1 472 198 60 547 231 120
97 6 1 472 198 120 547 231 180
98 7 1 472 165 180 576 231 220
99 6 1 529 0 96 562 75 156
