Utilizacion 74.354917 VolCajasEmpacado 74.934412 Duracion[s] 60.022000 Iteraciones 1127
0 7 0 0 0 0 105 42 68
1 7 0 0 0 68 105 42 136
2 7 0 0 0 136 105 42 204
3 9 0 0 42 0 39 92 68
4 9 0 0 42 68 39 92 136
5 9 0 0 42 136 39 92 204
6 4 0 0 92 0 65 165 52
7 4 0 0 92 52 65 165 104
8 1 0 0 92 104 24 167 141
9 1 0 0 92 141 24 167 178
10 1 0 0 92 178 24 167 215
11 8 0 0 167 0 40 217 41
12 3 0 0 167 41 60 227 128
13 3 0 0 167 128 60 227 215
14 1 0 24 92 104 48 167 141
15 13 0 24 92 141 50 152 179
16 13 0 24 92 179 50 152 217
17 8 0 39 42 0 79 92 41
18 8 0 39 42 41 79 92 82
19 8 0 39 42 82 79 92 123
20 6 0 39 42 123 115 86 210
21 2 0 60 165 0 125 229 82
22 0 0 60 165 82 138 229 107
23 11 0 65 92 0 148 140 38
24 11 0 148 92 0 231 140 38
25 5 0 65 92 38 145 144 97
26 10 0 65 92 97 160 145 135
27 6 0 50 86 135 137 162 179
28 12 0 50 86 179 140 160 214
29 15 1 60 162 107 125 226 189
30 25 1 60 160 189 139 233 215
31 21 1 105 0 0 145 41 50
32 21 1 105 0 50 145 41 100
33 21 1 105 0 100 145 41 150
34 21 1 105 0 150 145 41 200
35 20 1 115 41 0 220 83 68
36 20 1 220 41 0 325 83 68
37 21 1 115 41 68 155 82 118
38 27 1 115 41 118 190 78 142
39 27 1 115 41 142 190 78 166
40 23 1 115 41 166 210 79 219
41 24 1 140 79 135 178 162 183
42 17 1 139 162 0 204 214 73
43 17 1 139 162 73 204 214 146
44 17 1 139 162 146 204 214 219
45 25 1 140 79 183 213 158 209
46 16 1 213 0 68 273 87 128
47 16 1 213 0 128 273 87 188
48 26 1 210 0 188 270 38 214
49 22 1 145 0 0 195 39 68
50 22 1 145 0 68 195 39 136
51 14 1 204 158 0 294 232 35
52 14 1 204 158 35 294 232 70
53 15 1 204 158 70 268 223 152
54 18 1 204 158 152 284 210 211
55 18 1 231 87 0 311 146 52
56 16 1 213 87 52 300 147 112
57 23 1 213 87 112 308 125 165
58 23 1 213 87 165 308 125 218
59 19 1 273 0 68 349 87 112
60 19 1 273 0 112 349 87 156
61 24 1 273 0 156 321 83 194
62 38 2 270 0 194 330 38 220
63 38 2 270 38 194 330 76 220
64 38 2 213 125 112 273 151 150
65 36 2 330 0 156 368 83 204
66 29 2 294 147 0 359 229 64
67 32 2 294 147 64 353 227 116
68 32 2 294 147 116 353 227 168
69 32 2 294 147 168 353 227 220
70 30 2 311 87 0 371 147 87
71 30 2 311 87 87 371 147 174
72 34 2 308 83 174 348 133 215
73 29 2 359 147 0 424 229 64
74 29 2 424 147 0 489 229 64
75 33 2 368 0 0 412 87 76
76 33 2 368 0 76 412 87 152
77 28 2 368 0 152 407 68 202
78 39 2 371 87 0 476 129 68
79 39 2 476 87 0 581 129 68
80 31 2 371 87 68 423 152 141
81 31 2 371 87 141 423 152 214
82 37 2 353 152 64 426 231 90
83 37 2 353 152 90 426 231 116
84 37 2 353 152 116 426 231 142
85 37 2 353 152 142 426 231 168
86 28 2 353 152 168 392 220 218
87 35 2 426 129 64 479 224 102
88 49 3 392 152 168 430 212 194
89 49 3 392 152 194 430 212 220
90 41 3 412 0 0 476 82 65
91 41 3 412 0 65 476 82 130
92 41 3 412 0 130 476 82 195
93 50 3 407 0 195 485 64 220
94 46 3 430 82 102 468 177 155
95 46 3 430 82 155 468 177 208
96 47 3 430 177 102 513 225 140
97 47 3 430 177 140 513 225 178
98 47 3 430 177 178 513 225 216
99 40 3 468 82 68 555 126 144
100 40 3 468 82 144 555 126 220
101 52 3 485 0 0 535 39 68
102 52 3 485 39 0 535 78 68
103 41 3 485 0 68 550 82 132
104 41 3 485 0 132 550 82 196
105 51 3 485 0 196 522 75 220
106 45 3 489 129 0 539 170 40
107 40 3 489 129 40 576 173 116
108 44 3 468 126 116 573 168 184
109 42 3 513 173 0 573 233 87
110 42 3 513 173 87 573 233 174
111 48 3 513 126 184 586 205 210
