Utilizacion 85.384452 VolCajasEmpacado 86.979609 Duracion[s] 60.018000 Iteraciones 959
0 7 0 0 0 0 97 57 70
1 7 0 97 0 0 194 57 70
2 7 0 194 0 0 291 57 70
3 7 0 291 0 0 388 57 70
4 7 0 388 0 0 485 57 70
5 7 0 0 57 0 97 114 70
6 7 0 97 57 0 194 114 70
7 7 0 194 57 0 291 114 70
8 7 0 291 57 0 388 114 70
9 7 0 388 57 0 485 114 70
10 7 0 0 114 0 97 171 70
11 7 0 97 114 0 194 171 70
12 7 0 194 114 0 291 171 70
13 7 0 291 114 0 388 171 70
14 7 0 388 114 0 485 171 70
15 7 0 0 171 0 97 228 70
16 7 0 97 171 0 194 228 70
17 7 0 194 171 0 291 228 70
18 7 0 291 171 0 388 228 70
19 7 0 388 171 0 485 228 70
20 4 0 0 0 70 84 38 128
21 4 0 84 0 70 168 38 128
22 4 0 0 38 70 84 76 128
23 4 0 84 38 70 168 76 128
24 4 0 0 76 70 84 114 128
25 4 0 84 76 70 168 114 128
26 4 0 0 114 70 84 152 128
27 4 0 84 114 70 168 152 128
28 4 0 0 152 70 84 190 128
29 4 0 84 152 70 168 190 128
30 4 0 0 190 70 84 228 128
31 4 0 84 190 70 168 228 128
32 2 0 0 0 128 77 56 165
33 2 0 0 56 128 77 112 165
34 2 0 0 112 128 77 168 165
35 2 0 0 168 128 77 224 165
36 2 0 0 0 165 77 56 202
37 2 0 0 56 165 77 112 202
38 2 0 0 112 165 77 168 202
39 2 0 0 168 165 77 224 202
40 3 0 77 0 128 115 71 185
41 3 0 115 0 128 153 71 185
42 3 0 77 71 128 115 142 185
43 3 0 115 71 128 153 142 185
44 3 0 77 142 128 115 213 185
45 3 0 115 142 128 153 213 185
46 0 0 77 0 185 164 28 218
47 0 0 77 28 185 164 56 218
48 0 0 77 56 185 164 84 218
49 0 0 77 84 185 164 112 218
50 0 0 77 112 185 164 140 218
51 0 0 77 140 185 164 168 218
52 0 0 77 168 185 164 196 218
53 0 0 77 196 185 164 224 218
54 5 0 168 0 70 231 53 117
55 5 0 168 53 70 231 106 117
56 5 0 168 106 70 231 159 117
57 5 0 168 159 70 231 212 117
58 5 0 168 0 117 231 53 164
59 5 0 168 53 117 231 106 164
60 5 0 168 106 117 231 159 164
61 5 0 168 159 117 231 212 164
62 5 0 168 0 164 231 53 211
63 5 0 168 53 164 231 106 211
64 5 0 168 106 164 231 159 211
65 5 0 168 159 164 231 212 211
66 1 0 231 0 70 303 31 99
67 1 0 303 0 70 375 31 99
68 1 0 375 0 70 447 31 99
69 1 0 447 0 70 519 31 99
70 1 0 231 0 99 303 31 128
71 1 0 303 0 99 375 31 128
72 1 0 375 0 99 447 31 128
73 1 0 447 0 99 519 31 128
74 1 0 231 0 128 303 31 157
75 1 0 303 0 128 375 31 157
76 1 0 375 0 128 447 31 157
77 1 0 447 0 128 519 31 157
78 1 0 231 0 157 303 31 186
79 1 0 303 0 157 375 31 186
80 1 0 375 0 157 447 31 186
81 1 0 447 0 157 519 31 186
82 1 0 231 0 186 303 31 215
83 1 0 303 0 186 375 31 215
84 1 0 375 0 186 447 31 215
85 1 0 447 0 186 519 31 215
86 5 0 231 31 70 284 78 133
87 5 0 231 31 133 284 78 196
88 6 0 231 78 70 333 145 117
89 6 0 231 145 70 333 212 117
90 6 0 231 78 117 333 145 164
91 6 0 231 145 117 333 212 164
92 6 0 231 78 164 333 145 211
93 6 0 231 145 164 333 212 211
94 5 0 284 31 70 347 78 123
95 5 0 347 31 70 410 78 123
96 5 0 410 31 70 473 78 123
97 0 0 284 31 123 371 59 156
98 0 0 371 31 123 458 59 156
99 0 0 284 31 156 371 64 184
100 0 0 284 31 184 371 64 212
101 3 0 333 78 70 390 116 141
102 3 0 333 116 70 390 154 141
103 3 0 333 154 70 390 192 141
104 3 0 333 192 70 390 230 141
105 3 0 333 78 141 390 116 212
106 3 0 333 116 141 390 154 212
107 3 0 333 154 141 390 192 212
108 3 0 333 192 141 390 230 212
109 4 0 371 31 156 455 69 214
110 6 0 390 78 70 457 180 117
111 6 0 390 78 117 457 180 164
112 6 0 390 78 164 457 180 211
113 0 0 458 31 123 486 118 156
114 0 0 458 31 156 486 118 189
115 0 0 457 31 189 490 118 217
116 6 0 390 180 70 492 227 137
117 6 0 390 180 137 492 227 204
118 3 0 457 118 70 495 175 141
119 3 0 457 118 141 495 175 212
120 0 0 490 31 0 518 118 33
121 3 0 490 31 33 528 102 90
122 3 0 490 31 90 528 102 147
123 3 0 490 31 147 528 102 204
124 3 0 492 175 0 530 232 71
125 7 0 492 175 71 562 232 168
126 0 0 492 175 168 579 203 201
127 0 0 492 203 168 579 231 201
128 2 0 495 118 0 572 174 37
129 2 0 495 102 37 572 158 74
130 0 0 495 102 74 582 135 102
131 0 0 495 135 74 582 168 102
132 4 0 495 102 102 579 140 160
133 4 0 495 102 160 579 140 218
134 6 0 528 0 0 575 102 67
135 4 0 528 0 67 586 84 105
136 4 0 528 0 105 586 84 143
137 6 0 528 0 143 575 102 210
