Utilizacion 70.557900 VolCajasEmpacado 71.635455 Duracion[s] 60.001000 Iteraciones 3855
0 1 0 0 0 0 72 104 44
1 4 0 0 104 0 67 186 77
2 5 0 0 0 44 112 87 67
3 5 0 0 0 67 112 87 90
4 4 0 0 0 90 82 77 157
5 3 0 0 0 157 60 108 216
6 0 0 0 108 77 89 164 101
7 2 0 0 108 101 80 164 199
8 6 1 0 164 77 36 200 141
9 11 1 60 0 157 96 67 203
10 11 1 0 164 141 36 231 187
11 10 1 36 186 0 140 230 72
12 8 1 67 164 72 147 221 167
13 12 1 36 164 167 125 220 191
14 12 1 0 164 191 89 220 215
15 7 1 89 87 0 197 146 60
16 9 1 89 87 60 187 143 140
17 9 1 89 87 140 187 143 220
18 13 1 112 0 0 224 87 23
19 9 1 112 0 23 210 80 79
20 18 2 89 143 191 145 232 215
21 17 2 112 0 79 210 80 135
22 15 2 96 0 135 204 59 195
23 19 2 96 0 195 208 87 218
24 19 2 147 146 0 259 233 23
25 19 2 147 146 23 259 233 46
26 14 2 147 146 46 263 187 86
27 14 2 147 187 46 263 228 86
28 17 2 147 143 86 227 199 184
29 18 2 145 143 184 234 199 208
30 18 2 197 87 0 286 143 24
31 16 2 208 80 24 303 137 104
32 19 2 263 143 0 375 230 23
33 24 3 187 87 104 303 127 145
34 24 3 187 87 145 303 127 186
35 21 3 187 87 186 276 143 210
36 26 3 224 0 0 280 80 98
37 26 3 280 0 0 336 80 98
38 26 3 336 0 0 392 80 98
39 22 3 210 0 98 246 36 162
40 22 3 210 36 98 246 72 162
41 22 3 208 0 162 244 64 198
42 28 3 246 0 98 328 77 165
43 23 3 234 143 86 270 189 153
44 22 3 234 143 153 270 179 217
45 25 3 244 0 165 348 72 209
46 25 3 263 189 23 367 233 95
47 25 3 263 189 95 367 233 167
48 28 3 348 0 98 415 77 180
49 25 3 270 143 23 374 187 95
50 27 3 303 80 0 362 140 108
51 20 3 303 77 108 390 189 131
52 20 3 303 77 131 390 189 154
53 33 4 348 0 180 404 89 204
54 35 4 234 179 167 350 219 208
55 32 4 270 143 154 337 179 200
56 32 4 303 89 154 370 135 190
57 33 4 337 89 190 393 178 214
58 31 4 375 189 0 479 233 72
59 31 4 367 189 72 471 233 144
60 34 4 393 89 0 505 176 23
61 30 4 393 89 23 460 171 100
62 29 4 393 89 100 488 146 180
63 41 5 367 189 144 431 225 180
64 41 5 367 189 180 431 225 216
65 41 5 393 89 180 457 125 216
66 40 5 393 146 100 509 187 140
67 41 5 393 125 180 457 161 216
68 38 5 415 0 0 472 80 95
69 36 5 415 0 95 497 77 162
70 43 5 415 0 162 527 87 185
71 43 5 415 0 185 527 87 208
72 42 5 457 87 180 513 176 204
73 39 5 513 87 0 569 167 98
74 39 5 513 87 98 569 167 196
75 37 5 513 167 0 573 226 108
76 37 5 513 167 108 573 226 216
77 39 5 527 0 0 583 80 98
78 48 6 527 0 98 584 80 193
