Utilizacion 69.301846 VolCajasEmpacado 70.113061 Duracion[s] 60.019000 Iteraciones 1041
0 0 0 0 0 0 120 43 23
1 5 0 0 0 23 72 57 120
2 5 0 0 0 120 72 57 217
3 3 0 0 57 0 40 165 71
4 3 0 0 57 71 40 165 142
5 3 0 0 57 142 40 165 213
6 4 0 0 165 0 43 230 63
7 2 0 0 165 63 63 220 94
8 1 0 0 165 94 79 196 136
9 1 0 0 196 94 79 227 136
10 6 0 40 57 0 114 150 20
11 6 0 40 57 20 114 150 40
12 6 0 40 57 40 114 150 60
13 6 0 40 57 60 114 150 80
14 11 1 0 165 136 50 233 176
15 13 1 0 165 176 79 196 218
16 13 1 0 196 176 79 227 218
17 9 1 40 57 80 116 134 122
18 9 1 40 57 122 116 134 164
19 9 1 40 57 164 116 134 206
20 12 1 40 134 80 103 165 135
21 13 1 40 134 135 119 165 177
22 7 1 72 0 23 148 38 79
23 7 1 72 0 79 148 38 135
24 7 1 72 0 135 148 38 191
25 8 1 79 165 0 176 222 72
26 8 1 79 165 72 176 222 144
27 10 1 79 165 144 187 205 215
28 14 1 116 43 0 209 117 20
29 22 2 72 0 191 151 36 212
30 22 2 40 134 177 119 155 213
31 22 2 79 205 144 158 226 180
32 21 2 116 43 20 209 117 40
33 18 2 116 38 40 158 114 117
34 15 2 116 38 117 156 106 167
35 15 2 116 38 167 156 106 217
36 16 2 158 0 40 230 97 97
37 18 2 119 117 0 195 159 77
38 17 2 119 114 77 184 157 140
39 20 2 119 106 140 182 161 171
40 23 2 119 106 171 198 137 213
41 19 2 151 0 97 227 38 153
42 23 2 151 0 153 230 31 195
43 24 2 158 38 97 220 106 123
44 26 3 79 205 180 158 226 216
45 28 3 156 38 123 206 106 163
46 27 3 156 31 163 232 69 219
47 25 3 187 159 0 280 233 20
48 25 3 187 159 20 280 233 40
49 28 3 187 159 40 227 227 90
50 28 3 187 159 90 227 227 140
51 27 3 187 137 140 263 193 178
52 27 3 187 137 178 263 193 216
53 29 3 230 69 0 273 132 65
54 30 4 156 69 163 235 90 199
55 30 4 156 69 199 235 105 220
56 35 4 187 193 140 250 224 195
57 37 4 198 106 65 318 129 108
58 35 4 198 106 108 261 137 163
59 33 4 250 193 40 300 233 108
60 31 4 232 0 0 329 57 72
61 31 4 232 0 72 329 57 144
62 31 4 232 0 144 329 57 216
63 32 4 235 57 65 311 99 142
64 32 4 235 57 142 311 99 219
65 33 4 250 193 108 318 233 158
66 34 4 250 193 158 326 231 214
67 31 4 263 99 108 335 156 205
68 36 4 326 156 0 388 224 26
69 36 4 326 156 26 388 224 52
70 36 4 326 156 52 388 224 78
71 38 4 326 156 78 419 230 98
72 40 5 311 57 0 388 99 76
73 40 5 388 57 0 465 99 76
74 40 5 465 57 0 542 99 76
75 45 5 311 57 76 390 99 107
76 45 5 311 57 107 390 99 138
77 45 5 311 57 138 390 99 169
78 44 5 311 57 169 390 93 190
79 44 5 311 57 190 390 93 211
80 43 5 326 156 98 446 199 121
81 44 5 326 199 98 405 220 134
82 44 5 326 199 134 405 220 170
83 40 5 326 156 121 402 198 198
84 41 5 329 0 0 397 40 50
85 39 5 329 0 50 405 56 88
86 40 5 329 0 88 405 42 165
87 42 5 390 56 76 452 124 102
88 42 5 390 56 102 452 124 128
89 54 6 326 156 198 405 192 219
90 51 6 326 198 170 405 229 212
91 50 6 329 0 165 405 56 203
92 54 6 335 124 0 414 145 36
93 53 6 335 99 128 455 122 171
94 53 6 335 124 36 455 147 79
95 53 6 335 124 79 455 147 122
96 53 6 335 124 122 455 147 165
97 46 6 335 93 171 403 143 211
98 55 6 403 56 171 477 149 191
99 52 6 403 56 191 471 118 217
100 52 6 405 118 191 473 180 217
101 48 6 405 0 0 482 42 76
102 48 6 405 0 76 482 42 152
103 46 6 405 0 152 445 50 220
104 47 6 445 0 152 510 43 215
105 48 6 446 180 0 523 222 76
106 48 6 446 180 76 523 222 152
107 49 6 477 99 0 585 139 71
108 64 7 405 180 152 525 223 175
109 60 7 405 180 175 473 230 215
110 62 7 473 149 0 552 180 42
111 56 7 473 149 175 549 226 217
112 57 7 477 43 76 574 100 148
113 57 7 477 43 148 574 100 220
114 67 7 477 100 71 540 131 126
115 67 7 477 100 126 540 131 181
116 65 7 477 100 181 556 121 217
117 67 7 556 100 71 587 163 126
118 58 7 510 0 0 573 43 65
119 58 7 510 0 65 573 43 130
120 61 7 510 0 130 586 38 186
121 65 7 549 121 126 570 200 162
122 61 7 549 121 162 587 197 218
