Utilizacion 76.573423 VolCajasEmpacado 77.457495 Duracion[s] 60.035000 Iteraciones 749
0 2 0 0 0 0 75 55 98
1 2 0 0 55 0 75 110 98
2 2 0 0 110 0 75 165 98
3 2 0 0 165 0 75 220 98
4 2 0 0 0 98 75 55 196
5 2 0 0 55 98 75 110 196
6 2 0 0 110 98 75 165 196
7 2 0 0 165 98 75 220 196
8 0 0 0 0 196 85 108 216
9 0 0 0 108 196 85 216 216
10 1 0 85 0 0 154 32 20
11 1 0 85 32 0 154 64 20
12 1 0 85 64 0 154 96 20
13 1 0 85 96 0 154 128 20
14 1 0 85 128 0 154 160 20
15 1 0 85 160 0 154 192 20
16 1 0 85 192 0 154 224 20
17 1 0 85 0 20 154 32 40
18 1 0 85 32 20 154 64 40
19 1 0 85 64 20 154 96 40
20 1 0 85 96 20 154 128 40
21 1 0 85 128 20 154 160 40
22 1 0 85 160 20 154 192 40
23 1 0 85 192 20 154 224 40
24 6 0 85 0 40 125 81 96
25 6 0 85 0 96 125 81 152
26 6 0 85 0 152 125 81 208
27 9 0 85 81 40 117 121 100
28 9 0 117 81 40 149 121 100
29 9 0 85 81 100 117 121 160
30 9 0 117 81 100 149 121 160
31 9 0 85 81 160 117 121 220
32 9 0 117 81 160 149 121 220
33 6 0 85 121 40 166 161 96
34 6 0 85 161 40 166 201 96
35 9 0 85 121 96 125 153 156
36 9 0 85 121 156 125 153 216
37 10 0 85 201 40 151 227 75
38 10 0 85 201 75 151 227 110
39 10 0 85 201 110 151 227 145
40 10 0 85 201 145 151 227 180
41 10 0 85 201 180 151 227 215
42 7 0 85 153 96 145 192 155
43 6 0 85 153 155 166 193 211
44 7 0 125 0 40 164 59 100
45 7 0 125 0 100 164 59 160
46 7 0 125 0 160 164 59 220
47 10 0 125 121 96 191 147 131
48 11 0 125 121 131 244 146 165
49 11 0 125 121 165 244 146 199
50 6 0 154 59 0 235 99 56
51 6 0 154 59 56 235 99 112
52 6 0 154 59 112 235 99 168
53 7 0 149 59 168 209 118 207
54 11 0 154 201 0 273 226 34
55 11 0 154 201 34 273 226 68
56 11 0 154 201 68 273 226 102
57 11 0 154 201 102 273 226 136
58 11 0 154 201 136 273 226 170
59 7 0 164 0 0 223 39 60
60 7 0 223 0 0 282 39 60
61 7 0 164 0 60 223 39 120
62 7 0 223 0 60 282 39 120
63 7 0 164 0 120 223 39 180
64 7 0 223 0 120 282 39 180
65 4 0 166 147 0 263 192 66
66 8 0 209 0 180 287 63 218
67 3 0 166 147 66 261 194 143
68 3 0 166 147 143 261 194 220
69 2 0 235 63 0 333 118 75
70 3 0 235 63 75 330 110 152
71 5 0 235 63 152 342 105 213
72 8 0 263 118 0 326 196 38
73 8 0 326 118 0 389 196 38
74 8 0 389 118 0 452 196 38
75 8 0 452 118 0 515 196 38
76 8 0 515 118 0 578 196 38
77 4 0 263 118 38 360 184 83
78 0 0 261 110 83 369 195 103
79 0 0 261 110 103 369 195 123
80 0 0 261 110 123 369 195 143
81 8 0 261 110 143 324 188 181
82 8 0 261 110 181 324 188 219
83 4 0 287 0 0 384 45 66
84 8 0 287 0 66 365 63 104
85 4 0 287 0 104 384 45 170
86 21 1 151 194 170 270 228 195
87 21 1 151 194 195 270 228 220
88 19 1 273 196 0 313 228 60
89 19 1 273 196 60 313 228 120
90 19 1 273 196 120 313 228 180
91 19 1 270 188 180 330 220 220
92 20 1 287 0 170 353 35 196
93 23 1 287 35 170 356 55 202
94 23 1 287 0 196 356 32 216
95 18 1 324 110 143 362 188 206
96 23 1 330 196 0 399 216 32
97 23 1 330 196 32 399 228 52
98 23 1 330 196 52 399 228 72
99 23 1 330 196 72 399 228 92
100 18 1 330 195 92 408 233 155
101 18 1 330 195 155 408 233 218
102 13 1 342 63 0 437 110 77
103 21 1 342 63 77 461 88 111
104 21 1 342 63 111 461 88 145
105 21 1 342 63 145 461 88 179
106 21 1 342 63 179 461 88 213
107 19 1 356 0 170 396 60 202
108 17 1 369 110 38 408 169 98
109 17 1 369 110 98 408 169 158
110 17 1 369 110 158 408 169 218
111 20 1 369 169 38 435 195 73
112 21 1 369 169 73 488 194 107
113 20 1 369 169 107 435 195 142
114 20 1 435 169 107 501 195 142
115 20 1 369 169 142 435 195 177
116 20 1 435 169 142 501 195 177
117 20 1 369 169 177 435 195 212
118 20 1 435 169 177 501 195 212
119 15 1 396 0 0 503 61 42
120 15 1 396 0 42 503 61 84
121 15 1 396 0 84 503 61 126
122 15 1 396 0 126 503 61 168
123 15 1 396 0 168 503 61 210
124 20 1 408 196 0 474 222 35
125 20 1 408 196 35 474 222 70
126 20 1 408 196 70 474 222 105
127 20 1 408 196 105 474 222 140
128 18 1 408 195 140 486 233 203
129 17 1 408 110 38 468 149 97
130 17 1 408 110 97 468 149 156
131 17 1 408 110 156 468 149 215
132 13 1 461 61 0 556 108 77
133 13 1 461 61 77 556 108 154
134 17 1 461 61 154 521 100 213
135 17 1 521 61 154 581 100 213
136 15 1 468 108 38 575 169 80
137 15 1 468 108 80 575 169 122
138 15 1 468 108 122 575 169 164
139 14 1 468 100 164 565 166 209
140 16 1 501 169 38 582 209 94
141 16 1 501 169 94 582 209 150
142 16 1 501 169 150 582 209 206
143 16 1 503 0 0 584 56 40
144 16 1 503 0 40 584 56 80
145 16 1 503 0 80 584 56 120
146 16 1 503 0 120 584 56 160
147 16 1 503 0 160 584 56 200
