Utilizacion 85.702943 VolCajasEmpacado 86.392415 Duracion[s] 60.007000 Iteraciones 796
0 1 0 0 0 0 43 61 31
1 1 0 0 61 0 43 122 31
2 1 0 0 0 31 43 61 62
3 1 0 0 61 31 43 122 62
4 1 0 0 0 62 43 61 93
5 1 0 0 61 62 43 122 93
6 1 0 0 0 93 43 61 124
7 1 0 0 61 93 43 122 124
8 1 0 0 0 124 43 61 155
9 1 0 0 61 124 43 122 155
10 1 0 0 0 155 43 61 186
11 1 0 0 61 155 43 122 186
12 1 0 0 0 186 43 61 217
13 1 0 0 61 186 43 122 217
14 8 0 0 122 0 52 216 77
15 5 0 0 122 77 71 232 122
16 6 0 0 122 122 67 185 169
17 6 0 0 122 169 67 185 216
18 6 0 0 185 122 67 232 185
19 2 0 0 185 185 110 225 219
20 5 0 43 0 0 88 110 71
21 5 0 88 0 0 133 110 71
22 5 0 133 0 0 178 110 71
23 5 0 178 0 0 223 110 71
24 5 0 43 0 71 88 110 142
25 5 0 88 0 71 133 110 142
26 5 0 133 0 71 178 110 142
27 5 0 178 0 71 223 110 142
28 5 0 43 0 142 88 110 213
29 5 0 88 0 142 133 110 213
30 5 0 133 0 142 178 110 213
31 5 0 178 0 142 223 110 213
32 3 0 71 110 0 143 145 53
33 3 0 71 145 0 143 180 53
34 3 0 71 110 53 143 145 106
35 3 0 71 145 53 143 180 106
36 3 0 71 110 106 143 145 159
37 3 0 71 145 106 143 180 159
38 3 0 71 110 159 143 145 212
39 3 0 71 145 159 143 180 212
40 8 0 110 180 0 187 232 94
41 8 0 110 180 94 187 232 188
42 0 0 110 180 188 149 221 214
43 0 0 149 180 188 188 221 214
44 2 0 143 110 0 253 144 40
45 2 0 143 144 0 253 178 40
46 2 0 143 110 40 253 144 80
47 2 0 143 144 40 253 178 80
48 2 0 143 110 80 253 144 120
49 2 0 143 144 80 253 178 120
50 2 0 143 110 120 253 144 160
51 2 0 143 144 120 253 178 160
52 2 0 143 110 160 253 144 200
53 2 0 143 144 160 253 178 200
54 6 0 188 178 0 251 225 67
55 6 0 188 178 67 251 225 134
56 6 0 188 178 134 251 225 201
57 9 0 223 0 0 342 96 71
58 9 0 342 0 0 461 96 71
59 9 0 461 0 0 580 96 71
60 9 0 223 0 71 342 96 142
61 9 0 342 0 71 461 96 142
62 9 0 461 0 71 580 96 142
63 9 0 223 0 142 342 96 213
64 9 0 342 0 142 461 96 213
65 9 0 461 0 142 580 96 213
66 7 0 251 178 0 324 230 71
67 7 0 251 178 71 324 230 142
68 7 0 251 178 142 324 230 213
69 0 0 253 96 0 292 137 26
70 0 0 253 137 0 292 178 26
71 3 0 253 96 26 288 168 79
72 6 0 253 96 79 316 163 126
73 6 0 253 96 126 316 163 173
74 6 0 253 96 173 316 163 220
75 8 0 316 96 0 410 173 52
76 8 0 316 96 52 410 173 104
77 8 0 316 96 104 410 173 156
78 8 0 316 96 156 410 173 208
79 0 0 324 173 0 365 212 26
80 0 0 324 173 26 365 212 52
81 0 0 324 173 52 365 212 78
82 0 0 324 173 78 365 212 104
83 0 0 324 173 104 365 212 130
84 0 0 324 173 130 365 212 156
85 0 0 324 173 156 365 212 182
86 0 0 324 173 182 365 212 208
87 6 0 365 173 0 428 220 67
88 6 0 365 173 67 428 220 134
89 6 0 365 173 134 428 220 201
90 7 0 410 96 0 481 148 73
91 7 0 481 96 0 552 148 73
92 7 0 410 96 73 481 148 146
93 7 0 481 96 73 552 148 146
94 7 0 410 96 146 481 148 219
95 7 0 481 96 146 552 148 219
96 8 0 428 148 0 480 225 94
97 8 0 428 148 94 480 225 188
98 1 0 428 148 188 471 209 219
99 6 0 480 148 0 547 211 47
100 0 0 480 148 47 521 187 73
101 0 0 521 148 47 562 187 73
102 0 0 480 148 73 521 187 99
103 0 0 521 148 73 562 187 99
104 8 0 480 148 99 532 225 193
105 8 0 532 148 99 584 225 193
106 0 0 471 148 193 510 189 219
