Utilizacion 83.129086 VolCajasEmpacado 84.123325 Duracion[s] 60.037000 Iteraciones 1581
0 2 0 0 0 0 95 38 53
1 2 0 95 0 0 190 38 53
2 2 0 190 0 0 285 38 53
3 2 0 285 0 0 380 38 53
4 2 0 380 0 0 475 38 53
5 2 0 475 0 0 570 38 53
6 2 0 0 38 0 95 76 53
7 2 0 95 38 0 190 76 53
8 2 0 190 38 0 285 76 53
9 2 0 285 38 0 380 76 53
10 2 0 380 38 0 475 76 53
11 2 0 475 38 0 570 76 53
12 3 0 0 0 53 50 40 94
13 3 0 0 40 53 50 80 94
14 3 0 0 0 94 50 40 135
15 3 0 0 40 94 50 80 135
16 3 0 0 0 135 50 40 176
17 3 0 0 40 135 50 80 176
18 3 0 0 0 176 50 40 217
19 3 0 0 40 176 50 80 217
20 4 0 50 0 53 155 42 121
21 4 0 155 0 53 260 42 121
22 4 0 260 0 53 365 42 121
23 4 0 365 0 53 470 42 121
24 4 0 470 0 53 575 42 121
25 4 0 50 42 53 155 84 121
26 4 0 155 42 53 260 84 121
27 4 0 260 42 53 365 84 121
28 4 0 365 42 53 470 84 121
29 4 0 470 42 53 575 84 121
30 4 0 50 0 121 155 42 189
31 4 0 155 0 121 260 42 189
32 4 0 260 0 121 365 42 189
33 4 0 365 0 121 470 42 189
34 4 0 470 0 121 575 42 189
35 4 0 50 42 121 155 84 189
36 4 0 155 42 121 260 84 189
37 4 0 260 42 121 365 84 189
38 4 0 365 42 121 470 84 189
39 4 0 470 42 121 575 84 189
40 3 0 0 80 0 40 121 50
41 3 0 0 121 0 40 162 50
42 3 0 0 80 50 40 121 100
43 3 0 0 121 50 40 162 100
44 3 0 0 80 100 40 121 150
45 3 0 0 121 100 40 162 150
46 3 0 0 80 150 40 121 200
47 3 0 0 121 150 40 162 200
48 1 0 50 0 189 129 73 215
49 1 0 129 0 189 208 73 215
50 0 0 0 162 0 75 199 24
51 0 0 75 162 0 150 199 24
52 0 0 0 162 24 75 199 48
53 0 0 75 162 24 150 199 48
54 0 0 0 162 48 75 199 72
55 0 0 75 162 48 150 199 72
56 0 0 0 162 72 75 199 96
57 0 0 75 162 72 150 199 96
58 0 0 0 162 96 75 199 120
59 0 0 75 162 96 150 199 120
60 0 0 0 162 120 75 199 144
61 0 0 75 162 120 150 199 144
62 0 0 0 162 144 75 199 168
63 0 0 75 162 144 150 199 168
64 0 0 0 162 168 75 199 192
65 0 0 75 162 168 150 199 192
66 0 0 0 162 192 75 199 216
67 0 0 75 162 192 150 199 216
68 0 0 0 199 0 75 223 37
69 2 0 40 84 0 135 137 38
70 2 0 135 84 0 230 137 38
71 2 0 230 84 0 325 137 38
72 2 0 325 84 0 420 137 38
73 2 0 420 84 0 515 137 38
74 1 0 40 84 38 119 157 64
75 1 0 40 84 64 119 157 90
76 1 0 40 84 90 119 157 116
77 1 0 40 84 116 119 157 142
78 1 0 40 84 142 119 157 168
79 1 0 40 84 168 119 157 194
80 1 0 40 84 194 119 157 220
81 1 0 119 84 38 198 157 64
82 1 0 119 84 64 198 157 90
83 1 0 119 84 90 198 157 116
84 1 0 119 84 116 198 157 142
85 1 0 119 84 142 198 157 168
86 1 0 119 84 168 198 157 194
87 1 0 119 84 194 198 157 220
88 1 0 150 157 0 229 230 26
89 1 0 150 157 26 229 230 52
90 5 1 208 0 189 283 37 213
91 5 1 283 0 189 358 37 213
92 5 1 358 0 189 433 37 213
93 5 1 433 0 189 508 37 213
94 5 1 508 0 189 583 37 213
95 5 1 208 37 189 283 74 213
96 5 1 283 37 189 358 74 213
97 5 1 358 37 189 433 74 213
98 5 1 433 37 189 508 74 213
99 5 1 508 37 189 583 74 213
100 6 1 150 157 52 229 230 78
101 6 1 150 157 78 229 230 104
102 6 1 150 157 104 229 230 130
103 6 1 150 157 130 229 230 156
104 6 1 150 157 156 229 230 182
105 6 1 150 157 182 229 230 208
106 6 1 198 84 38 277 157 64
107 6 1 198 84 64 277 157 90
108 6 1 198 84 90 277 157 116
109 6 1 198 84 116 277 157 142
110 6 1 198 84 142 277 157 168
111 6 1 198 84 168 277 157 194
112 6 1 198 84 194 277 157 220
113 5 1 229 157 0 266 232 24
114 5 1 229 157 24 266 232 48
115 5 1 229 157 48 266 232 72
116 5 1 229 157 72 266 232 96
117 5 1 229 157 96 266 232 120
118 5 1 229 157 120 266 232 144
119 5 1 229 157 144 266 232 168
120 5 1 229 157 168 266 232 192
121 5 1 229 157 192 266 232 216
122 5 1 266 157 0 303 232 24
123 5 1 266 157 24 303 232 48
124 5 1 266 157 48 303 232 72
125 8 1 266 157 72 307 207 112
126 8 1 266 157 112 306 207 153
127 6 1 266 157 153 345 230 179
128 6 1 266 157 179 345 230 205
129 9 1 277 84 38 382 152 80
130 9 1 382 84 38 487 152 80
131 9 1 277 84 80 382 152 122
132 9 1 382 84 80 487 152 122
133 9 1 277 84 122 382 152 164
134 9 1 382 84 122 487 152 164
135 9 1 277 84 164 382 152 206
136 9 1 382 84 164 487 152 206
137 8 1 345 152 0 385 193 50
138 8 1 345 152 50 386 202 90
139 8 1 345 152 90 395 192 131
140 8 1 345 152 131 395 192 172
141 8 1 345 152 172 395 192 213
142 8 1 487 84 38 527 134 79
143 8 1 487 84 79 527 134 120
144 8 1 487 84 120 527 134 161
145 8 1 487 84 161 527 134 202
146 7 1 386 192 0 481 230 53
147 8 1 386 192 53 436 233 93
148 8 1 436 192 53 486 233 93
149 8 1 386 192 93 436 233 133
150 8 1 436 192 93 486 233 133
151 8 1 386 192 133 436 233 173
152 8 1 436 192 133 486 233 173
153 8 1 386 192 173 436 233 213
154 8 1 436 192 173 486 233 213
155 8 1 395 152 0 445 192 41
156 8 1 395 152 41 436 192 91
157 8 1 395 152 91 436 192 141
158 8 1 395 152 141 436 192 191
159 7 1 445 152 0 540 190 53
160 7 1 436 152 53 531 190 106
161 7 1 436 152 106 531 190 159
162 7 1 436 152 159 531 190 212
163 7 1 486 190 0 581 228 53
164 7 1 486 190 53 581 228 106
165 7 1 486 190 106 581 228 159
166 7 1 486 190 159 581 228 212
167 7 1 540 84 0 578 179 53
168 7 1 540 84 53 578 179 106
169 7 1 540 84 106 578 179 159
170 7 1 540 84 159 578 179 212
