Utilizacion 71.786410 VolCajasEmpacado 73.380806 Duracion[s] 60.008000 Iteraciones 7015
0 1 0 0 0 0 91 54 45
1 1 0 0 54 0 91 108 45
2 2 0 0 0 45 105 72 122
3 0 0 0 0 122 59 109 198
4 5 1 0 109 0 109 168 76
5 4 1 0 109 76 105 186 148
6 4 1 0 109 148 105 186 220
7 3 1 0 186 0 48 223 30
8 6 2 59 0 122 131 105 199
9 7 3 0 186 30 37 230 57
10 8 3 0 186 57 48 223 87
11 9 3 0 186 87 91 231 141
12 10 3 105 168 0 214 227 76
13 11 4 109 105 0 185 159 79
14 14 5 0 186 141 44 213 178
15 14 5 0 186 178 44 213 215
16 13 5 44 186 141 92 216 178
17 13 5 44 186 178 92 216 215
18 12 5 105 105 79 184 181 133
19 15 6 105 105 133 159 181 212
20 16 7 131 0 0 203 105 77
21 17 8 92 186 76 140 223 106
22 18 9 92 186 106 119 230 143
23 19 9 131 0 77 185 76 156
24 21 10 131 0 156 209 79 204
25 20 10 203 79 0 319 157 20
26 24 11 92 186 143 119 230 180
27 23 11 203 79 20 319 157 40
28 23 11 203 79 40 319 157 60
29 22 11 203 79 60 308 156 132
30 25 12 92 186 180 140 223 210
31 26 12 184 79 132 238 158 208
32 27 13 140 181 76 177 229 106
33 28 14 140 181 106 177 229 136
34 29 15 209 0 0 285 59 109
35 30 16 209 0 109 300 45 163
36 31 16 209 0 163 288 76 217
37 32 17 214 158 0 293 206 78
38 33 18 184 159 78 260 213 157
39 34 19 238 76 132 292 155 208
40 37 20 140 181 157 231 226 211
41 36 20 293 157 0 371 205 79
42 35 20 300 0 0 416 78 20
43 40 21 260 156 79 369 215 155
44 38 21 260 155 155 376 233 175
45 38 21 260 155 175 376 233 195
46 39 21 300 0 20 378 79 68
47 41 22 238 155 195 354 233 215
48 44 22 300 0 68 372 77 173
49 43 22 319 79 0 378 155 109
50 42 22 308 77 109 356 155 188
51 47 23 288 0 173 336 30 210
52 46 23 378 0 20 432 79 96
53 45 23 372 0 96 444 77 201
54 48 24 376 155 0 435 231 109
55 49 24 378 79 0 483 151 77
56 50 25 378 79 77 457 155 131
57 51 26 292 77 188 336 114 215
58 53 26 356 77 131 410 153 210
59 52 26 410 77 131 458 155 210
60 54 26 376 155 109 453 227 214
61 55 27 444 0 0 523 76 54
62 57 28 444 0 54 553 59 130
63 57 28 444 0 130 553 59 206
64 56 28 453 155 0 490 199 27
65 58 29 453 155 27 497 192 54
66 59 30 458 59 77 503 150 131
67 62 31 458 59 131 512 135 210
68 63 31 453 155 54 530 227 159
69 60 31 453 155 159 569 233 179
70 61 31 523 59 0 577 150 45
71 64 32 453 155 179 569 233 199
72 66 32 512 76 45 566 155 121
73 65 32 512 59 121 560 137 200
74 68 33 453 155 199 569 233 219
