Utilizacion 85.416260 VolCajasEmpacado 86.922608 Duracion[s] 60.030000 Iteraciones 989
0 6 0 0 0 0 76 108 47
1 6 0 76 0 0 152 108 47
2 6 0 152 0 0 228 108 47
3 6 0 228 0 0 304 108 47
4 6 0 304 0 0 380 108 47
5 6 0 0 0 47 76 108 94
6 6 0 76 0 47 152 108 94
7 6 0 152 0 47 228 108 94
8 6 0 228 0 47 304 108 94
9 6 0 304 0 47 380 108 94
10 6 0 0 0 94 76 108 141
11 6 0 76 0 94 152 108 141
12 6 0 152 0 94 228 108 141
13 6 0 228 0 94 304 108 141
14 6 0 304 0 94 380 108 141
15 6 0 0 0 141 76 108 188
16 6 0 76 0 141 152 108 188
17 6 0 152 0 141 228 108 188
18 6 0 228 0 141 304 108 188
19 6 0 304 0 141 380 108 188
20 1 0 0 108 0 75 144 28
21 1 0 75 108 0 150 144 28
22 1 0 150 108 0 225 144 28
23 1 0 225 108 0 300 144 28
24 1 0 300 108 0 375 144 28
25 1 0 375 108 0 450 144 28
26 1 0 450 108 0 525 144 28
27 1 0 0 108 28 75 144 56
28 1 0 75 108 28 150 144 56
29 1 0 150 108 28 225 144 56
30 1 0 225 108 28 300 144 56
31 1 0 300 108 28 375 144 56
32 1 0 375 108 28 450 144 56
33 1 0 450 108 28 525 144 56
34 1 0 0 108 56 75 144 84
35 1 0 75 108 56 150 144 84
36 1 0 150 108 56 225 144 84
37 1 0 225 108 56 300 144 84
38 1 0 300 108 56 375 144 84
39 1 0 375 108 56 450 144 84
40 1 0 450 108 56 525 144 84
41 2 0 0 144 0 100 233 31
42 2 0 0 144 31 100 233 62
43 2 0 0 144 62 100 233 93
44 2 0 0 144 93 100 233 124
45 2 0 0 144 124 100 233 155
46 2 0 0 144 155 100 233 186
47 2 0 0 144 186 100 233 217
48 2 0 0 0 188 100 89 219
49 2 0 100 0 188 200 89 219
50 2 0 200 0 188 300 89 219
51 2 0 300 0 188 400 89 219
52 3 0 0 108 84 98 144 128
53 3 0 98 108 84 196 144 128
54 3 0 196 108 84 294 144 128
55 3 0 294 108 84 392 144 128
56 3 0 392 108 84 490 144 128
57 3 0 0 108 128 98 144 172
58 3 0 98 108 128 196 144 172
59 3 0 196 108 128 294 144 172
60 3 0 294 108 128 392 144 172
61 3 0 392 108 128 490 144 172
62 3 0 0 108 172 98 144 216
63 3 0 98 108 172 196 144 216
64 3 0 196 108 172 294 144 216
65 3 0 294 108 172 392 144 216
66 3 0 392 108 172 490 144 216
67 7 0 100 144 0 156 226 108
68 7 0 156 144 0 212 226 108
69 7 0 212 144 0 268 226 108
70 7 0 268 144 0 324 226 108
71 7 0 324 144 0 380 226 108
72 7 0 380 144 0 436 226 108
73 7 0 436 144 0 492 226 108
74 7 0 492 144 0 548 226 108
75 7 0 100 144 108 156 226 216
76 7 0 156 144 108 212 226 216
77 7 0 212 144 108 268 226 216
78 7 0 268 144 108 324 226 216
79 7 0 324 144 108 380 226 216
80 7 0 380 144 108 436 226 216
81 7 0 436 144 108 492 226 216
82 7 0 492 144 108 548 226 216
83 4 0 400 0 0 445 43 46
84 4 0 400 43 0 445 86 46
85 0 0 400 0 46 424 45 87
86 0 0 400 0 87 424 45 128
87 0 0 400 0 128 424 45 169
88 0 0 400 0 169 424 45 210
89 4 0 400 45 46 443 91 91
90 4 0 400 45 91 445 91 134
91 4 0 400 45 134 445 91 177
92 4 0 400 45 177 445 91 220
93 0 0 424 0 46 448 45 87
94 0 0 424 0 87 448 45 128
95 0 0 424 0 128 448 45 169
96 0 0 424 0 169 448 45 210
97 6 0 445 45 0 553 92 76
98 6 0 445 45 76 553 92 152
99 4 0 445 45 152 490 91 195
100 0 0 445 45 195 490 86 219
101 2 0 490 0 152 579 100 183
102 2 0 490 0 183 579 100 214
103 0 0 490 100 84 535 141 108
104 4 0 490 100 108 535 143 154
105 0 0 448 0 0 472 41 45
106 0 0 448 0 45 472 41 90
107 0 0 448 0 90 472 41 135
108 0 0 448 0 135 472 41 180
109 0 0 448 0 180 489 45 204
110 0 0 490 100 154 535 141 178
111 4 0 535 100 0 580 143 46
112 4 0 535 100 46 580 143 92
113 4 0 535 100 92 580 143 138
114 4 0 535 100 138 580 143 184
