Utilizacion 85.034912 VolCajasEmpacado 86.575539 Duracion[s] 60.004000 Iteraciones 3106
0 2 0 0 0 0 63 82 96
1 2 0 63 0 0 126 82 96
2 2 0 126 0 0 189 82 96
3 2 0 189 0 0 252 82 96
4 2 0 252 0 0 315 82 96
5 2 0 315 0 0 378 82 96
6 2 0 378 0 0 441 82 96
7 2 0 0 82 0 63 164 96
8 2 0 63 82 0 126 164 96
9 2 0 126 82 0 189 164 96
10 2 0 189 82 0 252 164 96
11 2 0 252 82 0 315 164 96
12 2 0 315 82 0 378 164 96
13 2 0 378 82 0 441 164 96
14 1 0 0 0 96 63 74 155
15 1 0 63 0 96 126 74 155
16 1 0 126 0 96 189 74 155
17 1 0 189 0 96 252 74 155
18 1 0 252 0 96 315 74 155
19 1 0 0 74 96 63 148 155
20 1 0 63 74 96 126 148 155
21 1 0 126 74 96 189 148 155
22 1 0 189 74 96 252 148 155
23 1 0 252 74 96 315 148 155
24 1 0 0 0 155 63 74 214
25 1 0 63 0 155 126 74 214
26 1 0 126 0 155 189 74 214
27 1 0 189 0 155 252 74 214
28 1 0 252 0 155 315 74 214
29 1 0 0 74 155 63 148 214
30 1 0 63 74 155 126 148 214
31 1 0 126 74 155 189 148 214
32 1 0 189 74 155 252 148 214
33 1 0 252 74 155 315 148 214
34 1 0 0 164 0 74 223 63
35 0 0 0 164 63 86 224 106
36 2 0 0 148 106 82 211 202
37 0 0 86 164 0 172 224 43
38 0 0 172 164 0 258 224 43
39 0 0 86 164 43 172 224 86
40 0 0 172 164 43 258 224 86
41 0 0 86 164 86 172 224 129
42 0 0 172 164 86 258 224 129
43 0 0 86 164 129 172 224 172
44 0 0 172 164 129 258 224 172
45 0 0 86 164 172 172 224 215
46 0 0 172 164 172 258 224 215
47 0 0 315 0 96 401 43 156
48 5 1 258 164 0 340 227 96
49 5 1 340 164 0 422 227 96
50 5 1 422 164 0 504 227 96
51 5 1 504 164 0 586 227 96
52 4 1 315 0 156 374 74 219
53 3 1 315 74 96 358 160 156
54 3 1 315 74 156 358 160 216
55 3 1 374 0 156 417 86 216
56 4 1 258 160 96 332 223 155
57 4 1 258 160 155 332 223 214
58 4 1 332 160 96 406 223 155
59 4 1 332 160 155 406 223 214
60 4 1 358 86 96 421 160 155
61 4 1 358 86 155 421 160 214
62 3 1 406 160 96 492 203 156
63 3 1 406 160 156 492 203 216
64 3 1 417 0 96 460 86 156
65 3 1 417 0 156 460 86 216
66 4 1 441 86 0 504 160 59
67 4 1 441 86 59 504 160 118
68 4 1 441 86 118 504 160 177
69 3 1 421 86 177 507 146 220
70 3 1 460 0 0 503 86 60
71 3 1 460 0 60 503 86 120
72 3 1 460 0 120 503 86 180
73 4 1 492 160 96 566 223 155
74 4 1 492 160 155 566 223 214
75 5 1 503 0 0 585 63 96
76 5 1 503 0 96 585 63 192
77 5 1 507 63 0 570 159 82
78 5 1 507 63 82 570 159 164
