Utilizacion 77.976369 VolCajasEmpacado 78.722439 Duracion[s] 60.052000 Iteraciones 1250
0 2 0 0 0 0 90 55 69
1 2 0 0 55 0 90 110 69
2 2 0 0 110 0 90 165 69
3 2 0 0 165 0 90 220 69
4 3 0 0 0 69 99 36 132
5 3 0 0 36 69 99 72 132
6 3 0 0 0 132 99 36 195
7 3 0 0 36 132 99 72 195
8 5 0 0 72 69 36 151 121
9 5 0 36 72 69 72 151 121
10 5 0 0 151 69 36 230 121
11 5 0 36 151 69 72 230 121
12 1 0 0 0 195 63 37 216
13 1 0 0 37 195 63 74 216
14 0 0 63 0 195 115 36 220
15 0 0 63 36 195 115 72 220
16 6 0 0 74 121 30 171 170
17 0 0 0 74 170 52 110 195
18 0 0 0 110 170 52 146 195
19 0 0 0 74 195 52 110 220
20 0 0 0 110 195 52 146 220
21 6 0 0 171 121 97 220 151
22 6 0 0 171 151 97 220 181
23 6 0 0 171 181 97 220 211
24 1 0 30 146 121 93 167 158
25 4 0 90 72 0 190 108 61
26 4 0 90 108 0 190 144 61
27 7 0 90 72 61 181 105 89
28 7 0 90 105 61 181 138 89
29 7 0 90 72 89 181 105 117
30 7 0 90 105 89 181 138 117
31 4 0 72 72 117 172 108 178
32 4 0 72 108 117 172 144 178
33 4 0 52 74 178 152 135 214
34 7 0 97 144 0 188 172 33
35 9 1 0 146 170 52 171 206
36 9 1 52 144 158 104 169 194
37 9 1 52 135 194 104 171 219
38 14 1 97 172 0 196 208 63
39 11 1 97 171 63 194 201 112
40 11 1 97 171 112 194 201 161
41 11 1 97 171 161 194 201 210
42 8 1 97 208 0 160 229 37
43 8 1 97 208 37 160 229 74
44 8 1 97 208 74 160 229 111
45 8 1 97 208 111 160 229 148
46 8 1 97 208 148 160 229 185
47 10 1 97 201 185 188 229 218
48 9 1 104 144 33 156 169 69
49 9 1 104 144 69 156 169 105
50 9 1 104 144 105 156 169 141
51 9 1 104 144 141 156 169 177
52 9 1 104 144 177 156 169 213
53 12 1 115 0 0 194 52 36
54 12 1 115 0 36 194 52 72
55 12 1 115 0 72 194 52 108
56 12 1 115 0 108 194 52 144
57 12 1 115 0 144 194 52 180
58 12 1 115 0 180 194 52 216
59 10 1 152 52 178 180 143 211
60 15 1 190 52 0 245 142 69
61 15 1 190 52 69 245 142 138
62 15 1 190 52 138 245 142 207
63 10 1 190 142 0 281 170 33
64 10 1 190 142 33 281 170 66
65 10 1 190 142 66 281 170 99
66 10 1 190 142 99 281 170 132
67 10 1 190 142 132 281 170 165
68 10 1 190 142 165 281 170 198
69 11 1 194 0 0 291 49 30
70 13 1 194 0 30 294 36 91
71 13 1 194 0 91 294 36 152
72 13 1 194 0 152 294 36 213
73 13 1 196 170 0 296 231 36
74 13 1 196 170 36 296 231 72
75 13 1 196 170 72 296 231 108
76 13 1 196 170 108 296 231 144
77 10 1 188 201 144 279 229 177
78 14 1 194 170 177 293 233 213
79 15 1 245 49 0 335 118 55
80 15 1 245 49 55 335 118 110
81 15 1 245 49 110 335 118 165
82 15 1 245 49 165 335 118 220
83 22 2 245 118 0 308 139 37
84 21 2 281 118 37 333 143 73
85 21 2 281 143 0 333 168 36
86 21 2 281 143 36 333 168 72
87 21 2 281 143 72 333 168 108
88 21 2 281 143 108 333 168 144
89 21 2 281 143 144 333 168 180
90 19 2 281 118 180 360 170 216
91 23 2 294 0 0 391 49 30
92 23 2 294 0 30 391 49 60
93 23 2 294 0 60 391 49 90
94 23 2 294 0 90 391 49 120
95 23 2 294 0 120 391 49 150
96 17 2 294 0 150 393 36 213
97 19 2 296 170 0 375 222 36
98 18 2 296 170 36 396 231 72
99 18 2 296 170 72 396 231 108
100 18 2 296 170 108 396 231 144
101 18 2 296 170 144 396 231 180
102 18 2 296 170 180 396 231 216
103 16 2 335 49 0 425 118 55
104 17 2 335 49 55 434 112 91
105 17 2 335 49 91 434 112 127
106 17 2 335 49 127 434 112 163
107 17 2 335 49 163 434 112 199
108 19 2 360 118 0 439 170 36
109 19 2 360 118 36 439 170 72
110 20 2 360 112 72 451 140 105
111 20 2 360 140 72 451 168 105
112 16 2 360 112 105 450 167 174
113 20 2 360 112 174 451 140 207
114 16 2 396 170 0 486 225 69
115 16 2 396 170 69 486 225 138
116 16 2 396 170 138 486 225 207
117 16 2 434 0 0 489 90 69
118 31 3 335 36 199 372 99 220
119 31 3 372 36 199 435 73 220
120 31 3 372 73 199 435 110 220
121 30 3 360 140 174 412 165 210
122 30 3 412 140 174 464 165 210
123 29 3 393 0 69 484 33 97
124 30 3 393 0 97 445 25 133
125 30 3 393 0 133 445 25 169
126 30 3 393 0 169 445 25 205
127 31 3 445 0 97 508 21 134
128 31 3 445 0 134 508 21 171
129 31 3 445 0 171 508 21 208
130 27 3 435 33 69 514 69 121
131 27 3 435 69 69 514 105 121
132 27 3 435 33 121 514 69 173
133 27 3 435 69 121 514 105 173
134 30 3 435 25 173 471 77 198
135 30 3 471 25 173 507 77 198
136 31 3 435 25 198 472 88 219
137 31 3 472 25 198 509 88 219
138 29 3 451 105 0 542 133 33
139 29 3 451 105 33 542 133 66
140 29 3 451 105 66 542 133 99
141 29 3 451 105 99 542 133 132
142 29 3 451 105 132 542 133 165
143 28 3 451 105 165 548 135 214
144 28 3 464 135 0 561 165 49
145 28 3 464 135 49 561 165 98
146 28 3 464 135 98 561 165 147
147 25 3 486 135 147 576 190 216
148 26 3 486 190 0 586 226 61
149 26 3 486 190 61 586 226 122
150 26 3 486 190 122 586 226 183
151 24 3 514 0 0 550 99 63
152 24 3 550 0 0 586 99 63
153 24 3 514 0 63 550 99 126
154 24 3 550 0 63 586 99 126
155 26 3 514 0 126 550 100 187
156 26 3 550 0 126 586 100 187
