Utilizacion 84.744241 VolCajasEmpacado 84.962780 Duracion[s] 60.001000 Iteraciones 952
0 2 0 0 0 0 61 56 36
1 2 0 0 56 0 61 112 36
2 2 0 0 112 0 61 168 36
3 2 0 0 168 0 61 224 36
4 1 0 0 0 36 31 72 91
5 1 0 31 0 36 62 72 91
6 1 0 0 72 36 31 144 91
7 1 0 31 72 36 62 144 91
8 1 0 0 144 36 31 216 91
9 1 0 31 144 36 62 216 91
10 1 0 0 0 91 31 72 146
11 1 0 31 0 91 62 72 146
12 1 0 0 72 91 31 144 146
13 1 0 31 72 91 62 144 146
14 1 0 0 144 91 31 216 146
15 1 0 31 144 91 62 216 146
16 1 0 0 0 146 31 72 201
17 1 0 31 0 146 62 72 201
18 1 0 0 72 146 31 144 201
19 1 0 31 72 146 62 144 201
20 1 0 0 144 146 31 216 201
21 1 0 31 144 146 62 216 201
22 2 0 62 0 0 118 36 61
23 2 0 62 36 0 118 72 61
24 2 0 62 72 0 118 108 61
25 2 0 62 108 0 118 144 61
26 2 0 62 144 0 118 180 61
27 2 0 62 180 0 118 216 61
28 2 0 62 0 61 123 56 97
29 2 0 62 56 61 123 112 97
30 2 0 62 0 97 123 56 133
31 2 0 62 56 97 123 112 133
32 2 0 62 0 133 123 56 169
33 2 0 62 56 133 123 112 169
34 2 0 62 0 169 123 56 205
35 2 0 62 56 169 123 112 205
36 2 0 62 112 61 98 168 122
37 2 0 62 168 61 98 224 122
38 0 0 62 112 122 117 149 144
39 0 0 62 149 122 117 186 144
40 0 0 62 186 122 117 223 144
41 0 0 62 112 144 117 149 166
42 0 0 62 149 144 117 186 166
43 0 0 62 186 144 117 223 166
44 0 0 62 112 166 117 149 188
45 0 0 62 149 166 117 186 188
46 0 0 62 186 166 117 223 188
47 0 0 62 112 188 117 149 210
48 0 0 62 149 188 117 186 210
49 0 0 62 186 188 117 223 210
50 0 0 118 112 0 173 149 22
51 0 0 118 149 0 173 186 22
52 0 0 118 186 0 173 223 22
53 0 0 118 112 22 173 149 44
54 0 0 118 149 22 173 186 44
55 0 0 118 186 22 173 223 44
56 0 0 118 149 44 173 186 66
57 0 0 118 186 44 173 223 66
58 0 0 118 149 66 173 186 88
59 0 0 118 186 66 173 223 88
60 0 0 118 149 88 173 186 110
61 0 0 118 186 88 173 223 110
62 2 0 118 112 44 174 148 105
63 1 0 117 112 105 189 143 160
64 1 0 117 112 160 189 143 215
65 1 0 117 143 110 172 215 141
66 5 1 117 143 141 178 199 177
67 5 1 117 143 177 178 199 213
68 3 1 117 199 141 172 221 178
69 3 1 117 199 178 172 221 215
70 3 1 123 0 0 160 55 22
71 3 1 123 55 0 160 110 22
72 3 1 123 0 22 160 55 44
73 3 1 123 55 22 160 110 44
74 3 1 123 0 44 160 55 66
75 3 1 123 55 44 160 110 66
76 3 1 123 0 66 160 55 88
77 3 1 123 55 66 160 110 88
78 3 1 123 0 88 160 55 110
79 3 1 123 55 88 160 110 110
80 3 1 123 0 110 160 55 132
81 3 1 123 55 110 160 110 132
82 3 1 123 0 132 160 55 154
83 3 1 123 55 132 160 110 154
84 3 1 123 0 154 160 55 176
85 3 1 123 55 154 160 110 176
86 3 1 123 0 176 160 55 198
87 3 1 123 55 176 160 110 198
88 3 1 123 0 198 160 55 220
89 3 1 123 55 198 160 110 220
90 4 1 160 0 0 191 72 55
91 4 1 191 0 0 222 72 55
92 4 1 222 0 0 253 72 55
93 4 1 253 0 0 284 72 55
94 4 1 160 0 55 191 72 110
95 4 1 191 0 55 222 72 110
96 4 1 222 0 55 253 72 110
97 4 1 253 0 55 284 72 110
98 4 1 160 0 110 191 72 165
99 4 1 191 0 110 222 72 165
100 4 1 222 0 110 253 72 165
101 4 1 253 0 110 284 72 165
102 4 1 160 0 165 191 72 220
103 4 1 191 0 165 222 72 220
104 4 1 222 0 165 253 72 220
105 4 1 253 0 165 284 72 220
106 3 1 160 72 0 215 109 22
107 5 1 160 72 22 221 108 78
108 5 1 160 72 78 221 108 134
109 5 1 160 72 134 221 108 190
110 3 1 160 72 190 215 109 212
111 4 1 173 199 0 245 230 55
112 4 1 173 199 55 245 230 110
113 5 1 178 143 0 239 199 36
114 5 1 178 143 36 239 199 72
115 5 1 178 143 72 239 199 108
116 5 1 178 143 108 239 199 144
117 5 1 178 143 144 239 199 180
118 5 1 178 143 180 239 199 216
119 5 1 221 72 0 277 133 36
120 5 1 221 72 36 277 133 72
121 5 1 221 72 72 277 133 108
122 5 1 221 72 108 277 133 144
123 5 1 221 72 144 277 133 180
124 5 1 221 72 180 277 133 216
125 5 1 239 133 0 275 189 61
126 5 1 275 133 0 311 189 61
127 5 1 311 133 0 347 189 61
128 5 1 347 133 0 383 189 61
129 5 1 383 133 0 419 189 61
130 6 2 239 133 61 261 188 98
131 8 2 239 133 98 275 189 159
132 8 2 239 133 159 275 189 220
133 6 2 245 189 0 300 226 22
134 6 2 245 189 22 300 226 44
135 6 2 245 189 44 300 226 66
136 6 2 245 189 66 300 226 88
137 6 2 245 189 88 300 226 110
138 6 2 245 189 110 300 226 132
139 6 2 245 189 132 300 226 154
140 6 2 245 189 154 300 226 176
141 6 2 245 189 176 300 226 198
142 6 2 245 189 198 300 226 220
143 7 2 172 199 110 244 230 165
144 7 2 172 199 165 244 230 220
145 7 2 275 133 61 347 188 92
146 7 2 275 133 92 347 188 123
147 7 2 275 133 123 347 188 154
148 7 2 275 133 154 347 188 185
149 7 2 275 133 185 347 188 216
150 8 2 277 72 0 313 128 61
151 8 2 313 72 0 349 128 61
152 8 2 349 72 0 385 128 61
153 8 2 385 72 0 421 128 61
154 8 2 421 72 0 457 128 61
155 8 2 277 72 61 313 128 122
156 8 2 313 72 61 349 128 122
157 8 2 349 72 61 385 128 122
158 8 2 385 72 61 421 128 122
159 8 2 421 72 61 457 128 122
160 8 2 277 72 122 313 128 183
161 8 2 313 72 122 349 128 183
162 8 2 349 72 122 385 128 183
163 8 2 385 72 122 421 128 183
164 8 2 421 72 122 457 128 183
165 6 2 277 72 183 332 109 205
166 6 2 332 72 183 387 109 205
167 6 2 387 72 183 442 109 205
168 6 2 277 109 183 332 131 220
169 6 2 332 109 183 387 131 220
170 6 2 387 109 183 442 131 220
171 7 2 347 131 61 419 162 116
172 7 2 347 162 61 419 193 116
173 7 2 347 131 116 419 162 171
174 7 2 347 162 116 419 193 171
175 7 2 284 0 0 356 31 55
176 7 2 284 31 0 356 62 55
177 6 2 347 131 171 402 168 193
178 6 2 347 131 193 402 168 215
179 7 2 284 0 55 356 55 86
180 7 2 284 0 86 356 55 117
181 7 2 284 0 117 356 55 148
182 7 2 284 0 148 356 55 179
183 7 2 284 0 179 356 55 210
184 6 2 300 193 0 355 230 22
185 6 2 300 193 22 355 230 44
186 6 2 300 193 44 355 230 66
187 6 2 300 193 66 355 230 88
188 7 2 300 193 88 372 224 143
189 7 2 300 193 143 372 224 198
190 7 2 356 0 0 411 72 31
191 7 2 356 0 31 411 72 62
192 7 2 356 0 62 411 72 93
193 9 3 300 188 198 355 225 220
194 9 3 355 168 171 410 190 208
195 10 3 356 0 93 411 72 124
196 10 3 356 0 124 411 72 155
197 10 3 356 0 155 411 72 186
198 10 3 356 0 186 411 72 217
199 11 3 372 193 0 433 229 56
200 11 3 372 193 56 433 229 112
201 11 3 372 193 112 433 229 168
202 9 3 372 193 168 427 230 190
203 9 3 372 190 190 427 227 212
204 11 3 411 0 0 472 36 56
205 11 3 472 0 0 533 36 56
206 11 3 411 36 0 472 72 56
207 11 3 472 36 0 533 72 56
208 11 3 411 0 56 472 36 112
209 11 3 472 0 56 533 36 112
210 11 3 411 36 56 472 72 112
211 11 3 472 36 56 533 72 112
212 11 3 411 0 112 472 36 168
213 11 3 472 0 112 533 36 168
214 11 3 411 36 112 472 72 168
215 11 3 472 36 112 533 72 168
216 9 3 411 0 168 466 37 190
217 9 3 466 0 168 521 37 190
218 9 3 411 0 190 466 37 212
219 9 3 466 0 190 521 37 212
220 9 3 411 37 168 466 59 205
221 9 3 419 131 0 441 186 37
222 9 3 419 131 37 441 186 74
223 9 3 419 131 74 441 186 111
224 9 3 419 131 111 441 186 148
225 9 3 419 131 148 441 186 185
226 9 3 402 131 185 457 168 207
227 9 3 433 186 0 488 208 37
228 9 3 433 208 0 488 230 37
229 9 3 433 186 37 488 208 74
230 9 3 433 186 74 488 208 111
231 9 3 433 186 111 488 208 148
232 9 3 433 186 148 488 208 185
233 10 3 457 72 0 488 144 55
234 10 3 488 72 0 519 144 55
235 10 3 519 72 0 550 144 55
236 10 3 550 72 0 581 144 55
237 10 3 457 72 55 488 144 110
238 10 3 488 72 55 519 144 110
239 10 3 519 72 55 550 144 110
240 10 3 550 72 55 581 144 110
241 10 3 457 72 110 488 144 165
242 10 3 488 72 110 519 144 165
243 10 3 519 72 110 550 144 165
244 10 3 550 72 110 581 144 165
245 10 3 457 72 165 488 144 220
246 10 3 488 72 165 519 144 220
247 10 3 519 72 165 550 144 220
248 10 3 550 72 165 581 144 220
249 11 3 457 144 0 513 180 61
250 11 3 457 144 61 513 180 122
251 12 4 433 208 37 488 230 74
252 12 4 433 208 74 488 230 111
253 12 4 433 208 111 488 230 148
254 12 4 433 208 148 488 230 185
255 12 4 466 37 168 521 59 205
256 12 4 521 0 168 543 55 205
257 12 4 457 144 122 512 166 159
258 12 4 457 144 159 512 166 196
259 12 4 457 144 196 512 181 218
260 12 4 427 181 185 482 218 207
261 12 4 488 181 0 543 203 37
262 12 4 488 203 0 543 225 37
263 12 4 488 181 37 543 203 74
264 12 4 488 203 37 543 225 74
265 12 4 488 181 74 543 203 111
266 12 4 488 203 74 543 225 111
267 12 4 488 181 111 543 203 148
268 12 4 488 203 111 543 225 148
269 12 4 488 181 148 543 203 185
270 12 4 488 203 148 543 225 185
271 14 4 513 144 0 569 180 61
272 14 4 513 144 61 574 180 117
273 14 4 513 144 117 574 180 173
274 12 4 512 144 173 567 181 195
275 12 4 512 144 195 549 199 217
276 13 4 543 0 0 574 72 55
277 13 4 543 0 55 574 72 110
278 13 4 543 0 110 574 72 165
279 13 4 543 0 165 574 72 220
