Utilizacion 82.836241 VolCajasEmpacado 83.417777 Duracion[s] 60.034000 Iteraciones 752
0 5 0 0 0 0 83 79 43
1 5 0 83 0 0 166 79 43
2 5 0 166 0 0 249 79 43
3 5 0 249 0 0 332 79 43
4 5 0 332 0 0 415 79 43
5 5 0 415 0 0 498 79 43
6 5 0 498 0 0 581 79 43
7 4 0 0 0 43 61 40 84
8 4 0 0 40 43 61 80 84
9 4 0 0 0 84 61 40 125
10 4 0 0 40 84 61 80 125
11 4 0 0 0 125 61 40 166
12 4 0 0 40 125 61 80 166
13 4 0 0 0 166 61 40 207
14 4 0 0 40 166 61 80 207
15 7 0 0 80 0 64 179 71
16 7 0 64 80 0 128 179 71
17 7 0 128 80 0 192 179 71
18 7 0 192 80 0 256 179 71
19 7 0 256 80 0 320 179 71
20 7 0 320 80 0 384 179 71
21 7 0 384 80 0 448 179 71
22 7 0 448 80 0 512 179 71
23 7 0 512 80 0 576 179 71
24 0 0 0 179 0 20 233 33
25 0 0 20 179 0 40 233 33
26 0 0 0 179 33 20 233 66
27 0 0 20 179 33 40 233 66
28 0 0 0 179 66 20 233 99
29 0 0 20 179 66 40 233 99
30 0 0 0 179 99 20 233 132
31 0 0 20 179 99 40 233 132
32 0 0 0 179 132 20 233 165
33 0 0 20 179 132 40 233 165
34 0 0 0 179 165 20 233 198
35 0 0 20 179 165 40 233 198
36 3 0 0 80 71 43 119 142
37 3 0 0 119 71 43 158 142
38 3 0 0 80 142 43 119 213
39 3 0 0 119 142 43 158 213
40 0 0 0 158 198 33 212 218
41 0 0 33 158 71 87 178 104
42 0 0 33 158 104 87 178 137
43 2 0 40 158 137 92 193 200
44 3 0 40 193 0 111 232 43
45 2 0 40 193 43 92 228 106
46 2 0 40 193 106 92 228 169
47 1 0 40 193 169 100 219 214
48 2 0 43 80 71 95 115 134
49 2 0 95 80 71 147 115 134
50 2 0 43 115 71 95 150 134
51 2 0 95 115 71 147 150 134
52 2 0 43 80 134 95 115 197
53 2 0 95 80 134 147 115 197
54 2 0 43 115 134 95 150 197
55 2 0 95 115 134 147 150 197
56 1 0 92 150 71 152 176 116
57 5 0 61 0 43 144 79 86
58 5 0 61 0 86 144 79 129
59 5 0 61 0 129 144 79 172
60 5 0 61 0 172 144 79 215
61 1 0 92 150 116 152 176 161
62 1 0 92 150 161 152 176 206
63 6 0 111 179 0 173 230 57
64 6 0 111 179 57 173 230 114
65 6 0 111 179 114 173 230 171
66 1 0 100 176 171 160 202 216
67 1 0 100 202 171 160 228 216
68 1 0 144 0 43 204 45 69
69 1 0 144 0 69 204 45 95
70 1 0 144 0 95 204 45 121
71 6 0 144 0 121 195 62 178
72 6 0 147 62 71 198 124 128
73 6 0 147 62 128 198 124 185
74 6 0 152 124 71 209 175 133
75 6 0 152 124 133 209 175 195
76 6 0 173 179 0 230 230 62
77 6 0 173 179 62 230 230 124
78 6 0 173 179 124 230 230 186
79 6 0 204 0 43 261 62 94
80 6 0 198 62 71 249 124 128
81 6 0 198 62 128 249 124 185
82 8 1 43 80 197 97 113 217
83 8 1 43 113 197 97 146 217
84 8 1 97 79 197 151 112 217
85 8 1 97 112 197 151 145 217
86 8 1 144 0 178 177 54 198
87 8 1 144 0 198 177 54 218
88 8 1 144 54 185 198 74 218
89 8 1 198 54 185 252 74 218
90 8 1 160 175 186 214 195 219
91 9 1 151 74 185 211 119 211
92 12 1 204 0 94 244 41 155
93 12 1 204 0 155 244 41 216
94 14 1 209 124 71 271 175 128
95 14 1 271 124 71 333 175 128
96 14 1 333 124 71 395 175 128
97 14 1 395 124 71 457 175 128
98 14 1 457 124 71 519 175 128
99 14 1 209 124 128 271 175 185
100 14 1 271 124 128 333 175 185
101 14 1 333 124 128 395 175 185
102 14 1 395 124 128 457 175 185
103 14 1 457 124 128 519 175 185
104 10 1 211 74 185 274 126 220
105 9 1 209 126 185 269 171 211
106 10 1 230 179 0 265 231 63
107 10 1 230 179 63 265 231 126
108 10 1 230 179 126 265 231 189
109 9 1 214 171 189 259 231 215
110 10 1 261 0 43 313 63 78
111 10 1 269 126 185 332 178 220
112 10 1 332 126 185 395 178 220
113 10 1 395 126 185 458 178 220
114 10 1 458 126 185 521 178 220
115 15 1 261 0 78 360 64 149
116 15 1 261 0 149 360 64 220
117 9 1 274 64 71 319 124 97
118 9 1 274 64 97 319 124 123
119 9 1 274 64 123 319 124 149
120 9 1 274 64 149 319 124 175
121 9 1 274 64 175 319 124 201
122 11 1 265 179 0 308 218 71
123 10 1 308 179 0 343 231 63
124 10 1 343 179 0 378 231 63
125 10 1 378 179 0 413 231 63
126 10 1 413 179 0 448 231 63
127 10 1 448 179 0 483 231 63
128 11 1 308 179 63 351 218 134
129 11 1 351 179 63 394 218 134
130 11 1 394 179 63 437 218 134
131 11 1 437 179 63 480 218 134
132 12 1 265 178 71 305 219 132
133 12 1 265 178 132 305 219 193
134 9 1 259 178 193 319 223 219
135 9 1 319 64 71 364 124 97
136 9 1 319 178 134 379 223 160
137 12 1 319 64 97 360 104 158
138 12 1 319 64 158 360 104 219
139 14 1 319 178 160 381 229 217
140 12 1 360 0 43 401 61 83
141 12 1 401 0 43 442 61 83
142 12 1 442 0 43 483 61 83
143 9 1 360 0 83 386 60 128
144 9 1 360 0 128 405 60 154
145 9 1 360 0 154 405 60 180
146 9 1 360 0 180 405 60 206
147 9 1 364 61 71 409 121 97
148 13 1 381 178 134 460 221 217
149 13 1 405 0 83 488 43 162
150 13 1 405 0 162 488 79 205
151 13 1 360 79 97 443 122 176
152 13 1 443 79 71 522 122 154
153 13 1 483 179 0 566 222 79
154 13 1 480 178 79 559 221 162
155 13 1 488 0 43 571 79 86
156 13 1 488 0 86 571 79 129
157 13 1 488 0 129 571 79 172
158 13 1 488 0 172 571 79 215
159 15 1 522 79 71 586 178 142
160 15 1 522 79 142 586 178 213
