Utilizacion 73.394174 VolCajasEmpacado 74.766642 Duracion[s] 60.003000 Iteraciones 6144
0 2 0 0 0 0 40 65 60
1 2 0 0 65 0 40 130 60
2 2 0 0 0 60 40 65 120
3 2 0 0 65 60 40 130 120
4 2 0 0 0 120 40 65 180
5 2 0 0 65 120 40 130 180
6 2 0 0 0 180 60 65 220
7 1 0 0 130 0 59 233 62
8 0 0 0 130 62 92 225 108
9 0 0 0 130 108 92 225 154
10 0 0 0 130 154 92 225 200
11 0 0 60 0 0 152 95 46
12 3 1 0 65 180 65 125 220
13 5 1 60 0 46 163 62 105
14 5 1 60 0 105 119 62 208
15 3 1 65 62 46 105 127 106
16 5 1 65 62 106 127 121 209
17 4 1 92 127 0 184 222 46
18 5 1 119 0 105 178 62 208
19 4 1 92 127 46 184 222 92
20 8 2 92 127 92 151 230 154
21 8 2 151 127 92 210 230 154
22 8 2 92 127 154 151 230 216
23 8 2 151 127 154 210 230 216
24 6 2 127 62 46 167 127 106
25 6 2 127 62 106 167 127 166
26 7 2 178 0 0 270 95 46
27 7 2 178 0 46 270 95 92
28 9 3 127 62 166 187 127 206
29 9 3 178 0 92 218 60 157
30 9 3 218 0 92 258 60 157
31 11 3 178 0 157 281 62 216
32 11 3 187 62 92 246 124 195
33 11 3 210 124 0 272 227 59
34 11 3 272 124 0 334 227 59
35 11 3 334 124 0 396 227 59
36 10 3 210 124 59 302 219 105
37 10 3 210 124 105 302 219 151
38 10 3 210 124 151 302 219 197
39 14 4 246 62 92 286 122 157
40 14 4 246 62 157 311 122 197
41 14 4 281 0 0 346 60 40
42 14 4 281 0 40 346 60 80
43 12 4 281 0 80 343 59 183
44 12 4 302 122 59 364 225 118
45 13 4 302 122 118 394 217 164
46 13 4 302 122 164 394 217 210
47 12 4 311 60 0 373 119 103
48 12 4 311 60 103 373 119 206
49 17 5 346 0 0 449 59 62
50 17 5 449 0 0 552 59 62
51 15 5 346 0 62 386 60 127
52 16 5 386 0 62 481 92 108
53 16 5 481 0 62 576 92 108
54 16 5 386 0 108 481 92 154
55 16 5 373 0 154 468 92 200
56 19 6 396 92 0 488 187 46
57 19 6 396 92 46 488 187 92
58 19 6 396 92 92 488 187 138
59 19 6 396 92 138 488 187 184
60 18 6 396 187 0 461 227 60
61 18 6 396 187 60 461 227 120
62 18 6 396 187 120 461 227 180
63 19 6 481 0 108 576 92 154
64 19 6 488 0 154 583 92 200
65 20 7 461 187 0 526 227 60
66 20 7 461 187 60 526 227 120
67 21 7 488 92 0 580 187 46
68 21 7 488 92 46 580 187 92
69 22 7 488 92 92 550 151 195
70 22 7 526 151 92 585 213 195
