Utilizacion 69.884671 VolCajasEmpacado 70.356039 Duracion[s] 60.006000 Iteraciones 3713
0 5 0 0 0 0 66 74 61
1 5 0 0 0 61 66 74 122
2 5 0 0 0 122 66 74 183
3 3 0 0 0 183 56 61 219
4 2 0 0 74 0 72 129 31
5 2 0 0 129 0 72 184 31
6 3 0 0 184 0 56 220 61
7 3 0 56 184 0 112 220 61
8 6 0 0 61 183 55 83 220
9 4 0 0 83 31 97 175 71
10 1 0 0 83 71 98 191 98
11 0 0 0 83 98 76 155 120
12 11 1 0 83 120 32 122 163
13 11 1 0 83 163 32 122 206
14 10 1 0 191 61 114 232 104
15 10 1 0 122 120 114 163 163
16 10 1 0 122 163 114 163 206
17 11 1 32 83 120 64 122 163
18 12 1 32 83 163 87 120 185
19 12 1 32 83 185 87 120 207
20 8 1 0 163 104 109 228 177
21 8 1 66 0 0 131 73 109
22 9 1 66 0 109 132 74 170
23 7 1 114 74 0 212 182 27
24 15 2 0 163 177 114 206 218
25 18 2 0 206 177 55 228 214
26 18 2 55 206 177 110 228 214
27 16 2 66 0 170 109 32 209
28 16 2 66 32 170 109 64 209
29 18 2 98 74 27 153 111 49
30 20 2 98 74 49 170 105 104
31 20 2 98 74 104 170 105 159
32 13 2 114 111 27 176 191 136
33 14 2 114 105 136 223 170 209
34 19 2 132 0 0 208 72 22
35 17 2 212 0 0 320 98 27
36 17 2 320 0 0 428 98 27
37 28 3 109 0 170 141 43 209
38 27 3 114 170 136 170 206 197
39 25 3 170 191 0 284 232 43
40 25 3 170 191 43 284 232 86
41 27 3 170 191 86 226 227 147
42 24 3 170 170 147 227 227 192
43 22 3 223 98 0 332 163 73
44 26 3 170 0 27 267 92 67
45 21 3 141 0 67 250 62 147
46 23 3 141 0 147 202 74 213
47 23 3 202 0 147 263 74 213
48 29 3 223 74 73 299 146 95
49 26 3 223 74 95 320 166 135
50 26 3 223 74 135 320 166 175
51 30 4 114 170 197 169 207 219
52 32 4 223 74 175 337 115 218
53 32 4 223 115 175 337 158 216
54 34 4 227 166 86 307 228 195
55 34 4 267 0 27 376 62 107
56 34 4 267 0 107 376 62 187
57 33 4 337 62 27 382 119 84
58 31 4 337 119 0 435 227 27
59 41 5 223 158 195 278 195 217
60 37 5 263 0 187 302 43 219
61 38 5 337 62 84 403 136 145
62 38 5 337 62 145 403 136 206
63 40 5 307 166 27 421 207 70
64 40 5 307 166 70 421 207 113
65 36 5 307 166 113 416 228 193
66 39 5 376 0 27 412 61 83
67 38 5 376 0 83 442 61 157
68 36 5 435 61 0 515 170 62
69 36 5 435 61 62 515 170 124
70 42 5 403 61 124 511 159 151
71 42 5 403 61 151 511 159 178
72 35 5 515 0 0 580 73 109
73 43 6 278 158 195 315 213 217
74 47 6 302 0 187 345 39 219
75 44 6 315 158 193 391 230 215
76 48 6 376 0 157 437 56 193
77 45 6 403 56 178 511 154 205
78 52 6 435 170 0 515 232 109
79 46 6 421 170 109 493 201 164
80 44 6 416 159 164 492 231 186
81 44 6 416 159 186 492 231 208
82 51 6 511 0 109 577 61 183
83 53 6 515 73 0 580 182 73
84 53 6 515 73 73 580 182 146
85 53 6 515 73 146 580 182 219
