Utilizacion 83.592608 VolCajasEmpacado 85.370742 Duracion[s] 60.001000 Iteraciones 5752
0 1 0 0 0 0 94 100 28
1 1 0 0 0 28 94 100 56
2 1 0 0 0 56 94 100 84
3 1 0 0 0 84 94 100 112
4 1 0 0 0 112 94 100 140
5 1 0 0 0 140 94 100 168
6 1 0 0 0 168 94 100 196
7 2 0 0 100 0 81 166 78
8 2 0 0 166 0 81 232 78
9 2 0 0 100 78 78 181 144
10 2 0 0 100 144 78 181 210
11 0 0 0 0 196 111 49 217
12 0 0 0 49 196 111 98 217
13 0 0 0 181 78 111 230 99
14 0 0 0 181 99 111 230 120
15 0 0 0 181 120 111 230 141
16 0 0 0 181 141 111 230 162
17 0 0 0 181 162 111 230 183
18 0 0 0 181 183 111 230 204
19 2 0 81 100 0 159 166 81
20 2 0 78 100 81 156 181 147
21 2 0 78 100 147 156 181 213
22 1 0 111 0 0 211 94 28
23 1 0 111 0 28 211 94 56
24 1 0 111 0 56 211 94 84
25 1 0 111 0 84 211 94 112
26 1 0 111 0 112 211 94 140
27 1 0 111 0 140 211 94 168
28 1 0 111 0 168 211 94 196
29 0 0 111 181 0 222 230 21
30 0 0 111 181 21 222 230 42
31 0 0 111 181 42 222 230 63
32 0 0 111 0 196 222 49 217
33 0 0 111 181 63 222 230 84
34 0 0 111 181 84 222 230 105
35 0 0 111 181 105 222 230 126
36 0 0 111 181 126 222 230 147
37 2 0 159 94 0 240 160 78
38 2 0 240 94 0 321 160 78
39 2 0 321 94 0 402 160 78
40 2 0 402 94 0 483 160 78
41 2 0 483 94 0 564 160 78
42 2 0 159 94 78 240 160 156
43 2 0 240 94 78 321 160 156
44 2 0 321 94 78 402 160 156
45 2 0 402 94 78 483 160 156
46 2 0 483 94 78 564 160 156
47 1 0 156 94 156 256 188 184
48 1 0 156 94 184 256 188 212
49 2 0 222 0 0 288 81 78
50 2 0 288 0 0 354 81 78
51 2 0 354 0 0 420 81 78
52 2 0 420 0 0 486 81 78
53 4 1 222 0 78 322 94 106
54 4 1 222 0 106 322 94 134
55 4 1 222 0 134 322 94 162
56 4 1 222 0 162 322 94 190
57 4 1 222 0 190 322 94 218
58 5 1 256 160 0 337 226 78
59 5 1 337 160 0 418 226 78
60 5 1 418 160 0 499 226 78
61 5 1 499 160 0 580 226 78
62 5 1 256 160 78 334 226 159
63 5 1 334 160 78 412 226 159
64 5 1 412 160 78 490 226 159
65 5 1 490 160 78 568 226 159
66 3 1 256 94 156 367 143 177
67 3 1 256 143 159 367 192 180
68 3 1 256 143 180 367 192 201
69 3 1 256 94 177 367 143 198
70 3 1 256 94 198 367 143 219
71 5 1 322 0 78 400 81 144
72 5 1 400 0 78 478 81 144
73 5 1 322 0 144 400 81 210
74 5 1 400 0 144 478 81 210
75 3 1 367 81 156 478 130 177
76 3 1 367 81 177 478 130 198
77 3 1 367 81 198 478 130 219
78 4 1 367 130 159 461 230 187
79 4 1 367 130 187 461 230 215
80 4 1 461 130 159 561 224 187
81 4 1 461 130 187 561 224 215
82 4 1 486 0 0 586 94 28
83 4 1 486 0 28 586 94 56
84 4 1 486 0 56 586 94 84
85 4 1 486 0 84 586 94 112
86 4 1 486 0 112 586 94 140
87 4 1 486 0 140 586 94 168
88 4 1 486 0 168 586 94 196
89 3 1 478 0 196 527 111 217
90 3 1 527 0 196 576 111 217
