Utilizacion 85.164342 VolCajasEmpacado 86.527839 Duracion[s] 60.018000 Iteraciones 2439
0 2 0 0 0 0 37 64 72
1 2 0 37 0 0 74 64 72
2 2 0 74 0 0 111 64 72
3 2 0 111 0 0 148 64 72
4 2 0 148 0 0 185 64 72
5 2 0 185 0 0 222 64 72
6 2 0 222 0 0 259 64 72
7 2 0 259 0 0 296 64 72
8 2 0 296 0 0 333 64 72
9 2 0 333 0 0 370 64 72
10 1 0 0 0 72 116 67 107
11 1 0 116 0 72 232 67 107
12 1 0 232 0 72 348 67 107
13 1 0 0 0 107 116 67 142
14 1 0 116 0 107 232 67 142
15 1 0 232 0 107 348 67 142
16 1 0 0 0 142 116 67 177
17 1 0 116 0 142 232 67 177
18 1 0 232 0 142 348 67 177
19 1 0 0 0 177 116 67 212
20 1 0 116 0 177 232 67 212
21 1 0 232 0 177 348 67 212
22 4 0 0 67 0 78 139 58
23 4 0 0 67 58 78 139 116
24 4 0 0 67 116 78 139 174
25 3 0 0 139 0 57 196 107
26 3 0 57 139 0 114 196 107
27 3 0 114 139 0 171 196 107
28 3 0 171 139 0 228 196 107
29 3 0 228 139 0 285 196 107
30 3 0 0 139 107 57 196 214
31 3 0 57 139 107 114 196 214
32 3 0 114 139 107 171 196 214
33 3 0 171 139 107 228 196 214
34 3 0 228 139 107 285 196 214
35 0 0 0 67 174 93 133 200
36 4 0 93 67 0 151 139 78
37 4 0 151 67 0 209 139 78
38 4 0 209 67 0 267 139 78
39 4 0 267 67 0 325 139 78
40 4 0 325 67 0 383 139 78
41 4 0 383 67 0 441 139 78
42 4 0 441 67 0 499 139 78
43 4 0 499 67 0 557 139 78
44 4 0 93 67 78 151 139 156
45 4 0 93 67 156 171 139 214
46 0 0 171 67 78 264 133 104
47 0 0 264 67 78 357 133 104
48 0 0 357 67 78 450 133 104
49 0 0 450 67 78 543 133 104
50 0 0 171 67 104 264 133 130
51 0 0 264 67 104 357 133 130
52 0 0 357 67 104 450 133 130
53 0 0 450 67 104 543 133 130
54 0 0 171 67 130 264 133 156
55 7 1 0 196 0 64 233 72
56 7 1 0 196 72 64 233 144
57 7 1 0 196 144 64 233 216
58 7 1 64 196 0 136 233 64
59 7 1 136 196 0 208 233 64
60 7 1 208 196 0 280 233 64
61 7 1 280 196 0 352 233 64
62 7 1 352 196 0 424 233 64
63 7 1 424 196 0 496 233 64
64 7 1 496 196 0 568 233 64
65 6 1 64 196 64 180 231 131
66 6 1 180 196 64 296 231 131
67 6 1 296 196 64 412 231 131
68 6 1 412 196 64 528 231 131
69 6 1 64 196 131 180 231 198
70 6 1 180 196 131 296 231 198
71 6 1 296 196 131 412 231 198
72 6 1 412 196 131 528 231 198
73 5 1 171 67 156 264 133 182
74 5 1 171 67 182 264 133 208
75 9 1 264 67 130 336 125 208
76 5 1 336 67 130 429 133 156
77 5 1 336 67 156 429 133 182
78 5 1 336 67 182 429 133 208
79 8 1 285 139 0 342 196 107
80 8 1 285 139 107 342 196 214
81 8 1 342 139 0 399 196 107
82 8 1 342 139 107 399 196 214
83 8 1 370 0 0 477 57 57
84 8 1 477 0 0 584 57 57
85 8 1 370 0 57 477 57 114
86 8 1 477 0 57 584 57 114
87 8 1 370 0 114 477 57 171
88 8 1 477 0 114 584 57 171
89 5 1 348 0 171 441 66 197
90 5 1 441 0 171 534 66 197
91 8 1 399 139 0 506 196 57
92 8 1 399 139 57 506 196 114
93 8 1 399 139 114 506 196 171
94 9 1 429 66 130 487 138 208
95 9 1 487 66 130 565 138 188
96 5 1 487 66 188 580 132 214
97 8 1 506 139 0 563 196 107
98 8 1 506 139 107 563 196 214
