Utilizacion 78.374599 VolCajasEmpacado 79.110632 Duracion[s] 60.051000 Iteraciones 1123
0 10 0 0 0 0 45 41 50
1 10 0 0 41 0 45 82 50
2 10 0 0 82 0 45 123 50
3 11 0 0 123 0 73 228 37
4 11 0 0 123 37 73 228 74
5 11 0 0 123 74 73 228 111
6 11 0 0 123 111 73 228 148
7 11 0 0 123 148 73 228 185
8 12 0 0 0 50 36 42 93
9 12 0 0 0 93 36 42 136
10 12 0 0 0 136 36 42 179
11 12 0 0 0 179 42 43 215
12 9 0 0 43 50 42 119 126
13 9 0 0 43 126 42 119 202
14 13 0 0 119 185 53 219 219
15 4 0 45 0 0 112 119 50
16 4 0 45 0 50 112 119 100
17 4 0 45 0 100 112 119 150
18 4 0 45 0 150 112 119 200
19 1 0 53 119 185 89 212 211
20 8 0 89 119 0 134 162 69
21 8 0 89 162 0 134 205 69
22 1 0 89 205 0 182 231 36
23 13 0 89 119 69 123 219 122
24 7 0 89 119 122 134 212 200
25 3 0 112 0 0 210 50 73
26 3 0 112 50 0 210 100 73
27 3 0 112 0 73 210 50 146
28 3 0 112 50 73 210 100 146
29 5 0 112 0 146 175 50 216
30 13 0 112 50 146 212 103 180
31 13 0 112 50 180 212 103 214
32 0 0 134 103 0 216 152 30
33 0 0 134 152 0 216 201 30
34 0 0 134 103 30 216 152 60
35 0 0 134 152 30 216 201 60
36 0 0 134 103 60 216 152 90
37 0 0 134 152 60 216 201 90
38 0 0 134 103 90 216 152 120
39 0 0 134 152 90 216 201 120
40 5 0 175 0 146 238 50 216
41 4 0 134 103 120 201 222 170
42 5 0 134 103 170 204 166 220
43 12 0 134 166 170 170 209 212
44 14 0 201 201 0 281 232 55
45 8 0 212 50 0 281 95 43
46 8 0 281 50 0 350 95 43
47 6 0 212 50 43 312 98 98
48 6 0 212 50 98 312 98 153
49 6 0 212 50 153 312 98 208
50 2 0 216 98 0 320 161 92
51 2 0 320 98 0 424 161 92
52 2 0 216 98 92 320 161 184
53 2 0 320 98 92 424 161 184
54 25 1 170 166 170 212 202 213
55 29 1 201 202 55 294 228 91
56 29 1 201 202 91 294 228 127
57 28 1 201 202 127 283 232 176
58 26 1 204 103 184 304 156 218
59 27 1 304 98 184 384 153 215
60 24 1 216 161 0 321 198 73
61 23 1 216 161 73 261 202 123
62 23 1 261 161 73 306 202 123
63 23 1 216 161 123 261 202 173
64 23 1 261 161 123 306 202 173
65 23 1 212 161 173 262 202 218
66 19 1 238 0 0 338 48 55
67 19 1 238 0 55 338 48 110
68 19 1 238 0 110 338 48 165
69 23 1 262 161 173 312 202 218
70 28 1 238 0 165 320 49 195
71 27 1 294 202 0 374 233 55
72 27 1 294 202 55 374 233 110
73 27 1 294 202 110 374 233 165
74 27 1 294 202 165 374 233 220
75 27 1 320 0 165 351 80 220
76 27 1 321 161 0 401 192 55
77 27 1 401 161 0 481 192 55
78 28 1 321 161 55 403 191 104
79 28 1 403 161 55 485 191 104
80 28 1 312 161 104 394 191 153
81 26 1 312 161 153 412 195 206
82 16 1 351 0 0 424 98 50
83 16 1 351 0 50 424 98 100
84 16 1 351 0 100 424 98 150
85 16 1 351 0 150 424 98 200
86 16 1 412 161 104 485 211 202
87 18 1 424 0 0 494 50 63
88 18 1 424 0 63 494 50 126
89 18 1 424 0 126 494 50 189
90 18 1 424 50 0 494 100 63
91 18 1 424 100 0 494 150 63
92 22 1 424 50 63 466 126 139
93 22 1 424 50 139 466 126 215
94 20 1 466 50 63 511 143 141
95 20 1 466 50 141 511 143 219
96 16 1 485 150 0 583 200 73
97 21 1 485 143 73 528 188 142
98 21 1 485 143 142 528 188 211
99 18 1 494 0 0 564 50 63
100 18 1 494 0 63 564 50 126
101 20 1 494 0 126 587 45 204
102 22 1 511 50 0 587 92 76
103 22 1 511 92 0 587 134 76
104 22 1 511 50 76 587 92 152
105 22 1 511 92 76 587 134 152
106 22 1 511 45 152 587 121 194
107 21 1 528 134 73 573 177 142
108 22 1 528 134 142 570 210 218
