Utilizacion 81.272638 VolCajasEmpacado 81.450831 Duracion[s] 60.008000 Iteraciones 2149
0 4 0 0 0 0 32 64 28
1 4 0 0 64 0 32 128 28
2 4 0 0 128 0 32 192 28
3 4 0 0 0 28 32 64 56
4 4 0 0 64 28 32 128 56
5 4 0 0 128 28 32 192 56
6 1 0 0 0 56 34 90 97
7 1 0 0 90 56 34 180 97
8 1 0 0 0 97 34 90 138
9 1 0 0 90 97 34 180 138
10 1 0 0 0 138 34 90 179
11 1 0 0 90 138 34 180 179
12 1 0 0 0 179 34 90 220
13 1 0 0 90 179 34 180 220
14 1 0 0 192 0 90 226 41
15 1 0 0 192 41 90 233 75
16 3 0 0 180 75 63 233 143
17 3 0 0 180 143 63 233 211
18 2 0 34 0 0 124 94 44
19 2 0 34 0 44 124 94 88
20 2 0 34 0 88 124 94 132
21 2 0 34 0 132 124 94 176
22 2 0 34 0 176 124 94 220
23 0 0 34 94 0 65 136 31
24 0 0 34 136 0 65 178 31
25 3 0 34 94 31 87 162 94
26 3 0 34 94 94 87 162 157
27 3 0 34 94 157 87 162 220
28 3 0 63 162 75 116 230 138
29 3 0 63 162 138 131 215 201
30 3 0 87 94 0 140 157 68
31 3 0 87 94 68 140 157 136
32 3 0 87 94 136 140 157 204
33 2 0 124 0 0 214 94 44
34 0 0 124 0 44 155 42 75
35 0 0 124 42 44 155 84 75
36 3 0 124 0 75 177 63 143
37 3 0 124 0 143 177 63 211
38 3 0 155 63 44 218 116 112
39 4 0 124 63 112 188 91 144
40 6 1 124 63 144 166 94 175
41 5 1 124 63 175 188 91 207
42 9 1 131 157 0 184 225 63
43 9 1 131 157 63 184 225 126
44 9 1 131 157 126 184 225 189
45 5 1 131 157 189 195 189 217
46 5 1 131 189 189 195 221 217
47 5 1 140 116 0 204 148 28
48 6 1 140 94 112 171 125 154
49 6 1 140 94 154 182 125 185
50 5 1 140 125 28 204 157 56
51 5 1 140 125 56 204 157 84
52 5 1 140 125 84 204 157 112
53 5 1 140 125 112 204 157 140
54 6 1 140 91 185 171 133 216
55 6 1 171 125 140 213 156 171
56 6 1 171 125 171 213 156 202
57 6 1 177 0 44 219 31 75
58 6 1 177 31 44 219 62 75
59 9 1 177 0 75 245 63 128
60 9 1 177 0 128 245 63 181
61 7 1 177 0 181 267 41 215
62 7 1 188 41 181 278 82 215
63 7 1 195 157 0 285 198 34
64 7 1 195 157 34 285 198 68
65 7 1 195 157 68 285 198 102
66 7 1 195 157 102 285 198 136
67 7 1 195 157 136 285 198 170
68 7 1 195 157 170 285 198 204
69 7 1 195 198 0 285 232 41
70 9 1 218 82 0 281 150 53
71 9 1 218 82 53 281 150 106
72 9 1 218 82 106 286 145 159
73 9 1 218 82 159 286 145 212
74 9 1 278 0 0 346 63 53
75 8 1 286 0 53 376 94 97
76 8 1 286 0 97 376 94 141
77 8 1 286 0 141 376 94 185
78 8 1 286 94 0 376 188 44
79 8 1 286 94 44 376 188 88
80 8 1 286 94 88 376 188 132
81 8 1 286 94 132 376 188 176
82 8 1 286 94 176 376 188 220
83 12 2 267 0 185 357 41 219
84 12 2 195 198 41 285 232 82
85 12 2 278 41 185 368 82 219
86 12 2 195 198 82 285 232 123
87 12 2 195 198 123 285 232 164
88 12 2 195 198 164 285 232 205
89 12 2 285 188 0 375 222 41
90 12 2 375 188 0 465 222 41
91 13 2 285 188 41 316 230 72
92 13 2 285 188 72 316 230 103
93 13 2 285 188 103 316 230 134
94 13 2 285 188 134 316 230 165
95 13 2 285 188 165 316 230 196
96 13 2 316 188 41 347 219 83
97 13 2 316 188 83 347 219 125
98 13 2 316 188 125 347 219 167
99 13 2 316 188 167 347 219 209
100 11 2 376 0 0 444 53 63
101 11 2 376 0 63 444 53 126
102 11 2 376 0 126 444 53 189
103 10 2 376 53 0 470 143 44
104 10 2 376 53 44 470 143 88
105 10 2 376 53 88 470 143 132
106 10 2 376 53 132 470 143 176
107 10 2 376 53 176 470 143 220
108 10 2 376 143 41 470 233 85
109 10 2 376 143 85 470 233 129
110 10 2 376 143 129 470 233 173
111 10 2 376 143 173 470 233 217
112 11 2 444 0 0 507 53 68
113 11 2 444 0 68 507 53 136
114 10 2 470 53 0 564 143 44
115 14 3 357 0 189 421 32 217
116 15 3 421 0 189 452 42 220
117 15 3 452 0 136 494 31 167
118 15 3 452 0 167 494 31 198
119 17 3 470 143 0 564 233 44
120 17 3 470 143 44 564 233 88
121 17 3 470 143 88 564 233 132
122 17 3 470 143 132 564 233 176
123 17 3 470 143 176 564 233 220
124 18 3 470 53 44 533 106 112
125 15 3 470 31 136 501 62 178
126 15 3 470 31 178 501 62 220
127 16 3 470 62 112 560 103 146
128 16 3 470 62 146 560 103 180
129 16 3 470 62 180 560 103 214
130 16 3 470 106 44 560 140 85
131 16 3 470 106 85 560 140 126
132 16 3 470 106 126 560 140 167
133 16 3 470 106 167 560 140 208
134 18 3 507 0 0 575 53 63
135 18 3 507 0 63 575 53 126
136 18 3 507 0 126 575 53 189
137 15 3 494 0 189 536 31 220
138 15 3 501 31 189 543 62 220
139 15 3 536 0 189 578 31 220
140 15 3 543 31 189 585 62 220
