Utilizacion 75.181760 VolCajasEmpacado 77.073105 Duracion[s] 60.046000 Iteraciones 780
0 5 0 0 0 0 81 54 47
1 5 0 0 54 0 81 108 47
2 5 0 0 108 0 81 162 47
3 5 0 0 162 0 81 216 47
4 17 0 0 0 47 63 120 75
5 17 0 0 0 75 63 120 103
6 17 0 0 0 103 63 120 131
7 17 0 0 0 131 63 120 159
8 17 0 0 0 159 63 120 187
9 17 0 0 0 187 63 120 215
10 1 0 0 120 47 76 203 127
11 1 0 0 120 127 76 203 207
12 14 0 0 203 47 86 228 81
13 14 0 0 203 81 86 228 115
14 18 0 0 203 115 105 232 172
15 16 0 0 203 172 54 230 218
16 16 0 54 203 172 108 230 218
17 19 0 63 0 47 94 52 87
18 19 0 63 52 47 94 104 87
19 9 0 63 0 87 101 95 154
20 18 0 63 0 154 92 105 211
21 11 0 81 105 0 115 200 65
22 11 0 81 105 65 115 200 130
23 11 0 81 105 130 115 200 195
24 14 0 76 105 195 110 191 220
25 0 0 101 0 0 157 57 22
26 0 0 157 0 0 213 57 22
27 0 0 213 0 0 269 57 22
28 2 0 101 0 22 167 101 83
29 2 0 101 0 83 167 101 144
30 2 0 101 0 144 167 101 205
31 19 0 108 200 0 148 231 52
32 19 0 108 200 52 148 231 104
33 19 0 108 200 104 148 231 156
34 10 0 108 200 156 176 233 200
35 8 0 115 101 0 183 153 40
36 8 0 115 101 40 183 153 80
37 8 0 115 101 80 183 153 120
38 8 0 115 101 120 183 153 160
39 8 0 115 101 160 183 153 200
40 9 0 115 153 0 210 191 67
41 9 0 115 153 67 210 191 134
42 5 0 115 153 134 169 200 215
43 14 0 167 57 0 253 82 34
44 3 0 167 0 22 253 53 86
45 3 0 167 0 86 253 53 150
46 3 0 167 0 150 253 53 214
47 7 0 167 53 34 231 95 96
48 7 0 167 53 96 231 95 158
49 5 0 167 53 158 248 100 212
50 16 0 169 153 134 223 180 180
51 18 0 253 0 22 282 105 79
52 13 0 248 53 79 316 152 102
53 13 0 248 53 102 316 152 125
54 13 0 248 53 125 316 152 148
55 13 0 248 53 148 316 152 171
56 13 0 248 53 171 316 152 194
57 13 0 248 53 194 316 152 217
58 11 0 176 191 0 271 225 65
59 3 0 183 100 0 247 153 86
60 5 0 183 100 86 237 147 167
61 4 0 210 180 65 323 231 146
62 12 0 223 152 146 301 217 167
63 12 0 223 152 167 301 217 188
64 12 0 223 152 188 301 217 209
65 4 0 282 0 0 395 51 81
66 2 0 316 51 0 377 152 66
67 6 0 316 51 66 410 149 111
68 6 0 316 51 111 410 149 156
69 6 0 316 51 156 410 149 201
70 1 0 323 152 0 399 232 83
71 15 0 323 149 83 417 207 109
72 15 0 323 149 109 417 207 135
73 15 0 323 149 135 417 207 161
74 6 0 410 0 0 504 98 45
75 23 1 253 0 81 366 51 162
76 33 1 253 0 162 307 46 189
77 33 1 307 0 162 361 46 189
78 35 1 253 0 189 339 34 214
79 38 1 301 152 161 366 230 182
80 38 1 366 152 161 431 230 182
81 38 1 301 152 182 366 230 203
82 38 1 366 152 182 431 230 203
83 30 1 366 0 81 406 31 133
84 27 1 366 0 133 418 40 201
85 31 1 410 40 45 467 145 74
86 21 1 410 40 74 476 141 135
87 21 1 410 40 135 476 141 196
88 37 1 410 40 196 467 96 218
89 37 1 410 96 196 467 152 218
90 30 1 418 0 45 458 31 97
91 27 1 418 0 97 486 40 149
92 27 1 418 0 149 486 40 201
93 23 1 476 40 45 527 153 126
94 23 1 476 40 126 527 153 207
95 26 1 431 152 0 473 214 64
96 26 1 431 152 64 473 214 128
97 26 1 431 152 128 473 214 192
98 33 1 431 153 192 485 199 219
99 31 1 473 199 0 578 228 57
100 28 1 473 199 57 568 233 122
101 28 1 473 199 122 568 233 187
102 29 1 485 153 0 553 197 33
103 29 1 485 153 33 553 197 66
104 29 1 485 153 66 553 197 99
105 29 1 485 153 99 553 197 132
106 27 1 485 153 132 537 193 200
107 27 1 504 0 0 572 40 52
108 28 1 486 0 52 581 34 117
109 33 1 486 0 117 540 27 163
110 33 1 486 0 163 540 27 209
111 31 1 527 40 0 556 145 57
112 31 1 556 40 0 585 145 57
113 31 1 527 40 57 556 145 114
114 31 1 556 40 57 585 145 114
115 22 1 527 34 114 580 98 200
116 24 1 527 98 114 581 145 195
