Utilizacion 72.424185 VolCajasEmpacado 73.062858 Duracion[s] 60.011000 Iteraciones 4538
0 1 0 0 0 0 89 42 70
1 1 0 0 0 70 89 42 140
2 0 0 0 0 140 70 63 189
3 2 1 0 63 0 42 152 70
4 4 2 0 152 0 63 222 49
5 3 2 0 63 70 54 147 119
6 3 2 0 63 119 54 147 168
7 3 2 0 63 168 54 147 217
8 6 3 0 152 49 49 222 112
9 5 3 0 147 112 89 189 182
10 7 4 0 189 112 89 231 182
11 8 4 54 63 0 108 147 49
12 8 4 54 63 49 108 147 98
13 9 4 54 63 98 117 133 147
14 9 4 54 63 147 103 133 210
15 10 5 89 0 0 159 63 49
16 10 5 89 0 49 159 63 98
17 11 5 89 0 98 143 49 182
18 14 6 89 147 0 152 196 70
19 14 6 89 147 70 152 196 140
20 14 6 89 147 140 152 196 210
21 13 6 117 63 0 166 147 54
22 12 6 117 63 54 206 105 124
23 12 6 117 105 54 206 147 124
24 15 7 117 49 124 187 138 166
25 17 8 103 49 166 187 98 220
26 17 8 103 98 166 187 147 220
27 16 8 152 147 0 241 189 70
28 18 9 152 147 70 241 189 140
29 18 9 152 147 140 241 189 210
30 18 9 152 189 0 241 231 70
31 21 10 152 189 70 241 231 140
32 20 10 159 0 0 213 49 84
33 20 10 159 0 84 213 49 168
34 19 10 206 49 0 269 98 70
35 24 11 152 189 140 241 231 210
36 22 11 206 49 70 260 133 119
37 22 11 206 49 119 260 133 168
38 23 11 213 0 0 276 49 70
39 25 12 213 0 70 276 49 140
40 26 13 213 0 140 297 49 194
41 26 13 187 49 168 271 103 217
42 28 14 241 133 0 304 203 49
43 28 14 241 133 49 311 182 112
44 28 14 241 133 112 311 182 175
45 27 14 241 182 49 330 224 119
46 29 15 241 182 119 325 231 173
47 30 15 271 49 0 334 119 49
48 30 15 334 49 0 397 119 49
49 31 16 271 49 49 325 133 98
50 31 16 271 49 98 320 133 152
51 32 17 271 49 152 334 119 201
52 32 17 297 0 0 367 49 63
53 32 17 297 0 63 367 49 126
54 32 17 297 0 126 367 49 189
55 33 18 241 119 175 330 189 217
56 33 18 330 119 0 372 208 70
57 34 18 330 119 70 379 189 133
58 35 19 330 119 133 379 173 217
59 36 20 334 49 49 423 119 91
60 37 20 334 49 91 418 103 140
61 39 21 334 49 140 418 98 194
62 39 21 367 0 0 421 49 84
63 38 21 367 0 84 456 42 154
64 40 22 367 0 154 437 49 217
65 41 22 372 189 0 461 231 70
66 42 22 379 119 0 463 173 49
67 42 22 379 119 49 463 173 98
68 43 23 379 103 98 463 157 147
69 44 23 379 173 70 442 222 140
70 47 24 379 98 147 428 161 217
71 47 24 379 161 140 442 231 189
72 47 24 423 49 0 493 98 63
73 45 24 423 49 63 512 91 133
74 45 24 423 49 133 512 91 203
75 46 24 456 0 0 510 49 84
76 48 25 442 91 147 484 180 217
77 49 25 456 0 84 540 49 138
78 48 25 456 0 138 545 42 208
79 50 26 461 180 0 515 229 84
80 51 27 442 180 84 512 229 147
81 52 28 442 180 147 505 229 217
82 53 29 484 98 0 573 140 70
83 55 30 484 91 70 538 175 119
84 55 30 484 91 119 538 175 168
85 55 30 484 91 168 538 175 217
86 54 30 538 140 0 580 229 70
87 56 31 515 175 70 585 224 133
88 56 31 515 175 133 585 224 196
89 57 32 545 0 0 587 89 70
90 57 32 545 0 70 587 89 140
91 58 32 512 42 140 582 91 203
92 59 33 538 91 70 587 175 124
93 59 33 538 91 124 587 175 178
