Utilizacion 73.048207 VolCajasEmpacado 73.753307 Duracion[s] 60.021000 Iteraciones 3306
0 2 0 0 0 0 74 33 62
1 2 0 0 33 0 74 66 62
2 0 0 0 0 62 64 71 93
3 0 0 0 0 93 64 71 124
4 0 0 0 0 124 64 71 155
5 0 0 0 0 155 64 71 186
6 0 0 0 0 186 64 71 217
7 3 0 0 71 0 66 179 54
8 3 0 0 71 54 66 179 108
9 3 0 0 71 108 66 179 162
10 3 0 0 71 162 66 179 216
11 3 0 0 179 0 108 233 66
12 1 0 0 179 66 69 212 127
13 1 0 0 179 127 69 212 188
14 4 0 66 66 0 135 167 20
15 1 0 66 66 20 135 99 81
16 1 0 66 66 81 135 99 142
17 0 0 66 99 20 130 170 51
18 4 0 66 99 51 167 168 71
19 4 0 66 99 71 167 168 91
20 7 1 66 99 91 99 168 152
21 6 1 69 168 66 140 232 97
22 6 1 69 168 97 140 232 128
23 9 1 69 168 128 177 222 194
24 8 1 74 0 0 148 62 33
25 7 1 99 99 91 160 168 124
26 9 1 74 0 33 182 66 87
27 9 1 74 0 87 182 66 141
28 9 1 74 0 141 182 66 195
29 5 1 64 0 195 165 69 215
30 7 1 66 69 152 127 138 185
31 8 1 66 69 185 128 143 218
32 5 1 66 143 194 167 212 214
33 5 1 167 66 0 268 135 20
34 5 1 167 66 20 268 135 40
35 12 2 135 69 124 168 143 186
36 12 2 128 69 186 190 143 219
37 12 2 177 143 0 251 176 62
38 12 2 251 143 0 325 176 62
39 11 2 177 143 62 285 197 128
40 11 2 177 143 128 285 197 194
41 13 2 177 197 0 246 230 61
42 13 2 177 197 61 246 230 122
43 10 2 182 0 0 253 64 31
44 10 2 182 0 31 253 64 62
45 14 2 182 0 62 283 69 82
46 17 3 177 197 122 246 230 183
47 19 3 182 0 82 290 66 136
48 19 3 182 0 136 290 66 190
49 15 3 182 0 190 283 69 210
50 18 3 190 69 40 252 143 73
51 16 3 190 69 73 254 140 104
52 16 3 190 69 104 254 140 135
53 15 3 190 69 135 291 138 155
54 18 3 190 69 155 252 143 188
55 16 3 190 69 188 261 133 219
56 15 3 190 133 194 291 202 214
57 19 3 290 0 0 398 66 54
58 19 3 290 0 54 398 66 108
59 24 4 290 0 108 359 33 169
60 24 4 290 33 108 359 66 169
61 23 4 290 0 169 391 69 189
62 23 4 290 0 189 391 69 209
63 24 4 291 69 0 360 102 61
64 24 4 291 69 61 360 102 122
65 21 4 291 102 0 365 135 62
66 21 4 291 102 62 365 135 124
67 22 4 291 69 124 355 140 155
68 22 4 291 69 155 355 140 186
69 22 4 291 69 186 355 140 217
70 22 4 291 140 62 355 211 93
71 22 4 291 140 93 355 211 124
72 22 4 291 140 124 355 211 155
73 22 4 291 140 155 355 211 186
74 23 4 291 140 186 392 209 206
75 23 4 365 69 0 466 138 20
76 20 4 365 69 20 473 123 86
77 20 4 365 69 86 473 135 140
78 20 4 365 69 140 473 135 194
79 20 4 392 138 0 500 192 66
80 25 5 355 69 194 456 138 214
81 27 5 392 192 0 461 225 61
82 28 5 392 192 61 466 225 123
83 29 5 392 138 66 500 192 132
84 28 5 392 138 132 454 212 165
85 28 5 454 138 132 516 212 165
86 25 5 392 138 165 493 207 185
87 27 5 392 138 185 453 207 218
88 26 5 453 138 185 517 209 216
89 28 5 398 0 0 472 33 62
90 28 5 398 33 0 472 66 62
91 25 5 398 0 62 499 69 82
92 25 5 398 0 82 499 69 102
93 26 5 398 0 102 469 64 133
94 30 6 391 0 133 492 69 153
95 30 6 391 0 153 492 69 173
96 30 6 391 0 173 492 69 193
97 33 6 473 69 0 581 135 54
98 33 6 473 69 54 581 135 108
99 33 6 473 69 108 581 135 162
100 31 6 473 69 162 544 133 193
101 32 6 499 0 0 573 33 62
102 32 6 499 33 0 573 66 62
103 32 6 499 0 62 573 33 124
104 32 6 499 33 62 573 66 124
105 32 6 492 0 124 566 33 186
106 38 7 391 0 193 492 69 213
107 38 7 473 69 193 574 138 213
108 37 7 492 33 124 561 66 185
109 37 7 492 0 186 561 61 219
110 37 7 517 138 0 586 199 33
111 36 7 517 138 33 579 212 66
112 34 7 517 138 66 581 209 97
113 34 7 517 138 97 581 209 128
114 37 7 517 138 128 586 199 161
