Utilizacion 71.565669 VolCajasEmpacado 73.156022 Duracion[s] 60.005000 Iteraciones 8182
0 0 0 0 0 0 108 78 54
1 1 0 0 0 54 69 71 76
2 2 1 0 78 0 65 174 58
3 3 1 0 71 58 69 142 80
4 4 2 0 174 0 108 228 78
5 4 2 0 142 78 108 220 132
6 5 3 0 0 76 86 58 112
7 6 4 0 0 112 104 57 170
8 7 4 0 58 80 58 123 176
9 8 5 0 0 170 86 58 206
10 8 5 0 58 176 58 144 212
11 9 5 0 144 132 108 222 186
12 10 6 69 78 0 134 136 96
13 12 7 58 58 96 116 123 192
14 11 7 108 0 0 194 58 36
15 11 7 108 0 36 194 58 72
16 13 8 0 144 186 69 215 208
17 13 8 58 58 192 127 129 214
18 14 8 104 0 72 212 54 150
19 14 8 108 136 0 216 214 54
20 16 9 104 0 150 200 58 215
21 16 9 108 136 54 166 232 119
22 15 9 108 129 119 144 215 177
23 17 10 108 129 177 166 215 213
24 18 11 134 58 0 203 129 22
25 19 11 134 58 22 230 123 80
26 20 12 134 58 80 238 116 137
27 22 13 127 58 137 231 116 194
28 21 13 127 58 194 198 127 216
29 25 14 166 127 54 231 223 112
30 24 14 166 127 112 224 213 148
31 23 14 166 127 148 237 196 170
32 26 15 212 0 0 320 54 78
33 27 16 166 127 170 252 185 206
34 28 16 212 0 78 320 54 156
35 30 17 200 0 156 304 58 213
36 29 17 238 58 0 334 116 65
37 31 17 238 58 65 346 112 143
38 32 18 231 58 143 327 123 201
39 33 19 231 196 0 317 232 58
40 36 19 252 123 0 348 188 58
41 35 19 320 0 0 424 58 57
42 34 19 320 0 57 428 54 135
43 38 20 320 0 135 416 58 200
44 37 20 346 58 0 404 115 104
45 41 21 231 196 58 317 232 116
46 40 21 252 123 58 356 180 116
47 40 21 327 112 116 385 169 220
48 42 21 252 123 116 306 231 194
49 39 21 306 169 116 371 227 212
50 44 22 371 169 0 428 227 104
51 44 22 371 169 104 428 227 208
52 43 22 404 58 0 473 129 22
53 43 22 404 58 22 473 129 44
54 45 23 346 58 104 432 94 162
55 46 24 404 94 44 462 159 140
56 47 25 385 94 140 489 152 197
57 47 25 428 0 0 486 57 104
58 48 26 428 159 0 486 216 104
59 49 27 327 58 162 413 94 220
60 50 28 385 94 197 454 165 219
61 51 28 428 0 104 485 58 208
62 52 29 428 165 104 486 222 208
63 53 30 486 0 0 557 69 22
64 54 30 489 0 22 543 108 100
65 55 31 486 0 100 555 71 122
66 56 32 485 0 122 556 69 144
67 58 33 485 0 144 581 58 209
68 57 33 489 108 0 543 216 78
69 59 34 486 152 78 555 223 100
70 60 34 486 152 100 551 210 196
71 59 34 486 152 196 557 221 218
72 61 35 489 108 78 575 144 136
73 61 35 489 71 100 575 107 158
74 62 35 489 58 158 585 123 216
