Utilizacion 78.097424 VolCajasEmpacado 79.423622 Duracion[s] 60.004000 Iteraciones 4489
0 3 0 0 0 0 86 60 43
1 3 0 0 0 43 86 60 86
2 3 0 0 0 86 86 60 129
3 3 0 0 0 129 86 60 172
4 2 0 0 60 0 80 151 97
5 2 0 0 60 97 80 151 194
6 1 0 0 151 0 82 214 96
7 0 0 0 151 96 90 218 153
8 4 1 0 151 153 74 214 212
9 6 1 80 60 0 160 151 97
10 6 1 160 60 0 240 151 97
11 5 1 80 60 97 143 142 193
12 8 2 86 0 0 160 59 63
13 8 2 86 0 63 160 59 126
14 8 2 86 0 126 160 59 189
15 7 2 143 59 97 210 149 154
16 7 2 143 59 154 210 149 211
17 8 2 90 151 0 164 210 63
18 8 2 90 151 63 164 210 126
19 8 2 90 151 126 164 210 189
20 9 2 164 151 0 260 233 63
21 9 2 164 151 63 260 233 126
22 9 2 164 151 126 260 233 189
23 12 3 160 0 0 234 59 63
24 12 3 160 0 63 234 59 126
25 12 3 160 0 126 234 59 189
26 11 3 210 59 97 267 149 164
27 10 3 210 59 164 296 119 207
28 12 3 234 0 0 308 59 63
29 12 3 308 0 0 382 59 63
30 10 3 234 0 63 320 43 123
31 13 3 260 149 0 323 231 96
32 14 3 260 149 96 351 229 193
33 14 3 296 59 0 387 139 97
34 17 4 234 0 123 297 59 197
35 16 4 296 59 97 339 145 157
36 16 4 339 59 97 382 145 157
37 17 4 296 59 157 370 118 220
38 17 4 320 0 63 383 59 137
39 15 4 351 145 0 433 208 96
40 19 5 297 0 137 360 59 211
41 19 5 351 145 96 414 219 155
42 19 5 351 145 155 414 219 214
43 18 5 383 0 0 473 57 67
44 18 5 383 0 67 473 57 134
45 20 6 383 0 134 469 60 177
46 20 6 383 0 177 469 60 220
47 21 6 387 60 0 483 142 63
48 21 6 483 60 0 579 142 63
49 23 7 387 60 63 484 140 154
50 26 7 382 60 154 468 120 197
51 26 7 433 142 0 493 228 43
52 25 7 433 142 43 500 232 100
53 24 7 414 140 100 488 203 159
54 26 7 414 120 159 457 206 219
55 25 7 473 0 0 563 57 67
56 25 7 473 0 67 563 57 134
57 25 7 473 0 134 563 57 201
58 22 7 484 57 63 580 139 126
59 22 7 484 57 126 580 139 189
60 27 8 457 139 159 500 225 219
61 27 8 500 142 0 586 185 60
62 27 8 500 142 60 586 185 120
63 27 8 500 142 120 586 185 180
64 27 8 500 185 0 586 228 60
65 27 8 500 185 60 586 228 120
66 27 8 500 185 120 586 228 180
