Utilizacion 76.160669 VolCajasEmpacado 76.838501 Duracion[s] 60.002000 Iteraciones 1764
0 3 0 0 0 0 90 77 67
1 3 0 0 0 67 90 77 134
2 3 0 0 0 134 90 77 201
3 1 0 0 77 0 46 149 27
4 1 0 0 149 0 46 221 27
5 8 0 0 77 27 77 169 70
6 2 0 0 77 70 72 165 144
7 2 0 0 77 144 72 165 218
8 12 0 0 169 27 46 231 82
9 4 0 0 165 82 86 217 160
10 10 0 0 165 160 95 203 218
11 1 0 0 203 160 72 230 206
12 7 0 77 77 0 149 121 76
13 7 0 77 121 0 149 165 76
14 4 0 72 77 76 150 129 162
15 0 0 72 129 76 167 164 144
16 1 0 72 77 162 144 123 189
17 11 0 72 129 144 168 165 203
18 11 0 90 0 0 186 59 36
19 8 0 90 0 36 182 77 79
20 9 0 90 0 79 190 66 120
21 6 0 90 0 120 185 47 199
22 10 0 95 165 0 190 203 58
23 9 0 95 165 58 195 231 99
24 9 0 95 165 99 195 231 140
25 0 0 95 165 140 190 233 175
26 5 0 150 77 0 258 125 66
27 23 1 72 77 189 144 123 216
28 23 1 90 47 120 162 74 166
29 22 1 95 165 175 190 233 210
30 20 1 150 77 66 250 118 132
31 18 1 150 74 132 196 129 194
32 18 1 190 0 0 236 55 62
33 18 1 190 0 62 236 55 124
34 18 1 190 0 124 236 55 186
35 17 1 195 129 0 241 192 79
36 17 1 241 129 0 287 192 79
37 21 1 195 192 0 290 230 58
38 16 1 195 129 79 274 224 126
39 14 1 196 55 132 268 129 220
40 13 1 195 129 126 239 205 198
41 19 1 236 0 0 328 43 77
42 15 1 236 0 77 344 48 143
43 14 1 268 0 143 356 72 217
44 33 2 195 205 126 267 232 172
45 30 2 239 129 126 283 205 198
46 29 2 268 72 0 330 127 46
47 26 2 268 72 46 376 120 112
48 25 2 268 72 112 346 124 198
49 34 2 287 127 0 366 173 63
50 34 2 287 127 63 366 173 126
51 24 2 283 124 126 360 191 216
52 27 2 346 72 112 405 121 160
53 31 2 290 191 0 390 232 66
54 32 2 283 192 66 378 227 134
55 25 2 356 0 0 434 52 86
56 24 2 356 0 86 433 67 176
57 30 2 356 0 176 428 76 220
58 26 2 366 121 0 474 187 48
59 28 2 366 121 48 461 168 127
60 45 3 190 205 172 262 232 218
61 44 3 283 191 134 378 226 202
62 38 3 346 76 160 395 124 219
63 40 3 360 124 127 439 187 173
64 40 3 360 124 173 439 187 219
65 46 3 390 187 0 466 231 72
66 46 3 466 187 0 542 231 72
67 43 3 378 187 72 474 223 131
68 46 3 378 187 131 454 231 203
69 44 3 405 76 0 500 111 68
70 44 3 405 76 68 500 111 136
71 35 3 405 76 136 513 124 202
72 36 3 434 0 0 508 72 88
73 36 3 434 0 88 508 72 176
74 41 3 474 124 0 566 167 77
75 41 3 461 124 77 553 167 154
76 42 3 439 124 154 539 165 220
77 35 3 474 167 72 582 233 120
78 35 3 474 167 120 582 233 168
79 35 3 474 167 168 582 233 216
80 37 3 508 0 0 585 67 90
81 39 3 513 0 90 560 95 169
82 53 4 508 0 169 580 76 213
83 53 4 428 0 176 504 72 220
84 59 4 513 76 169 585 103 215
