Utilizacion 77.076919 VolCajasEmpacado 77.821731 Duracion[s] 60.059000 Iteraciones 879
0 8 0 0 0 0 32 32 50
1 8 0 0 0 50 32 32 100
2 8 0 0 0 100 32 32 150
3 8 0 0 0 150 32 32 200
4 2 0 0 32 0 113 96 50
5 2 0 0 32 50 113 96 100
6 2 0 0 32 100 113 96 150
7 2 0 0 32 150 113 96 200
8 14 0 0 96 0 95 211 22
9 14 0 0 96 22 95 211 44
10 14 0 0 96 44 95 211 66
11 14 0 0 96 66 95 211 88
12 14 0 0 96 88 95 211 110
13 4 0 0 96 110 46 144 174
14 4 0 46 96 110 92 144 174
15 4 0 0 144 110 46 192 174
16 4 0 46 144 110 92 192 174
17 0 0 0 211 0 79 233 25
18 0 0 0 211 25 79 233 50
19 0 0 0 211 50 79 233 75
20 0 0 0 211 75 79 233 100
21 0 0 0 211 100 79 233 125
22 0 0 0 211 125 79 233 150
23 0 0 0 211 150 79 233 175
24 11 0 0 96 174 29 176 218
25 11 0 29 96 174 58 176 218
26 11 0 58 96 174 87 176 218
27 13 0 0 176 174 66 202 207
28 11 0 0 202 175 80 231 219
29 10 0 32 0 0 111 31 54
30 10 0 32 0 54 111 31 108
31 10 0 32 0 108 111 31 162
32 10 0 32 0 162 111 31 216
33 5 0 95 96 0 139 172 54
34 5 0 95 96 54 139 172 108
35 5 0 95 96 108 139 172 162
36 5 0 95 96 162 139 172 216
37 10 0 95 172 0 174 203 54
38 10 0 95 172 54 174 203 108
39 10 0 95 172 108 174 203 162
40 10 0 95 172 162 174 203 216
41 11 0 95 203 0 175 232 44
42 11 0 95 203 44 175 232 88
43 11 0 95 203 88 175 232 132
44 11 0 95 203 132 175 232 176
45 11 0 95 203 176 175 232 220
46 11 0 111 0 0 191 29 44
47 11 0 111 0 44 191 29 88
48 13 0 111 0 88 177 26 121
49 13 0 111 0 121 177 26 154
50 13 0 111 0 154 177 26 187
51 13 0 111 0 187 177 26 220
52 4 0 113 29 0 161 93 46
53 4 0 161 29 0 209 93 46
54 5 0 113 29 46 189 83 90
55 6 0 113 26 90 192 60 156
56 6 0 113 60 90 192 94 156
57 6 0 113 26 156 192 92 190
58 12 0 113 26 190 174 87 216
59 2 0 139 94 0 252 158 50
60 6 0 139 94 50 218 160 84
61 12 0 139 94 84 200 155 110
62 12 0 139 94 110 200 155 136
63 3 0 139 94 136 235 140 212
64 6 0 174 160 0 253 194 66
65 3 0 175 160 66 271 206 142
66 3 0 175 160 142 271 206 218
67 3 0 209 0 0 305 46 76
68 3 0 209 46 0 305 92 76
69 1 0 192 0 76 308 93 97
70 1 0 192 0 97 308 93 118
71 1 0 192 0 118 308 93 139
72 1 0 192 0 139 308 93 160
73 1 0 192 0 160 308 93 181
74 9 0 192 0 181 293 80 212
75 3 0 252 93 0 348 139 76
76 3 0 252 93 76 348 139 152
77 7 0 271 139 0 356 228 33
78 7 0 356 139 0 441 228 33
79 7 0 441 139 0 526 228 33
80 9 0 271 93 152 372 173 183
81 9 0 271 93 183 372 173 214
82 7 0 308 0 0 393 89 33
83 7 0 308 0 33 393 89 66
84 7 0 308 0 66 393 89 99
85 7 0 308 0 99 393 89 132
86 7 0 308 0 132 393 89 165
87 9 0 308 0 165 409 80 196
88 9 0 372 89 33 452 190 64
89 21 1 271 190 33 321 222 65
90 21 1 271 190 65 321 222 97
91 21 1 271 190 97 321 222 129
92 17 1 271 173 129 335 221 175
93 24 1 271 173 175 351 217 204
94 29 1 293 0 196 409 93 217
95 19 1 351 173 64 430 207 130
96 19 1 351 173 130 430 207 196
97 28 1 351 173 196 430 198 218
98 28 1 351 207 33 430 229 58
99 17 1 372 93 64 418 141 128
100 17 1 372 93 128 418 141 192
101 26 1 351 207 58 417 233 91
102 26 1 372 93 192 438 126 218
103 26 1 351 207 91 417 233 124
104 28 1 351 207 124 430 232 146
105 28 1 351 207 146 430 232 168
106 28 1 351 207 168 430 232 190
107 28 1 351 207 190 430 232 212
108 28 1 372 126 192 451 148 217
109 28 1 372 148 64 451 173 86
110 23 1 430 190 33 509 221 87
111 20 1 409 0 0 498 85 33
112 20 1 498 0 0 587 85 33
113 19 1 409 0 33 475 79 67
114 19 1 475 0 33 541 79 67
115 29 1 409 0 67 525 93 88
116 29 1 409 0 88 525 93 109
117 29 1 409 0 109 525 93 130
118 24 1 409 0 130 489 29 174
119 24 1 409 29 130 489 58 174
120 24 1 409 58 130 489 87 174
121 24 1 409 0 174 489 29 218
122 18 1 409 29 174 485 83 218
123 20 1 430 148 87 519 233 120
124 20 1 430 148 120 519 233 153
125 20 1 430 148 153 519 233 186
126 20 1 430 148 186 519 233 219
127 23 1 452 93 0 531 124 54
128 23 1 452 93 54 531 124 108
129 23 1 452 93 108 531 124 162
130 23 1 452 93 162 531 124 216
131 18 1 489 0 130 533 54 206
132 16 1 526 124 0 572 220 76
133 16 1 526 124 76 572 220 152
134 25 1 519 124 152 580 185 178
135 25 1 519 124 178 580 185 204
136 17 1 519 185 152 565 233 216
137 16 1 541 0 33 587 96 109
138 16 1 541 0 109 587 96 185
139 23 1 533 0 185 587 79 216
