Utilizacion 78.081109 VolCajasEmpacado 79.931769 Duracion[s] 60.029000 Iteraciones 1313
0 2 0 0 0 0 59 85 90
1 2 0 59 0 0 118 85 90
2 2 0 0 0 90 59 85 180
3 2 0 59 0 90 118 85 180
4 0 0 0 0 180 118 84 207
5 1 0 0 85 0 74 184 104
6 1 0 0 85 104 74 184 208
7 5 0 0 184 0 53 233 67
8 5 0 0 184 67 53 233 134
9 5 0 0 184 134 53 233 201
10 5 0 53 184 0 120 233 53
11 5 0 53 184 53 120 233 106
12 5 0 53 184 106 120 233 159
13 11 0 53 184 159 108 215 205
14 6 0 74 85 0 152 131 48
15 6 0 74 131 0 152 177 48
16 1 0 74 85 48 148 184 152
17 14 0 74 85 152 112 145 219
18 14 0 112 85 152 150 145 219
19 12 0 74 145 152 131 182 182
20 12 0 74 145 182 131 182 212
21 8 0 118 0 0 156 74 43
22 8 0 156 0 0 194 74 43
23 8 0 194 0 0 232 74 43
24 8 0 232 0 0 270 74 43
25 9 0 118 0 43 197 74 78
26 4 0 118 0 78 194 81 133
27 4 0 118 0 133 199 55 209
28 14 0 120 184 0 187 222 60
29 6 0 120 184 60 166 232 138
30 11 0 131 145 152 162 200 198
31 11 0 120 200 138 175 231 184
32 11 0 150 55 133 196 86 188
33 3 0 152 86 0 227 144 57
34 3 0 227 86 0 302 144 57
35 3 0 302 86 0 377 144 57
36 4 0 150 86 57 231 141 133
37 4 0 150 86 133 231 141 209
38 9 0 187 144 0 261 223 35
39 9 0 187 144 35 261 223 70
40 7 0 166 141 70 281 185 144
41 7 0 166 141 144 281 185 218
42 7 0 175 185 70 290 229 144
43 7 0 175 185 144 290 229 218
44 7 0 199 0 43 314 44 117
45 9 0 199 0 117 273 79 152
46 0 0 199 0 152 317 84 179
47 0 0 199 0 179 317 84 206
48 1 0 281 84 57 385 183 131
49 1 0 281 84 131 385 183 205
50 1 0 317 0 0 416 74 104
51 13 0 317 0 104 424 67 125
52 13 0 317 0 125 424 67 146
53 13 0 317 0 146 424 67 167
54 0 0 317 0 167 435 84 194
55 10 0 385 84 0 483 183 33
56 10 0 385 84 33 483 183 66
57 10 0 385 84 66 483 183 99
58 10 0 385 84 99 483 183 132
59 21 1 290 183 0 405 227 74
60 21 1 405 183 0 520 227 74
61 21 1 290 183 74 405 227 148
62 21 1 405 183 74 520 227 148
63 26 1 290 183 148 321 229 203
64 26 1 321 183 148 352 229 203
65 26 1 352 183 148 383 229 203
66 28 1 317 0 194 424 67 215
67 22 1 383 183 148 450 221 208
68 18 1 385 84 132 461 139 213
69 23 1 385 139 132 459 182 170
70 27 1 385 139 170 442 176 200
71 18 1 435 0 0 490 76 81
72 18 1 435 0 81 490 76 162
73 19 1 435 0 162 484 67 215
74 20 1 450 182 148 528 228 196
75 27 1 459 139 132 496 169 189
76 22 1 461 76 132 499 136 199
77 28 1 461 67 199 528 174 220
78 16 1 490 0 0 575 59 90
79 16 1 490 0 90 575 59 180
80 23 1 484 0 180 558 43 218
81 17 1 528 59 0 585 134 58
82 17 1 528 59 58 585 134 116
83 17 1 528 59 116 585 134 174
84 20 1 528 59 174 576 137 220
85 20 1 528 137 0 576 215 46
86 19 1 528 137 46 577 204 99
87 19 1 528 137 99 577 204 152
88 19 1 528 137 152 577 204 205
