Utilizacion 79.282191 VolCajasEmpacado 79.693738 Duracion[s] 60.036000 Iteraciones 986
0 0 0 0 0 0 31 72 55
1 0 0 0 72 0 31 144 55
2 0 0 0 144 0 31 216 55
3 0 0 0 0 55 31 72 110
4 0 0 0 72 55 31 144 110
5 0 0 0 144 55 31 216 110
6 0 0 0 0 110 31 72 165
7 0 0 0 72 110 31 144 165
8 0 0 0 144 110 31 216 165
9 0 0 0 0 165 31 72 220
10 0 0 0 72 165 31 144 220
11 0 0 0 144 165 31 216 220
12 1 0 31 0 0 87 36 61
13 1 0 31 0 61 87 36 122
14 1 0 31 0 122 87 36 183
15 2 0 31 0 183 86 22 220
16 1 0 31 36 0 92 92 36
17 1 0 31 36 36 92 92 72
18 1 0 31 36 72 92 92 108
19 1 0 31 36 108 92 92 144
20 1 0 31 36 144 92 92 180
21 1 0 31 36 180 92 92 216
22 2 0 31 92 0 68 147 22
23 2 0 31 92 22 68 147 44
24 2 0 31 92 44 68 147 66
25 2 0 31 92 66 68 147 88
26 2 0 31 92 88 68 147 110
27 2 0 31 92 110 68 147 132
28 2 0 31 92 132 68 147 154
29 2 0 31 92 154 68 147 176
30 2 0 31 92 176 68 147 198
31 2 0 31 92 198 68 147 220
32 1 0 31 147 0 87 183 61
33 1 0 31 183 0 87 219 61
34 1 0 31 147 61 87 183 122
35 1 0 31 183 61 87 219 122
36 0 0 31 147 122 86 219 153
37 2 0 31 147 153 53 202 190
38 3 1 31 147 190 68 202 212
39 3 1 31 202 153 86 224 190
40 4 1 68 92 0 140 147 31
41 3 1 68 92 31 90 147 68
42 3 1 68 92 68 90 147 105
43 3 1 68 92 105 90 147 142
44 3 1 68 92 142 90 147 179
45 3 1 68 92 179 90 147 216
46 3 1 68 147 153 90 202 190
47 4 1 87 0 0 159 31 55
48 4 1 159 0 0 231 31 55
49 4 1 87 0 55 159 31 110
50 4 1 159 0 55 231 31 110
51 4 1 87 0 110 159 31 165
52 4 1 159 0 110 231 31 165
53 4 1 87 0 165 159 31 220
54 4 1 159 0 165 231 31 220
55 3 1 90 92 31 127 147 53
56 3 1 90 92 53 127 147 75
57 5 1 90 92 75 151 128 131
58 5 1 90 92 131 151 128 187
59 4 1 87 202 0 159 233 55
60 4 1 87 202 55 159 233 110
61 4 1 87 202 110 159 233 165
62 5 1 90 128 75 151 164 131
63 5 1 90 128 131 151 164 187
64 5 1 90 164 0 146 200 61
65 5 1 90 164 61 146 200 122
66 5 1 90 164 122 146 200 183
67 5 1 90 164 183 151 220 219
68 5 1 92 31 0 128 92 56
69 5 1 128 31 0 164 92 56
70 5 1 164 31 0 200 92 56
71 5 1 200 31 0 236 92 56
72 5 1 236 31 0 272 92 56
73 7 2 90 92 187 162 147 218
74 6 2 92 31 56 128 92 112
75 6 2 92 31 112 128 92 168
76 6 2 92 31 168 148 92 204
77 6 2 148 31 56 204 92 92
78 6 2 148 31 92 184 92 148
79 6 2 148 31 148 184 92 204
80 7 2 151 147 0 223 202 31
81 7 2 223 147 0 295 202 31
82 7 2 295 147 0 367 202 31
83 7 2 367 147 0 439 202 31
84 7 2 439 147 0 511 202 31
85 7 2 511 147 0 583 202 31
86 8 2 184 31 92 206 86 129
87 8 2 184 31 129 206 86 166
88 8 2 184 31 166 206 86 203
89 7 2 151 147 31 223 202 62
90 7 2 151 147 62 223 202 93
91 7 2 151 147 93 223 202 124
92 7 2 151 147 124 223 202 155
93 7 2 151 147 155 223 202 186
94 7 2 151 147 186 223 202 217
95 8 2 159 202 0 214 224 37
96 8 2 214 202 0 269 224 37
97 8 2 269 202 0 324 224 37
98 8 2 324 202 0 379 224 37
99 8 2 379 202 0 434 224 37
100 8 2 434 202 0 489 224 37
101 8 2 489 202 0 544 224 37
102 8 2 159 202 37 214 224 74
103 7 2 159 202 74 231 233 129
104 8 2 159 202 129 214 224 166
105 6 2 162 92 0 223 128 56
106 6 2 162 92 56 223 128 112
107 6 2 162 92 112 223 128 168
108 9 3 151 202 166 206 224 203
109 9 3 162 92 168 217 114 205
110 9 3 162 114 168 217 136 205
111 11 3 206 31 56 242 92 112
112 11 3 242 31 56 278 92 112
113 11 3 206 31 112 242 92 168
114 11 3 242 31 112 278 92 168
115 11 3 206 31 168 262 92 204
116 9 3 223 92 0 278 114 37
117 9 3 223 114 0 278 136 37
118 11 3 223 92 37 279 153 73
119 11 3 223 92 73 279 153 109
120 11 3 223 92 109 279 153 145
121 11 3 223 92 145 279 153 181
122 11 3 223 92 181 279 153 217
123 9 3 223 153 31 278 175 68
124 9 3 223 175 31 278 197 68
125 9 3 223 153 68 278 175 105
126 9 3 223 175 68 278 197 105
127 9 3 223 153 105 278 175 142
128 9 3 223 175 105 278 197 142
129 9 3 223 153 142 278 175 179
130 9 3 223 175 142 278 197 179
131 10 3 223 153 179 295 208 210
132 10 3 231 0 0 303 31 55
133 10 3 303 0 0 375 31 55
134 10 3 375 0 0 447 31 55
135 10 3 447 0 0 519 31 55
136 10 3 231 0 55 303 31 110
137 10 3 231 0 110 303 31 165
138 10 3 231 0 165 303 31 220
139 10 3 303 0 55 375 31 110
140 10 3 303 0 110 375 31 165
141 10 3 303 0 165 375 31 220
142 12 4 262 31 168 284 86 205
143 13 4 375 0 55 447 31 110
144 13 4 447 0 55 519 31 110
145 13 4 375 0 110 447 31 165
146 13 4 447 0 110 519 31 165
147 13 4 375 0 165 447 31 220
148 13 4 447 0 165 519 31 220
149 12 4 231 208 37 286 230 74
150 12 4 231 208 74 286 230 111
151 12 4 231 208 111 286 230 148
152 12 4 231 208 148 286 230 185
153 12 4 286 208 37 341 230 74
154 13 4 279 86 0 351 141 31
155 13 4 279 86 31 351 141 62
156 13 4 279 86 62 351 141 93
157 13 4 279 86 93 351 141 124
158 14 4 279 86 124 335 147 160
159 14 4 279 86 160 335 147 196
160 12 4 279 86 196 316 141 218
161 14 4 295 147 31 351 183 92
162 14 4 295 147 92 351 183 153
163 14 4 295 147 153 351 183 214
164 14 4 284 31 0 345 67 56
165 14 4 284 31 56 345 67 112
166 14 4 284 31 112 345 67 168
167 14 4 345 31 0 406 67 56
168 14 4 345 31 56 406 67 112
169 17 5 284 31 168 356 86 199
170 15 5 286 208 74 341 230 111
171 15 5 286 208 111 341 230 148
172 15 5 286 208 148 341 230 185
173 15 5 316 86 196 353 141 218
174 16 5 351 141 31 412 197 67
175 16 5 351 141 67 412 197 103
176 16 5 351 141 103 412 197 139
177 16 5 351 141 139 412 197 175
178 16 5 351 141 175 412 197 211
179 16 5 356 31 112 417 87 148
180 16 5 356 31 148 417 87 184
181 16 5 356 31 184 417 87 220
182 17 5 341 197 37 413 228 92
183 17 5 341 197 92 413 228 147
184 17 5 341 197 147 413 228 202
185 17 5 353 87 0 425 118 55
186 17 5 353 87 55 425 118 110
187 17 5 353 87 110 425 118 165
188 17 5 353 87 165 425 118 220
189 15 5 353 118 0 408 140 37
190 15 5 353 118 37 408 140 74
191 15 5 353 118 74 408 140 111
192 15 5 353 118 111 408 140 148
193 15 5 353 118 148 408 140 185
194 15 5 408 118 0 463 140 37
195 15 5 408 118 37 463 140 74
196 15 5 408 118 74 463 140 111
197 18 6 408 118 111 463 140 148
198 18 6 408 118 148 463 140 185
199 20 6 412 140 31 448 196 92
200 20 6 448 140 31 484 196 92
201 20 6 484 140 31 520 196 92
202 20 6 412 140 92 448 196 153
203 20 6 448 140 92 484 196 153
204 20 6 484 140 92 520 196 153
205 20 6 412 140 153 448 196 214
206 20 6 448 140 153 484 196 214
207 20 6 484 140 153 520 196 214
208 18 6 413 196 37 468 233 59
209 18 6 413 196 59 468 233 81
210 18 6 413 196 81 468 233 103
211 18 6 413 196 103 468 233 125
212 18 6 413 196 125 468 233 147
213 18 6 413 196 147 468 233 169
214 18 6 413 196 169 468 233 191
215 18 6 413 196 191 468 233 213
216 19 6 417 31 0 489 62 55
217 19 6 489 31 0 561 62 55
218 19 6 417 31 55 489 62 110
219 19 6 489 31 55 561 62 110
220 19 6 417 31 110 489 62 165
221 19 6 489 31 110 561 62 165
222 18 6 417 31 165 472 68 187
223 18 6 472 31 165 527 68 187
224 18 6 417 31 187 472 68 209
225 18 6 472 31 187 527 68 209
226 21 7 425 68 0 480 90 37
227 21 7 425 90 0 480 112 37
228 23 7 425 68 37 481 104 98
229 23 7 425 68 98 481 104 159
230 23 7 425 68 159 481 104 220
231 21 7 463 112 0 518 134 37
232 21 7 468 196 37 523 233 59
233 21 7 468 196 59 523 233 81
234 21 7 468 196 81 523 233 103
235 21 7 468 196 103 523 233 125
236 21 7 468 196 125 523 233 147
237 21 7 468 196 147 523 233 169
238 21 7 468 196 169 523 233 191
239 21 7 468 196 191 523 233 213
240 22 7 527 0 165 558 72 220
241 22 7 481 72 0 553 103 55
242 22 7 481 72 55 553 103 110
243 22 7 481 72 110 553 103 165
244 22 7 481 72 165 553 103 220
245 23 7 481 103 37 537 139 98
246 23 7 481 103 98 537 139 159
247 23 7 481 103 159 537 139 220
248 23 7 520 139 31 576 175 92
249 23 7 520 139 92 576 175 153
250 22 7 523 139 153 578 211 184
251 22 7 523 139 184 578 211 215
