Utilizacion 80.293178 VolCajasEmpacado 82.857485 Duracion[s] 60.034000 Iteraciones 1706
0 4 0 0 0 0 65 48 49
1 4 0 0 48 0 65 96 49
2 6 0 0 0 49 36 44 109
3 6 0 0 44 49 36 88 109
4 6 0 0 0 109 36 44 169
5 6 0 0 44 109 36 88 169
6 1 0 0 0 169 42 52 200
7 1 0 0 52 169 52 83 211
8 3 0 0 96 0 96 186 55
9 3 0 0 96 55 96 186 110
10 3 0 0 96 110 96 186 165
11 3 0 0 96 165 96 186 220
12 1 0 0 186 0 42 217 52
13 5 0 0 186 52 76 226 94
14 5 0 0 186 94 76 226 136
15 5 0 0 186 136 76 226 178
16 5 0 0 186 178 76 226 220
17 1 0 42 0 49 84 52 80
18 0 0 52 0 80 83 93 122
19 0 0 52 0 122 83 93 164
20 0 0 52 0 164 83 93 206
21 0 0 76 186 0 169 217 42
22 2 0 84 0 0 143 64 83
23 2 0 84 0 83 143 64 166
24 2 0 96 64 0 155 128 83
25 9 1 76 186 42 112 230 102
26 7 1 76 186 102 107 228 154
27 7 1 76 186 154 107 228 206
28 7 1 83 0 166 125 31 218
29 8 1 83 64 83 176 95 125
30 8 1 83 64 125 176 95 167
31 10 1 96 31 167 138 107 207
32 13 1 96 128 0 186 183 96
33 13 1 186 128 0 276 183 96
34 13 1 96 128 96 186 183 192
35 13 1 186 128 96 276 183 192
36 11 1 112 183 42 177 232 90
37 14 1 143 0 0 202 64 83
38 14 1 143 0 83 202 64 166
39 12 1 176 64 0 285 115 92
40 12 1 285 64 0 394 115 92
41 12 1 394 64 0 503 115 92
42 14 1 176 64 92 240 123 175
43 14 1 240 64 92 304 123 175
44 18 2 112 183 90 177 231 139
45 18 2 112 183 139 177 231 188
46 20 2 107 183 188 200 225 219
47 21 2 200 183 0 231 225 52
48 21 2 200 183 52 231 225 104
49 21 2 200 183 104 231 225 156
50 19 2 200 183 156 236 227 216
51 16 2 202 0 0 292 55 96
52 16 2 202 0 96 292 55 192
53 22 2 138 55 175 214 97 215
54 19 2 214 55 175 250 115 219
55 19 2 138 0 166 198 36 210
56 19 2 250 55 175 286 115 219
57 18 2 236 183 0 284 232 65
58 22 2 236 183 65 276 225 141
59 22 2 236 183 141 276 225 217
60 17 2 276 123 0 385 174 92
61 15 2 276 123 92 359 182 156
62 15 2 276 123 156 359 182 220
63 17 2 284 182 0 393 233 92
64 17 2 276 182 92 385 233 184
65 15 2 292 0 0 375 64 59
66 15 2 292 0 59 375 64 118
67 15 2 292 0 118 375 64 177
68 22 2 292 0 177 368 40 219
69 15 2 304 64 92 387 123 156
70 16 2 375 0 0 465 55 96
71 29 3 276 182 184 369 224 215
72 27 3 292 40 177 368 82 217
73 30 3 304 82 156 356 113 198
74 28 3 356 82 156 416 118 200
75 24 3 375 0 96 458 64 155
76 29 3 375 0 155 468 31 197
77 29 3 375 31 155 468 62 197
78 26 3 359 123 92 407 172 157
79 26 3 359 118 157 424 167 205
80 26 3 416 64 92 465 112 157
81 24 3 393 172 0 476 231 64
82 23 3 393 172 64 489 227 154
83 28 3 385 172 154 429 232 190
84 26 3 416 62 157 481 110 206
85 23 3 424 115 0 520 170 90
86 23 3 424 115 90 520 170 180
87 25 3 468 0 0 577 51 92
88 25 3 468 0 92 577 51 184
89 25 3 520 51 0 571 160 92
90 34 4 424 110 180 500 152 220
91 33 4 468 0 184 528 44 220
92 31 4 429 170 154 481 212 185
93 31 4 429 170 185 481 212 216
94 32 4 481 51 92 574 93 123
95 32 4 481 51 123 574 93 154
96 32 4 481 51 154 574 93 185
97 32 4 481 51 185 574 93 216
98 31 4 528 0 184 580 42 215
99 37 4 489 170 0 585 225 90
100 37 4 489 170 90 585 225 180
101 35 4 520 93 92 569 158 140
102 34 4 520 93 140 560 135 216
103 34 4 500 135 180 576 177 220
104 34 4 500 177 180 576 219 220
