Utilizacion 75.986161 VolCajasEmpacado 76.472812 Duracion[s] 60.019000 Iteraciones 849
0 6 0 0 0 0 49 44 36
1 6 0 0 0 36 49 44 72
2 6 0 0 0 72 49 44 108
3 6 0 0 0 108 49 44 144
4 6 0 0 0 144 49 44 180
5 4 0 0 0 180 91 54 217
6 7 0 0 54 0 63 113 35
7 7 0 0 113 0 63 172 35
8 7 0 0 172 0 63 231 35
9 2 0 0 54 35 46 130 87
10 2 0 0 130 35 46 206 87
11 1 0 0 54 87 66 113 118
12 1 0 0 113 87 66 172 118
13 1 0 0 172 87 66 231 118
14 1 0 0 54 118 66 113 149
15 1 0 0 113 118 66 172 149
16 1 0 0 172 118 66 231 149
17 1 0 0 54 149 66 113 180
18 1 0 0 113 149 66 172 180
19 1 0 0 172 149 66 231 180
20 1 0 0 54 180 66 113 211
21 1 0 0 113 180 66 172 211
22 1 0 0 172 180 66 231 211
23 7 0 66 54 0 101 113 63
24 7 0 66 54 63 101 113 126
25 7 0 66 54 126 101 113 189
26 3 0 66 113 0 110 175 55
27 3 0 66 113 55 110 175 110
28 3 0 66 113 110 110 175 165
29 3 0 66 113 165 110 175 220
30 3 0 66 175 0 110 230 62
31 3 0 66 175 62 110 230 124
32 2 0 66 175 124 142 227 170
33 2 0 66 175 170 142 227 216
34 5 0 91 0 0 186 36 46
35 2 0 91 0 46 167 52 92
36 2 0 91 0 92 167 52 138
37 2 0 91 0 138 167 52 184
38 5 0 91 0 184 186 46 220
39 4 0 101 52 0 192 89 54
40 4 0 101 52 54 192 89 108
41 4 0 101 52 108 192 89 162
42 4 0 101 52 162 192 89 216
43 0 0 110 89 0 210 126 32
44 0 0 210 89 0 310 126 32
45 0 0 110 126 0 210 163 32
46 0 0 210 126 0 310 163 32
47 4 0 110 89 32 201 126 86
48 5 0 110 126 32 205 172 68
49 0 0 110 89 86 210 121 123
50 9 1 110 126 68 210 158 105
51 9 1 110 126 105 210 158 142
52 9 1 110 126 142 210 158 179
53 9 1 110 126 179 210 158 216
54 9 1 110 89 123 210 126 155
55 9 1 110 89 155 210 126 187
56 9 1 110 89 187 210 126 219
57 10 1 142 172 0 205 231 35
58 10 1 142 172 35 205 231 70
59 10 1 142 172 70 205 231 105
60 10 1 142 172 105 205 231 140
61 11 1 142 158 140 191 194 184
62 11 1 142 194 140 191 230 184
63 8 1 142 158 184 201 224 215
64 11 1 186 0 0 235 44 36
65 15 1 186 0 36 262 52 82
66 15 1 186 0 82 232 52 158
67 11 1 186 0 158 230 49 194
68 13 1 192 52 0 283 89 54
69 13 1 192 52 54 283 89 108
70 13 1 192 52 108 283 89 162
71 13 1 192 52 162 283 89 216
72 11 1 205 163 0 249 212 36
73 11 1 232 0 82 268 49 126
74 15 1 232 0 126 278 52 202
75 15 1 205 158 36 257 204 112
76 14 1 205 158 112 267 213 156
77 8 1 201 158 156 260 224 187
78 8 1 201 158 187 260 224 218
79 8 1 210 89 32 269 155 63
80 8 1 210 89 63 269 155 94
81 8 1 210 89 94 269 155 125
82 15 1 210 89 125 286 141 171
83 15 1 210 89 171 286 141 217
84 13 1 267 163 0 358 200 54
85 13 1 358 163 0 449 200 54
86 13 1 449 163 0 540 200 54
87 13 1 267 163 54 358 200 108
88 13 1 358 163 54 449 200 108
89 13 1 449 163 54 540 200 108
90 14 1 267 155 108 311 217 163
91 15 1 260 141 163 312 217 209
92 12 1 278 0 0 373 46 36
93 12 1 278 0 36 373 46 72
94 14 1 278 0 72 333 44 134
95 16 2 278 0 134 324 52 210
96 20 2 283 52 0 346 87 59
97 20 2 346 52 0 409 87 59
98 20 2 409 52 0 472 87 59
99 22 2 283 52 59 349 83 118
100 22 2 283 52 118 349 83 177
101 21 2 283 52 177 383 89 209
102 16 2 286 89 32 332 141 108
103 16 2 286 89 108 332 141 184
104 23 2 286 89 184 330 138 220
105 18 2 312 141 108 403 195 145
106 18 2 312 141 145 403 195 182
107 18 2 312 141 182 403 195 219
108 22 2 312 200 0 378 231 59
109 22 2 378 200 0 444 231 59
110 22 2 444 200 0 510 231 59
111 22 2 510 200 0 576 231 59
112 21 2 312 200 59 412 232 96
113 21 2 412 200 59 512 232 96
114 21 2 312 200 96 412 232 133
115 21 2 412 200 96 512 232 133
116 21 2 312 200 133 412 232 170
117 21 2 412 200 133 512 232 170
118 19 2 312 195 170 407 231 216
119 19 2 407 195 170 502 231 216
120 16 2 332 89 0 378 141 76
121 16 2 378 89 0 424 141 76
122 23 2 332 89 76 381 133 112
123 23 2 332 89 112 381 133 148
124 23 2 332 89 148 381 133 184
125 23 2 332 89 184 381 133 220
126 17 2 333 0 72 388 44 134
127 17 2 333 0 134 388 44 196
128 17 2 381 89 76 436 133 138
129 17 2 381 89 138 443 133 193
130 18 2 383 44 59 474 81 113
131 29 3 383 44 113 442 79 176
132 29 3 442 44 113 501 79 176
133 28 3 383 44 176 432 80 220
134 28 3 432 44 176 481 80 220
135 24 3 388 0 0 443 44 62
136 30 3 481 0 176 513 100 213
137 24 3 403 133 108 447 195 163
138 24 3 388 0 62 443 44 124
139 24 3 388 0 124 443 44 186
140 24 3 403 133 163 447 195 218
141 31 3 512 200 59 578 231 118
142 31 3 512 200 118 578 231 177
143 28 3 443 0 0 479 44 49
144 28 3 443 0 49 479 44 98
145 28 3 443 0 98 479 44 147
146 28 3 443 0 147 479 44 196
147 30 3 443 100 0 543 132 37
148 30 3 443 100 37 543 132 74
149 30 3 443 100 74 543 132 111
150 30 3 443 100 111 543 132 148
151 30 3 443 100 148 543 132 185
152 31 3 447 132 0 513 163 59
153 29 3 447 132 108 482 195 167
154 29 3 447 100 185 506 163 220
155 30 3 482 163 108 582 195 145
156 29 3 506 100 185 565 163 220
157 29 3 502 163 145 565 198 204
158 26 3 513 0 0 550 91 54
159 26 3 550 0 0 587 91 54
160 26 3 513 0 54 550 91 108
161 26 3 550 0 54 587 91 108
162 26 3 513 0 108 550 91 162
163 26 3 550 0 108 587 91 162
164 26 3 513 0 162 550 91 216
165 26 3 550 0 162 587 91 216
