Utilizacion 76.747137 VolCajasEmpacado 79.265994 Duracion[s] 60.013000 Iteraciones 1229
0 5 0 0 0 0 58 99 77
1 5 0 0 0 77 58 99 154
2 7 0 0 0 154 60 50 205
3 7 0 0 50 154 60 100 205
4 10 0 0 100 0 52 142 39
5 10 0 0 142 0 52 184 39
6 10 0 0 184 0 52 226 39
7 6 0 0 100 39 52 157 128
8 6 0 0 100 128 52 157 217
9 11 0 0 157 39 45 229 78
10 11 0 0 157 78 72 202 117
11 15 0 0 157 117 36 228 145
12 15 0 0 157 145 36 228 173
13 15 0 0 157 173 36 228 201
14 10 0 36 157 117 78 196 169
15 16 0 36 157 169 69 205 204
16 17 0 52 100 0 146 136 61
17 6 0 52 100 61 141 152 118
18 15 0 52 205 0 123 233 36
19 8 0 52 100 118 145 146 198
20 0 0 52 205 36 125 229 82
21 0 0 52 205 82 125 229 128
22 0 0 52 205 128 125 229 174
23 0 0 52 205 174 125 229 220
24 1 0 60 0 0 146 92 66
25 1 0 146 0 0 232 92 66
26 1 0 232 0 0 318 92 66
27 1 0 318 0 0 404 92 66
28 3 0 60 0 66 126 61 170
29 3 0 126 0 66 192 61 170
30 3 0 192 0 66 258 61 170
31 7 0 60 0 170 120 51 220
32 18 0 60 61 66 172 98 137
33 18 0 172 61 66 284 98 137
34 18 0 284 61 66 396 98 137
35 12 0 120 0 170 240 84 193
36 12 0 120 0 193 240 84 216
37 16 0 240 0 170 275 33 218
38 9 0 78 152 0 168 197 51
39 8 0 78 152 51 171 198 131
40 8 0 78 152 131 171 198 211
41 8 0 146 98 0 239 144 80
42 8 0 146 98 80 239 144 160
43 17 0 145 84 160 239 145 196
44 4 0 240 61 137 322 120 213
45 17 0 275 0 66 369 61 102
46 17 0 275 0 102 369 61 138
47 17 0 275 0 138 369 61 174
48 8 0 322 0 174 415 80 220
49 2 0 171 145 0 237 229 108
50 2 0 237 145 0 303 229 108
51 2 0 171 145 108 237 229 216
52 2 0 237 145 108 303 229 216
53 18 0 303 120 0 340 232 71
54 14 0 303 120 71 367 232 98
55 13 0 303 120 98 392 197 124
56 21 1 303 120 124 411 186 208
57 31 1 303 197 98 397 233 159
58 31 1 303 197 159 397 233 220
59 33 1 322 80 137 393 108 173
60 28 1 322 80 173 394 119 218
61 35 1 396 92 0 469 116 46
62 26 1 397 186 0 490 232 80
63 26 1 490 186 0 583 232 80
64 26 1 397 186 80 490 232 160
65 26 1 490 186 80 583 232 160
66 32 1 397 186 160 445 219 195
67 30 1 404 80 46 516 117 117
68 29 1 396 80 117 438 119 169
69 32 1 394 80 169 442 113 204
70 22 1 411 119 0 472 185 104
71 22 1 472 119 0 533 185 104
72 22 1 411 119 104 472 185 208
73 28 1 415 0 0 487 39 45
74 28 1 415 0 45 487 39 90
75 28 1 415 0 90 487 39 135
76 29 1 445 185 160 487 224 212
77 19 1 415 0 135 484 70 204
78 27 1 442 70 117 532 115 168
79 27 1 442 70 168 532 115 219
80 21 1 472 117 104 580 183 188
81 34 1 472 115 188 584 179 215
82 27 1 487 183 160 577 228 211
83 24 1 487 0 0 586 58 77
84 24 1 487 0 77 586 58 154
85 27 1 484 0 154 574 45 205
86 25 1 532 58 0 584 115 89
87 25 1 532 58 89 584 115 178
