Utilizacion 80.112876 VolCajasEmpacado 81.200534 Duracion[s] 60.003000 Iteraciones 2388
0 1 0 0 0 0 69 45 50
1 1 0 0 45 0 69 90 50
2 1 0 0 90 0 69 135 50
3 1 0 0 135 0 69 180 50
4 1 0 0 180 0 69 225 50
5 2 0 0 0 50 54 76 130
6 2 0 0 0 130 54 76 210
7 4 0 0 76 50 84 154 78
8 4 0 0 154 50 84 232 78
9 3 0 0 76 78 63 166 148
10 3 0 0 76 148 63 166 218
11 1 0 0 166 78 45 216 147
12 0 0 84 0 0 178 85 39
13 0 0 178 0 0 272 85 39
14 0 0 272 0 0 366 85 39
15 0 0 366 0 0 460 85 39
16 0 0 460 0 0 554 85 39
17 4 0 84 0 39 168 78 67
18 7 1 0 166 147 50 211 216
19 7 1 50 166 78 95 216 147
20 7 1 50 166 147 95 216 216
21 8 1 54 0 67 134 76 121
22 8 1 54 0 121 134 76 175
23 7 1 54 0 175 104 69 220
24 7 1 104 0 175 154 69 220
25 5 1 84 85 0 168 163 28
26 8 1 84 85 28 160 165 82
27 8 1 84 85 82 160 165 136
28 5 1 63 76 136 147 154 164
29 5 1 63 76 164 147 154 192
30 5 1 63 76 192 147 154 220
31 6 1 168 0 39 253 94 78
32 6 1 168 0 78 253 94 117
33 6 1 168 0 117 253 94 156
34 6 1 168 0 156 253 94 195
35 7 1 95 165 0 164 215 45
36 9 1 95 165 45 165 228 135
37 6 1 168 94 0 253 188 39
38 5 1 165 94 39 249 172 67
39 5 1 165 94 67 249 172 95
40 11 2 95 165 135 185 228 205
41 10 2 160 94 95 205 163 145
42 10 2 160 94 145 205 163 195
43 10 2 185 188 0 235 233 69
44 10 2 185 188 69 235 233 138
45 10 2 185 188 138 235 233 207
46 14 2 205 94 95 283 178 123
47 14 2 205 94 123 283 178 151
48 14 2 205 94 151 283 178 179
49 14 2 205 94 179 283 178 207
50 10 2 235 188 0 304 233 50
51 10 2 235 188 50 304 233 100
52 10 2 235 188 100 304 233 150
53 13 2 253 0 39 338 94 78
54 13 2 253 0 78 338 94 117
55 13 2 253 0 117 338 94 156
56 11 2 253 0 156 323 90 219
57 12 2 338 0 39 392 80 115
58 12 2 338 0 115 392 80 191
59 11 2 283 94 0 346 184 70
60 11 2 283 94 70 346 184 140
61 11 2 283 94 140 346 184 210
62 14 2 323 0 191 407 78 219
63 12 2 346 85 0 426 161 54
64 12 2 426 85 0 506 161 54
65 12 2 506 85 0 586 161 54
66 14 2 346 80 54 424 164 82
67 14 2 346 80 82 424 164 110
68 17 3 235 184 150 285 229 219
69 17 3 304 184 0 373 229 50
70 17 3 304 184 50 373 229 100
71 17 3 304 184 100 373 229 150
72 16 3 346 80 110 440 165 149
73 19 3 346 80 149 409 170 219
74 19 3 373 170 0 463 233 70
75 19 3 373 170 70 463 233 140
76 18 3 373 170 140 449 224 220
77 15 3 407 0 39 491 78 67
78 18 3 407 0 67 483 54 147
79 18 3 407 0 147 483 80 201
80 18 3 440 80 54 520 156 108
81 18 3 440 80 108 520 156 162
82 15 3 409 80 162 493 158 190
83 15 3 409 80 190 493 158 218
84 15 3 491 0 39 575 78 67
85 15 3 491 0 67 575 78 95
86 15 3 491 0 95 575 78 123
87 15 3 491 0 123 575 78 151
88 15 3 491 0 151 575 78 179
89 20 4 483 0 179 567 78 207
90 22 4 493 78 162 538 147 212
91 24 4 463 161 0 553 224 70
92 24 4 463 161 70 553 224 140
93 24 4 463 161 140 553 224 210
94 22 4 538 78 54 583 147 104
95 22 4 538 78 104 583 147 154
96 22 4 538 78 154 583 147 204
