Utilizacion 70.079396 VolCajasEmpacado 70.923500 Duracion[s] 60.023000 Iteraciones 1477
0 2 0 0 0 0 72 97 57
1 2 0 0 97 0 72 194 57
2 5 0 0 0 57 76 77 99
3 8 0 0 194 0 76 232 56
4 8 0 76 194 0 152 232 56
5 6 0 0 0 99 108 40 170
6 0 0 0 194 56 79 230 77
7 11 0 0 0 170 113 50 200
8 1 0 0 0 200 93 74 220
9 6 0 0 77 57 71 185 97
10 4 0 0 185 77 63 228 142
11 4 0 0 185 142 63 228 207
12 7 0 0 77 97 68 127 137
13 7 0 0 127 97 68 177 137
14 13 0 0 74 137 62 142 163
15 13 0 0 74 163 62 142 189
16 13 0 0 74 189 62 142 215
17 10 0 0 142 137 79 184 168
18 10 0 0 142 168 79 184 199
19 13 0 72 77 0 140 139 26
20 9 0 72 77 26 127 140 57
21 3 0 76 74 57 156 125 136
22 11 0 68 74 136 181 124 166
23 14 0 62 74 166 182 97 209
24 1 0 113 0 0 206 74 20
25 1 0 206 0 0 299 74 20
26 1 0 299 0 0 392 74 20
27 12 0 113 0 20 228 69 49
28 12 0 113 0 49 228 69 78
29 12 0 113 0 78 228 69 107
30 25 1 62 97 166 182 140 189
31 25 1 62 97 189 182 140 212
32 23 1 79 140 0 192 190 30
33 25 1 93 50 107 213 73 150
34 23 1 182 0 150 232 113 180
35 23 1 182 0 180 232 113 210
36 17 1 79 140 30 159 191 109
37 17 1 79 140 109 159 191 188
38 19 1 79 191 56 155 233 133
39 19 1 79 191 133 155 233 210
40 23 1 79 140 188 192 190 218
41 18 1 113 0 107 176 43 172
42 15 1 113 0 172 175 68 198
43 21 1 232 0 20 270 76 76
44 21 1 232 0 76 270 76 132
45 21 1 232 0 132 270 76 188
46 24 1 232 0 188 301 115 217
47 18 1 301 0 20 344 65 83
48 18 1 301 0 83 344 65 146
49 18 1 301 0 146 344 65 209
50 22 1 155 191 0 234 222 42
51 20 1 155 191 42 263 231 113
52 16 1 192 115 0 289 187 57
53 24 1 192 115 57 307 184 86
54 16 1 192 115 86 289 187 143
55 26 1 192 115 143 266 208 163
56 15 1 192 115 163 260 177 189
57 15 1 192 115 189 260 177 215
58 26 1 307 74 0 381 167 20
59 26 1 307 74 20 381 167 40
60 26 1 307 74 40 381 167 60
61 36 2 155 191 163 275 214 206
62 29 2 266 115 143 308 191 220
63 32 2 275 191 0 351 229 56
64 32 2 275 191 56 351 229 112
65 39 2 275 191 112 354 233 143
66 39 2 275 191 143 354 233 174
67 39 2 275 191 174 354 233 205
68 37 2 301 65 60 380 86 96
69 29 2 301 65 96 378 107 172
70 31 2 301 65 172 369 115 212
71 36 2 308 167 0 428 190 43
72 30 2 308 115 60 416 186 100
73 30 2 308 115 100 416 186 140
74 30 2 308 115 140 416 186 180
75 30 2 308 115 180 416 186 220
76 33 2 344 0 20 399 63 51
77 33 2 344 0 51 399 63 82
78 33 2 344 0 82 399 63 113
79 33 2 344 0 113 399 63 144
80 31 2 344 0 144 412 50 184
81 35 2 344 0 184 412 62 210
82 37 2 354 190 0 433 226 21
83 27 2 354 190 21 467 220 71
84 29 2 354 186 71 431 228 147
85 28 2 392 63 0 471 114 80
86 28 2 380 63 80 459 114 160
87 35 2 412 0 0 480 62 26
88 34 2 428 114 0 543 183 29
89 34 2 428 114 29 543 183 58
90 34 2 428 114 58 543 183 87
91 34 2 428 114 87 543 183 116
92 38 2 431 114 116 524 188 136
93 38 2 431 114 136 524 188 156
94 38 2 431 114 156 524 188 176
95 38 2 431 114 176 524 188 196
96 44 3 354 188 147 404 228 215
97 44 3 404 188 147 454 228 215
98 47 3 378 62 160 498 85 203
99 48 3 378 85 160 457 106 196
100 46 3 412 0 26 480 62 52
101 50 3 412 0 52 475 31 107
102 50 3 412 31 52 475 62 107
103 46 3 412 0 107 480 62 133
104 42 3 412 0 133 488 42 210
105 49 3 416 85 196 509 159 216
106 40 3 467 188 0 532 231 63
107 42 3 467 188 63 543 230 140
108 42 3 467 188 140 543 230 217
109 41 3 488 0 0 567 51 80
110 41 3 488 0 80 567 51 160
111 41 3 498 0 160 578 79 211
112 40 3 543 79 0 586 144 63
113 45 3 543 79 63 573 192 113
114 45 3 543 79 113 573 192 163
115 45 3 543 79 163 573 192 213
