Utilizacion 72.716432 VolCajasEmpacado 73.321479 Duracion[s] 60.019000 Iteraciones 1356
0 2 0 0 0 0 54 77 46
1 2 0 0 77 0 54 154 46
2 2 0 0 154 0 54 231 46
3 4 0 0 0 46 39 45 101
4 4 0 0 0 101 39 45 156
5 4 0 0 0 156 39 45 211
6 8 0 0 45 46 78 160 75
7 8 0 0 45 75 78 160 104
8 8 0 0 45 104 78 160 133
9 8 0 0 45 133 78 160 162
10 8 0 0 45 162 78 160 191
11 8 0 0 45 191 78 160 220
12 11 0 0 160 46 89 227 80
13 11 0 0 160 80 89 227 114
14 11 0 0 160 114 89 227 148
15 11 0 0 160 148 89 227 182
16 11 0 0 160 182 89 227 216
17 4 0 54 0 0 109 45 39
18 10 0 54 0 39 132 45 66
19 10 0 54 0 66 132 45 93
20 0 0 39 0 93 141 27 131
21 6 0 39 0 131 123 38 183
22 0 0 39 0 183 141 38 210
23 9 0 78 45 0 154 102 28
24 9 0 78 102 0 154 159 28
25 5 0 78 45 28 170 125 66
26 5 0 78 45 66 170 125 104
27 5 0 78 45 104 170 125 142
28 1 0 78 38 142 168 119 166
29 1 0 78 38 166 168 119 190
30 1 0 78 38 190 168 119 214
31 7 0 78 125 28 168 158 77
32 7 0 78 125 77 168 158 126
33 0 0 78 125 126 180 152 164
34 9 0 89 159 0 165 216 28
35 9 0 89 159 28 165 216 56
36 3 0 89 119 164 189 179 204
37 3 0 89 179 56 189 219 116
38 3 0 89 179 116 189 219 176
39 1 0 170 0 0 260 81 24
40 1 0 170 0 24 260 81 48
41 17 1 89 179 176 173 231 214
42 21 1 141 0 48 219 27 93
43 21 1 141 0 93 219 27 138
44 12 1 141 0 138 230 34 205
45 17 1 170 81 0 254 119 52
46 17 1 170 81 52 254 119 104
47 17 1 170 81 104 254 119 156
48 17 1 170 81 156 254 119 208
49 15 1 170 34 48 225 79 87
50 15 1 170 34 87 225 79 126
51 15 1 170 34 126 225 79 165
52 15 1 170 34 165 225 79 204
53 13 1 225 34 48 279 80 125
54 13 1 225 34 125 279 80 202
55 13 1 189 119 0 266 173 46
56 13 1 189 173 0 266 227 46
57 14 1 189 119 46 249 219 86
58 14 1 189 119 86 249 219 126
59 18 1 189 119 126 279 168 159
60 20 1 189 168 126 265 225 154
61 15 1 189 119 159 234 158 214
62 15 1 234 119 159 279 158 214
63 22 1 189 168 154 291 206 181
64 22 1 173 179 181 275 206 219
65 22 1 189 206 154 291 233 192
66 12 1 254 81 0 343 115 67
67 12 1 254 80 67 343 114 134
68 18 1 254 80 134 344 113 183
69 12 1 260 0 0 349 34 67
70 20 1 279 0 67 355 57 95
71 16 1 279 0 95 371 80 133
72 19 1 279 0 133 394 78 162
73 19 1 279 0 162 394 78 191
74 19 1 279 0 191 394 78 220
75 19 1 291 115 0 369 230 29
76 19 1 291 115 29 369 230 58
77 23 1 291 115 58 372 205 82
78 23 1 291 115 82 372 205 106
79 33 2 254 80 183 356 118 210
80 29 2 279 118 106 369 167 139
81 29 2 279 118 139 369 167 172
82 29 2 279 118 172 369 167 205
83 28 2 291 167 106 375 219 144
84 28 2 291 167 144 375 219 182
85 28 2 291 167 182 375 219 220
86 32 2 356 80 0 434 107 45
87 35 2 356 80 45 445 114 112
88 28 2 356 80 112 440 118 164
89 26 2 356 78 164 401 117 219
90 24 2 372 118 0 449 164 54
91 24 2 372 118 54 449 164 108
92 24 2 372 118 108 449 164 162
93 24 2 372 118 162 449 164 216
94 31 2 375 164 0 451 221 28
95 31 2 451 164 0 527 221 28
96 31 2 375 164 28 451 221 56
97 31 2 451 164 28 527 221 56
98 33 2 375 164 56 477 202 83
99 25 2 375 164 83 475 224 123
100 32 2 375 164 123 453 191 168
101 32 2 375 164 168 453 191 213
102 30 2 394 0 0 509 78 29
103 30 2 394 0 29 509 78 58
104 27 2 401 0 58 493 80 96
105 34 2 445 0 96 526 90 120
106 34 2 445 0 120 526 90 144
107 39 3 375 191 123 420 230 178
108 43 3 394 0 144 509 78 173
109 43 3 394 0 173 509 78 202
110 45 3 401 78 164 479 105 209
111 41 3 509 0 144 543 89 211
112 46 3 420 191 123 522 229 150
113 46 3 420 191 150 522 229 177
114 46 3 420 191 177 522 229 204
115 42 3 449 105 0 539 138 49
116 42 3 449 105 49 539 138 98
117 40 3 449 105 98 533 143 150
118 40 3 449 105 150 533 143 202
119 37 3 477 143 56 531 189 133
120 37 3 477 143 133 531 189 210
121 45 3 531 143 0 558 221 45
122 45 3 531 143 45 558 221 90
123 41 3 531 143 90 565 232 157
124 37 3 531 143 157 585 220 203
125 41 3 543 0 0 577 89 67
126 38 3 543 0 67 583 100 127
127 38 3 543 0 127 583 100 187
