Utilizacion 67.449612 VolCajasEmpacado 68.464700 Duracion[s] 60.007000 Iteraciones 3738
0 0 0 0 0 0 48 42 37
1 2 0 0 0 37 52 53 75
2 1 0 0 0 75 47 26 109
3 3 1 0 0 109 47 34 135
4 4 1 0 53 0 73 131 72
5 8 2 0 0 135 50 40 214
6 7 2 0 131 0 38 184 52
7 5 2 0 40 75 74 61 109
8 9 2 0 184 0 108 233 69
9 6 2 0 61 72 77 123 96
10 10 2 0 61 96 50 165 170
11 13 3 0 40 170 53 92 208
12 15 3 0 92 170 69 200 219
13 11 3 0 200 69 55 226 119
14 14 3 52 0 0 102 40 79
15 12 3 50 0 79 92 37 127
16 18 4 50 0 127 98 37 169
17 19 4 50 0 169 87 38 218
18 17 4 69 131 0 152 171 70
19 16 4 69 131 70 141 204 148
20 20 5 0 204 119 74 225 153
21 21 5 53 38 109 95 75 157
22 23 6 77 75 0 185 124 69
23 23 6 185 75 0 293 124 69
24 22 6 77 75 69 160 115 139
25 22 6 77 75 139 160 115 209
26 25 7 0 200 153 55 226 203
27 26 7 53 38 157 102 75 195
28 24 7 53 38 195 127 72 216
29 27 7 69 115 148 107 168 200
30 26 7 74 168 148 111 217 186
31 28 7 127 0 0 231 74 50
32 28 7 231 0 0 335 74 50
33 28 7 335 0 0 439 74 50
34 29 8 55 200 186 129 221 220
35 30 8 111 115 148 151 198 218
36 31 8 127 0 50 200 72 128
37 30 8 127 0 128 210 40 198
38 32 9 127 40 128 201 61 162
39 34 10 160 40 162 213 78 214
40 33 10 151 171 0 234 211 70
41 35 11 160 78 69 268 147 118
42 37 12 141 198 70 188 224 104
43 38 12 151 115 118 188 164 156
44 36 12 151 115 156 213 192 180
45 39 12 213 0 50 285 73 128
46 40 13 151 192 104 203 230 157
47 41 14 151 115 180 200 152 218
48 42 15 127 0 198 201 34 219
49 44 15 151 152 180 188 201 218
50 43 15 188 152 180 235 178 214
51 45 15 203 192 70 255 230 123
52 45 15 203 192 123 255 230 176
53 46 15 210 0 128 293 40 198
54 47 16 160 78 118 209 115 156
55 49 16 213 73 118 285 146 196
56 48 16 235 147 0 318 187 70
57 48 16 235 147 70 318 187 140
58 50 17 188 192 176 236 229 218
59 51 18 255 146 140 333 218 213
60 51 18 293 74 0 371 146 73
61 52 19 200 78 196 277 140 220
62 53 19 213 40 128 268 66 178
63 55 19 285 40 73 335 119 113
64 54 19 285 40 113 333 82 150
65 56 20 213 40 178 260 66 212
66 58 20 285 40 150 323 92 203
67 57 20 285 92 113 322 141 151
68 58 20 285 92 151 337 145 189
69 59 20 335 0 50 443 69 99
70 60 20 333 146 0 437 220 50
71 61 21 285 92 189 359 126 210
72 62 21 333 146 50 371 195 87
73 63 21 333 145 87 375 193 124
74 64 21 335 0 99 439 50 173
75 66 22 323 0 173 393 83 213
76 67 22 333 195 50 386 233 102
77 65 22 371 83 0 479 132 69
78 71 23 333 145 124 371 197 177
79 68 23 333 145 177 354 219 211
80 70 23 393 0 173 430 49 211
81 69 23 371 83 69 479 132 138
82 73 24 359 83 138 467 132 207
83 74 24 375 132 50 479 182 124
84 74 24 375 132 124 479 182 198
85 72 24 386 182 50 469 222 120
86 72 24 386 182 120 469 222 190
87 74 24 443 0 0 547 50 74
88 79 25 354 182 190 428 216 211
89 78 25 443 0 74 505 77 98
90 78 25 505 0 74 567 77 98
91 75 25 443 0 98 551 49 167
92 77 25 439 0 167 479 79 217
93 75 25 469 182 0 577 231 69
94 76 25 479 77 0 551 155 73
95 80 26 479 77 73 552 155 145
96 81 27 354 132 198 428 166 219
97 82 27 467 79 145 515 121 182
98 83 27 479 0 167 587 69 216
99 84 27 469 182 69 573 232 143
100 85 28 428 132 198 462 206 219
101 87 28 467 79 182 514 113 208
102 86 28 515 69 145 587 147 218
103 89 29 469 182 143 573 232 217
