Utilizacion 70.178962 VolCajasEmpacado 70.944024 Duracion[s] 60.008000 Iteraciones 4563
0 2 0 0 0 0 57 79 95
1 0 0 0 0 95 46 71 178
2 1 0 0 79 0 80 169 23
3 3 0 0 79 23 47 163 90
4 4 1 0 0 178 56 91 218
5 5 1 0 91 90 67 175 137
6 8 2 0 91 137 63 145 213
7 7 2 0 175 0 69 223 72
8 7 2 69 175 0 138 223 72
9 6 2 0 175 72 91 231 112
10 9 3 0 145 137 69 173 180
11 12 3 0 175 112 83 233 176
12 10 3 0 145 180 91 201 220
13 11 3 57 0 0 140 71 46
14 13 4 57 0 46 114 79 141
15 14 5 56 0 141 117 34 183
16 15 5 56 34 141 147 90 181
17 16 5 80 90 0 163 136 71
18 15 5 67 90 71 158 130 127
19 17 6 67 90 127 134 137 211
20 18 7 91 137 72 148 232 151
21 21 8 91 137 151 162 220 197
22 19 8 91 137 197 181 217 220
23 19 8 147 0 0 227 90 23
24 20 8 147 0 23 238 56 63
25 22 9 147 0 63 227 90 86
26 25 9 147 0 86 211 83 144
27 24 9 147 0 144 216 48 216
28 23 9 147 48 144 231 115 191
29 26 10 181 115 0 215 176 42
30 27 10 181 176 0 272 232 40
31 28 10 181 115 42 229 187 111
32 28 10 181 115 111 229 187 180
33 30 10 229 115 0 312 173 64
34 29 10 229 115 64 292 191 118
35 31 11 229 115 118 308 172 213
36 32 11 231 56 0 314 114 64
37 33 12 238 0 0 309 46 83
38 35 12 231 0 83 295 58 166
39 34 12 231 58 64 326 115 143
40 36 13 134 48 191 203 91 219
41 37 14 181 191 40 250 219 83
42 38 14 292 173 0 387 230 79
43 40 15 181 191 83 242 225 125
44 39 15 181 187 125 250 230 153
45 41 15 231 0 166 307 63 220
46 42 16 181 187 153 272 227 209
47 43 16 231 63 143 303 111 212
48 44 17 272 191 79 363 231 135
49 45 17 272 172 135 348 226 198
50 48 18 309 0 0 385 54 63
51 49 18 309 0 63 392 46 134
52 47 18 307 0 134 402 57 213
53 46 18 326 57 0 416 137 23
54 46 18 326 57 23 416 137 46
55 51 19 326 57 46 389 133 100
56 50 19 326 57 100 395 105 172
57 53 20 308 57 172 377 129 220
58 52 20 387 137 0 477 217 23
59 55 21 377 57 172 405 126 215
60 57 21 387 137 23 444 232 102
61 58 21 348 129 102 431 187 166
62 56 21 348 129 166 409 171 200
63 54 21 416 0 0 496 90 23
64 59 22 363 187 102 434 233 185
65 59 22 402 0 23 485 46 94
66 64 23 348 171 185 409 213 219
67 63 23 402 0 94 481 57 189
68 61 23 416 57 23 488 105 92
69 62 23 405 57 92 459 120 168
70 61 23 405 57 168 474 129 216
71 60 23 444 129 23 491 196 107
72 66 24 431 129 107 510 186 202
73 65 24 491 186 0 562 232 83
74 67 25 491 186 83 575 233 150
75 68 25 496 0 0 568 69 48
76 69 26 485 0 48 576 56 88
77 70 26 485 0 88 554 48 160
78 74 27 402 0 189 471 43 217
79 72 27 481 0 160 557 63 214
80 74 27 488 90 0 557 118 43
81 71 27 488 69 43 583 126 122
82 73 27 474 63 122 565 119 162
83 75 27 510 126 0 582 174 69
84 79 28 474 63 162 557 127 220
85 78 28 510 127 69 581 173 152
86 77 28 510 127 152 550 218 208
