Utilizacion 83.719309 VolCajasEmpacado 85.833417 Duracion[s] 60.002000 Iteraciones 2372
0 5 0 0 0 0 114 77 42
1 5 0 0 77 0 114 154 42
2 5 0 0 154 0 114 231 42
3 5 0 0 0 42 114 77 84
4 5 0 0 77 42 114 154 84
5 5 0 0 154 42 114 231 84
6 5 0 0 0 84 114 77 126
7 5 0 0 77 84 114 154 126
8 5 0 0 154 84 114 231 126
9 5 0 0 0 126 114 77 168
10 5 0 0 77 126 114 154 168
11 5 0 0 154 126 114 231 168
12 5 0 0 0 168 114 77 210
13 5 0 0 77 168 114 154 210
14 5 0 0 154 168 114 231 210
15 4 0 114 0 0 205 104 41
16 4 0 205 0 0 296 104 41
17 4 0 296 0 0 387 104 41
18 4 0 387 0 0 478 104 41
19 4 0 478 0 0 569 104 41
20 4 0 114 104 0 205 208 41
21 4 0 205 104 0 296 208 41
22 4 0 296 104 0 387 208 41
23 4 0 387 104 0 478 208 41
24 4 0 478 104 0 569 208 41
25 7 0 114 0 41 188 105 122
26 7 0 114 105 41 188 210 122
27 7 0 114 0 122 188 105 203
28 7 0 114 105 122 188 210 203
29 6 0 188 0 41 238 76 114
30 6 0 238 0 41 288 76 114
31 6 0 288 0 41 338 76 114
32 6 0 338 0 41 388 76 114
33 6 0 188 76 41 238 152 114
34 6 0 238 76 41 288 152 114
35 6 0 288 76 41 338 152 114
36 6 0 338 76 41 388 152 114
37 6 0 188 152 41 238 228 114
38 6 0 238 152 41 288 228 114
39 6 0 288 152 41 338 228 114
40 6 0 338 152 41 388 228 114
41 7 0 188 0 114 262 81 219
42 7 0 188 81 114 262 162 219
43 1 0 188 162 114 263 232 137
44 1 0 188 162 137 263 232 160
45 1 0 188 162 160 263 232 183
46 1 0 188 162 183 263 232 206
47 7 0 262 0 114 336 81 219
48 7 0 336 0 114 410 81 219
49 7 0 262 81 114 336 162 219
50 7 0 336 81 114 410 162 219
51 6 0 263 162 114 336 212 190
52 3 0 263 162 190 352 208 218
53 0 0 388 162 41 481 229 61
54 0 0 388 162 61 481 229 81
55 0 0 388 162 81 481 229 101
56 0 0 388 162 101 481 229 121
57 1 0 352 162 121 427 232 144
58 2 0 352 162 144 441 216 169
59 2 0 352 162 169 441 216 194
60 2 0 352 162 194 441 216 219
61 5 0 410 0 41 487 114 83
62 3 0 410 114 41 499 142 87
63 3 0 410 114 87 499 142 133
64 3 0 410 114 133 499 142 179
65 3 0 410 0 83 499 28 129
66 3 0 410 28 83 499 56 129
67 3 0 410 56 83 499 84 129
68 3 0 410 84 83 499 112 129
69 3 0 410 0 129 499 28 175
70 3 0 410 28 129 499 56 175
71 3 0 410 56 129 499 84 175
72 3 0 410 84 129 499 112 175
73 2 0 410 0 175 499 54 200
74 2 0 410 54 175 499 108 200
75 3 0 410 108 179 499 154 207
76 1 0 441 154 121 511 229 144
77 1 0 441 154 144 511 229 167
78 1 0 441 154 167 511 229 190
79 1 0 441 154 190 511 229 213
80 1 0 499 0 41 574 70 64
81 1 0 499 0 64 574 70 87
82 1 0 499 0 87 574 70 110
83 1 0 499 0 110 574 70 133
84 1 0 499 0 133 574 70 156
85 1 0 499 0 156 574 70 179
86 1 0 499 0 179 574 70 202
87 7 0 499 70 41 573 151 146
88 1 0 499 70 146 569 145 169
89 2 0 511 70 169 565 159 194
90 2 0 511 70 194 565 159 219
