Utilizacion 95.467726 VolCajasEmpacado 96.318386 Duracion[s] 60.006000 Iteraciones 1040
0 0 0 0 0 0 63 37 21
1 0 0 0 37 0 63 74 21
2 0 0 0 74 0 63 111 21
3 0 0 0 111 0 63 148 21
4 0 0 0 148 0 63 185 21
5 0 0 0 185 0 63 222 21
6 0 0 0 0 21 63 21 58
7 0 0 0 21 21 63 42 58
8 0 0 0 42 21 63 63 58
9 0 0 0 63 21 63 84 58
10 0 0 0 84 21 63 105 58
11 0 0 0 105 21 63 126 58
12 0 0 0 126 21 63 147 58
13 0 0 0 147 21 63 168 58
14 0 0 0 168 21 63 189 58
15 0 0 0 189 21 63 210 58
16 0 0 0 210 21 63 231 58
17 0 0 0 0 58 63 21 95
18 0 0 0 21 58 63 42 95
19 0 0 0 42 58 63 63 95
20 0 0 0 63 58 63 84 95
21 0 0 0 84 58 63 105 95
22 0 0 0 105 58 63 126 95
23 0 0 0 126 58 63 147 95
24 0 0 0 147 58 63 168 95
25 0 0 0 168 58 63 189 95
26 0 0 0 189 58 63 210 95
27 0 0 0 210 58 63 231 95
28 0 0 0 0 95 63 21 132
29 0 0 0 21 95 63 42 132
30 0 0 0 42 95 63 63 132
31 0 0 0 63 95 63 84 132
32 0 0 0 84 95 63 105 132
33 0 0 0 105 95 63 126 132
34 0 0 0 126 95 63 147 132
35 0 0 0 147 95 63 168 132
36 0 0 0 168 95 63 189 132
37 0 0 0 189 95 63 210 132
38 0 0 0 210 95 63 231 132
39 0 0 0 0 132 63 21 169
40 0 0 0 21 132 63 42 169
41 0 0 0 42 132 63 63 169
42 0 0 0 63 132 63 84 169
43 0 0 0 84 132 63 105 169
44 0 0 0 105 132 63 126 169
45 0 0 0 126 132 63 147 169
46 0 0 0 147 132 63 168 169
47 0 0 0 168 132 63 189 169
48 0 0 0 189 132 63 210 169
49 0 0 0 210 132 63 231 169
50 0 0 0 0 169 63 21 206
51 0 0 0 21 169 63 42 206
52 0 0 0 42 169 63 63 206
53 0 0 0 63 169 63 84 206
54 0 0 0 84 169 63 105 206
55 0 0 0 105 169 63 126 206
56 0 0 0 126 169 63 147 206
57 0 0 0 147 169 63 168 206
58 0 0 0 168 169 63 189 206
59 0 0 0 189 169 63 210 206
60 0 0 0 210 169 63 231 206
61 2 0 63 0 0 163 61 36
62 2 0 63 61 0 163 122 36
63 2 0 63 122 0 163 183 36
64 2 0 63 0 36 163 61 72
65 2 0 63 61 36 163 122 72
66 2 0 63 122 36 163 183 72
67 2 0 63 0 72 163 61 108
68 2 0 63 61 72 163 122 108
69 2 0 63 122 72 163 183 108
70 2 0 63 0 108 163 61 144
71 2 0 63 61 108 163 122 144
72 2 0 63 122 108 163 183 144
73 2 0 63 0 144 163 61 180
74 2 0 63 61 144 163 122 180
75 2 0 63 122 144 163 183 180
76 2 0 63 0 180 163 61 216
77 2 0 63 61 180 163 122 216
78 2 0 63 122 180 163 183 216
79 1 0 63 183 0 115 208 36
80 1 0 115 183 0 167 208 36
81 1 0 167 183 0 219 208 36
82 1 0 219 183 0 271 208 36
83 1 0 271 183 0 323 208 36
84 1 0 323 183 0 375 208 36
85 1 0 375 183 0 427 208 36
86 1 0 427 183 0 479 208 36
87 1 0 479 183 0 531 208 36
88 1 0 531 183 0 583 208 36
89 1 0 63 208 0 115 233 36
90 1 0 115 208 0 167 233 36
91 1 0 167 208 0 219 233 36
92 1 0 219 208 0 271 233 36
93 1 0 271 208 0 323 233 36
94 1 0 323 208 0 375 233 36
95 1 0 375 208 0 427 233 36
96 1 0 427 208 0 479 233 36
97 1 0 479 208 0 531 233 36
98 1 0 531 208 0 583 233 36
99 1 0 63 183 36 115 208 72
100 1 0 115 183 36 167 208 72
101 1 0 167 183 36 219 208 72
102 1 0 219 183 36 271 208 72
103 1 0 271 183 36 323 208 72
104 1 0 323 183 36 375 208 72
105 1 0 375 183 36 427 208 72
106 1 0 427 183 36 479 208 72
107 1 0 479 183 36 531 208 72
108 1 0 531 183 36 583 208 72
109 1 0 63 208 36 115 233 72
110 1 0 115 208 36 167 233 72
111 1 0 167 208 36 219 233 72
112 1 0 219 208 36 271 233 72
113 1 0 271 208 36 323 233 72
114 1 0 323 208 36 375 233 72
115 1 0 375 208 36 427 233 72
116 1 0 427 208 36 479 233 72
117 1 0 479 208 36 531 233 72
118 1 0 531 208 36 583 233 72
119 1 0 63 183 72 115 208 108
120 1 0 115 183 72 167 208 108
121 1 0 167 183 72 219 208 108
122 1 0 219 183 72 271 208 108
123 1 0 271 183 72 323 208 108
124 1 0 323 183 72 375 208 108
125 1 0 375 183 72 427 208 108
126 1 0 427 183 72 479 208 108
127 1 0 479 183 72 531 208 108
128 1 0 531 183 72 583 208 108
129 1 0 63 208 72 115 233 108
130 1 0 115 208 72 167 233 108
131 1 0 167 208 72 219 233 108
132 1 0 219 208 72 271 233 108
133 1 0 271 208 72 323 233 108
134 1 0 323 208 72 375 233 108
135 1 0 375 208 72 427 233 108
136 1 0 427 208 72 479 233 108
137 1 0 479 208 72 531 233 108
138 1 0 531 208 72 583 233 108
139 1 0 63 183 108 115 208 144
140 1 0 115 183 108 167 208 144
141 1 0 167 183 108 219 208 144
142 1 0 219 183 108 271 208 144
143 1 0 271 183 108 323 208 144
144 1 0 323 183 108 375 208 144
145 1 0 375 183 108 427 208 144
146 1 0 427 183 108 479 208 144
147 1 0 479 183 108 531 208 144
148 1 0 531 183 108 583 208 144
149 1 0 63 208 108 115 233 144
150 1 0 115 208 108 167 233 144
151 1 0 167 208 108 219 233 144
152 1 0 219 208 108 271 233 144
153 1 0 271 208 108 323 233 144
154 1 0 323 208 108 375 233 144
155 1 0 375 208 108 427 233 144
156 1 0 427 208 108 479 233 144
157 1 0 479 208 108 531 233 144
158 1 0 531 208 108 583 233 144
159 1 0 63 183 144 115 208 180
160 1 0 115 183 144 167 208 180
161 1 0 167 183 144 219 208 180
162 1 0 219 183 144 271 208 180
163 1 0 271 183 144 323 208 180
164 1 0 323 183 144 375 208 180
165 1 0 375 183 144 427 208 180
166 1 0 427 183 144 479 208 180
167 1 0 479 183 144 531 208 180
168 1 0 531 183 144 583 208 180
169 1 0 63 208 144 115 233 180
170 1 0 115 208 144 167 233 180
171 1 0 167 208 144 219 233 180
172 1 0 219 208 144 271 233 180
173 1 0 271 208 144 323 233 180
174 1 0 323 208 144 375 233 180
175 1 0 375 208 144 427 233 180
176 1 0 427 208 144 479 233 180
177 1 0 479 208 144 531 233 180
178 1 0 531 208 144 583 233 180
179 1 0 63 183 180 115 208 216
180 1 0 63 208 180 115 233 216
181 1 0 115 208 180 167 233 216
182 1 0 167 208 180 219 233 216
183 1 0 219 208 180 271 233 216
184 1 0 271 208 180 323 233 216
185 1 0 323 208 180 375 233 216
186 1 0 375 208 180 427 233 216
187 1 0 427 208 180 479 233 216
188 1 0 479 208 180 531 233 216
189 1 0 531 208 180 583 233 216
190 1 0 115 183 180 167 208 216
191 2 0 163 0 0 263 61 36
192 2 0 263 0 0 363 61 36
193 2 0 363 0 0 463 61 36
194 2 0 463 0 0 563 61 36
195 2 0 163 61 0 263 122 36
196 2 0 263 61 0 363 122 36
197 2 0 363 61 0 463 122 36
198 2 0 463 61 0 563 122 36
199 2 0 163 122 0 263 183 36
200 2 0 263 122 0 363 183 36
201 2 0 363 122 0 463 183 36
202 2 0 463 122 0 563 183 36
203 2 0 163 0 36 263 61 72
204 2 0 263 0 36 363 61 72
205 2 0 363 0 36 463 61 72
206 2 0 463 0 36 563 61 72
207 2 0 163 61 36 263 122 72
208 2 0 263 61 36 363 122 72
209 2 0 363 61 36 463 122 72
210 2 0 463 61 36 563 122 72
211 2 0 163 122 36 263 183 72
212 2 0 263 122 36 363 183 72
213 2 0 363 122 36 463 183 72
214 2 0 463 122 36 563 183 72
215 2 0 163 0 72 263 61 108
216 2 0 263 0 72 363 61 108
217 2 0 363 0 72 463 61 108
218 2 0 463 0 72 563 61 108
219 2 0 163 61 72 263 122 108
220 2 0 263 61 72 363 122 108
221 2 0 363 61 72 463 122 108
222 2 0 463 61 72 563 122 108
223 2 0 163 122 72 263 183 108
224 2 0 263 122 72 363 183 108
225 2 0 363 122 72 463 183 108
226 2 0 463 122 72 563 183 108
227 2 0 163 0 108 263 61 144
228 2 0 263 0 108 363 61 144
229 2 0 363 0 108 463 61 144
230 2 0 463 0 108 563 61 144
231 2 0 163 61 108 263 122 144
232 2 0 263 61 108 363 122 144
233 2 0 363 61 108 463 122 144
234 2 0 463 61 108 563 122 144
235 2 0 163 122 108 263 183 144
236 2 0 263 122 108 363 183 144
237 2 0 363 122 108 463 183 144
238 2 0 463 122 108 563 183 144
239 2 0 163 0 144 263 61 180
240 2 0 263 0 144 363 61 180
241 2 0 363 0 144 463 61 180
242 2 0 463 0 144 563 61 180
243 2 0 163 61 144 263 122 180
244 2 0 263 61 144 363 122 180
245 2 0 363 61 144 463 122 180
246 2 0 463 61 144 563 122 180
247 2 0 163 122 144 263 183 180
248 2 0 263 122 144 363 183 180
249 2 0 363 122 144 463 183 180
250 2 0 463 122 144 563 183 180
251 2 0 163 0 180 263 61 216
252 2 0 263 0 180 363 61 216
253 2 0 363 0 180 463 61 216
254 2 0 463 0 180 563 61 216
255 2 0 163 61 180 263 122 216
256 2 0 263 61 180 363 122 216
257 2 0 363 61 180 463 122 216
258 2 0 463 61 180 563 122 216
259 2 0 163 122 180 263 183 216
260 2 0 263 122 180 363 183 216
261 2 0 363 122 180 463 183 216
262 2 0 463 122 180 563 183 216
263 0 0 167 183 180 230 204 217
264 0 0 230 183 180 293 204 217
265 0 0 293 183 180 356 204 217
266 0 0 356 183 180 419 204 217
267 0 0 419 183 180 482 204 217
268 0 0 482 183 180 545 204 217
269 0 0 563 0 0 584 63 37
270 0 0 563 0 37 584 63 74
271 0 0 563 0 74 584 63 111
272 0 0 563 0 111 584 63 148
273 0 0 563 0 148 584 63 185
274 0 0 563 63 0 584 126 37
275 0 0 563 63 37 584 126 74
276 0 0 563 63 74 584 126 111
277 0 0 563 63 111 584 126 148
