Utilizacion 84.545288 VolCajasEmpacado 85.700349 Duracion[s] 60.034000 Iteraciones 641
0 6 0 0 0 0 76 38 56
1 6 0 0 38 0 76 76 56
2 6 0 0 76 0 76 114 56
3 6 0 0 114 0 76 152 56
4 6 0 0 152 0 76 190 56
5 6 0 0 0 56 76 38 112
6 6 0 0 38 56 76 76 112
7 6 0 0 76 56 76 114 112
8 6 0 0 114 56 76 152 112
9 6 0 0 152 56 76 190 112
10 6 0 0 0 112 76 38 168
11 6 0 0 38 112 76 76 168
12 6 0 0 76 112 76 114 168
13 6 0 0 114 112 76 152 168
14 6 0 0 152 112 76 190 168
15 3 0 0 0 168 68 62 194
16 3 0 0 62 168 68 124 194
17 3 0 0 124 168 68 186 194
18 3 0 0 0 194 68 62 220
19 3 0 0 62 194 68 124 220
20 3 0 0 124 194 68 186 220
21 5 0 0 190 0 63 221 55
22 5 0 0 190 55 63 221 110
23 5 0 0 190 110 63 221 165
24 5 0 0 190 165 63 221 220
25 5 0 63 190 0 126 221 55
26 5 0 126 190 0 189 221 55
27 5 0 63 190 55 126 221 110
28 5 0 126 190 55 189 221 110
29 5 0 63 190 110 126 221 165
30 5 0 126 190 110 189 221 165
31 5 0 63 190 165 126 221 220
32 5 0 126 190 165 189 221 220
33 7 0 76 0 0 144 40 50
34 7 0 76 40 0 144 80 50
35 7 0 76 80 0 144 120 50
36 7 0 76 120 0 144 160 50
37 7 0 76 0 50 144 40 100
38 7 0 76 40 50 144 80 100
39 7 0 76 80 50 144 120 100
40 7 0 76 120 50 144 160 100
41 7 0 76 0 100 144 40 150
42 7 0 76 40 100 144 80 150
43 7 0 76 80 100 144 120 150
44 7 0 76 120 100 144 160 150
45 7 0 76 0 150 144 40 200
46 7 0 76 40 150 144 80 200
47 7 0 76 80 150 144 120 200
48 7 0 76 120 150 144 160 200
49 0 0 68 0 200 142 93 220
50 0 0 68 93 200 142 186 220
51 1 0 142 160 0 221 181 36
52 1 0 142 160 36 221 181 72
53 1 0 142 160 72 221 181 108
54 1 0 142 160 108 221 181 144
55 1 0 142 160 144 221 181 180
56 1 0 142 160 180 221 181 216
57 9 0 144 0 0 186 77 76
58 9 0 186 0 0 228 77 76
59 9 0 228 0 0 270 77 76
60 9 0 270 0 0 312 77 76
61 9 0 312 0 0 354 77 76
62 9 0 354 0 0 396 77 76
63 9 0 396 0 0 438 77 76
64 9 0 438 0 0 480 77 76
65 9 0 480 0 0 522 77 76
66 9 0 522 0 0 564 77 76
67 9 0 144 77 0 186 154 76
68 9 0 186 77 0 228 154 76
69 9 0 228 77 0 270 154 76
70 9 0 270 77 0 312 154 76
71 9 0 312 77 0 354 154 76
72 9 0 354 77 0 396 154 76
73 9 0 396 77 0 438 154 76
74 9 0 438 77 0 480 154 76
75 9 0 480 77 0 522 154 76
76 9 0 522 77 0 564 154 76
77 0 0 144 0 76 237 74 96
78 0 0 144 74 76 237 148 96
79 0 0 144 0 96 237 74 116
80 0 0 144 74 96 237 148 116
81 0 0 144 0 116 237 74 136
82 0 0 144 74 116 237 148 136
83 0 0 144 0 136 237 74 156
84 0 0 144 74 136 237 148 156
85 0 0 144 0 156 237 74 176
86 0 0 144 74 156 237 148 176
87 0 0 144 0 176 237 74 196
88 0 0 144 74 176 237 148 196
89 0 0 144 0 196 237 74 216
90 0 0 144 74 196 237 148 216
91 10 0 189 181 0 252 224 65
92 10 0 252 181 0 315 224 65
93 10 0 315 181 0 378 224 65
94 10 0 378 181 0 441 224 65
95 10 0 441 181 0 504 224 65
96 10 0 504 181 0 567 224 65
97 11 0 237 0 76 294 97 148
98 11 0 294 0 76 351 97 148
99 11 0 351 0 76 408 97 148
100 11 0 408 0 76 465 97 148
101 11 0 237 97 76 294 194 148
102 11 0 294 97 76 351 194 148
103 11 0 351 97 76 408 194 148
104 11 0 408 97 76 465 194 148
105 11 0 237 0 148 294 97 220
106 11 0 294 0 148 351 97 220
107 11 0 351 0 148 408 97 220
108 11 0 408 0 148 465 97 220
109 11 0 237 97 148 294 194 220
110 11 0 294 97 148 351 194 220
111 11 0 351 97 148 408 194 220
112 11 0 408 97 148 465 194 220
113 7 0 189 181 65 229 231 133
114 6 0 189 194 133 265 232 189
115 1 0 189 194 189 268 230 210
116 6 0 268 194 65 344 232 121
117 1 0 268 194 121 347 230 142
118 1 0 268 194 142 347 230 163
119 1 0 268 194 163 347 230 184
120 1 0 268 194 184 347 230 205
121 0 0 465 0 76 558 74 96
122 0 0 465 0 96 558 74 116
123 1 0 347 194 65 426 230 86
124 1 0 347 194 86 426 230 107
125 1 0 347 194 107 426 230 128
126 1 0 347 194 128 426 230 149
127 4 0 347 194 149 426 225 191
128 4 0 426 194 65 505 225 107
129 4 0 426 194 107 505 225 149
130 4 0 426 194 149 505 225 191
131 2 0 465 154 0 585 177 43
132 2 0 465 154 43 585 177 86
133 2 0 465 154 86 585 177 129
134 2 0 465 154 129 585 177 172
135 2 0 465 154 172 585 177 215
136 2 0 465 0 116 585 23 159
137 2 0 465 23 116 585 46 159
138 2 0 465 46 116 585 69 159
139 2 0 465 0 159 488 120 202
140 11 0 488 0 159 560 97 216
141 4 0 465 120 76 544 151 118
142 4 0 465 120 118 544 151 160
143 2 0 465 120 160 585 143 203
144 4 0 505 177 65 584 219 96
145 4 0 505 177 96 584 219 127
146 4 0 505 177 127 584 219 158
147 4 0 505 177 158 584 219 189
148 4 0 505 177 189 584 219 220
