Utilizacion 71.572728 VolCajasEmpacado 73.103430 Duracion[s] 60.016000 Iteraciones 3051
0 2 0 0 0 0 51 50 65
1 2 0 0 0 65 51 50 130
2 2 0 0 0 130 51 50 195
3 3 0 0 50 0 94 114 70
4 3 0 0 50 70 94 114 140
5 3 0 0 50 140 94 114 210
6 1 0 0 114 0 120 149 32
7 1 0 0 149 0 120 184 32
8 0 0 0 114 32 78 227 60
9 0 0 0 114 60 78 227 88
10 2 0 0 114 88 51 164 153
11 2 0 0 114 153 51 164 218
12 4 0 0 164 88 71 217 108
13 4 0 0 164 108 71 217 128
14 4 0 0 164 128 71 217 148
15 4 0 0 164 148 71 217 168
16 4 0 0 164 168 71 217 188
17 4 0 0 164 188 71 217 208
18 8 1 51 0 0 102 50 65
19 8 1 51 0 65 102 50 130
20 8 1 51 0 130 102 50 195
21 8 1 51 114 88 102 164 153
22 5 1 71 114 153 124 185 173
23 5 1 71 114 173 124 185 193
24 7 1 78 185 0 198 217 35
25 7 1 78 185 35 198 217 70
26 7 1 78 185 70 198 217 105
27 9 1 94 50 0 188 114 70
28 9 1 94 50 70 164 114 164
29 6 1 102 0 164 180 113 192
30 6 1 102 0 192 180 113 220
31 9 1 124 114 0 188 184 94
32 6 1 188 0 0 266 113 28
33 14 2 71 114 193 124 185 213
34 12 2 71 185 105 191 217 140
35 12 2 71 185 140 191 217 175
36 12 2 71 185 175 191 217 210
37 10 2 124 114 94 175 164 159
38 10 2 124 114 159 189 164 210
39 13 2 188 0 28 301 78 56
40 13 2 188 0 56 301 78 84
41 11 2 180 0 84 244 70 178
42 14 2 180 0 178 233 71 198
43 11 2 189 113 0 283 177 70
44 11 2 189 113 70 283 177 140
45 11 2 189 113 140 283 177 210
46 11 2 244 0 84 308 94 154
47 15 3 180 0 198 233 71 218
48 18 3 198 177 0 249 227 65
49 17 3 233 70 154 353 105 186
50 17 3 233 70 186 353 105 218
51 18 3 198 177 65 249 227 130
52 15 3 191 177 130 262 230 150
53 18 3 244 0 154 295 50 219
54 15 3 191 177 150 262 230 170
55 15 3 191 177 170 262 230 190
56 18 3 262 177 0 313 227 65
57 18 3 262 177 65 327 228 115
58 19 3 283 105 0 377 175 64
59 19 3 283 105 64 377 175 128
60 16 3 283 105 128 396 183 156
61 16 3 283 105 156 396 183 184
62 16 3 283 105 184 396 183 212
63 19 3 308 0 0 372 70 94
64 16 3 372 0 0 485 78 28
65 16 3 372 0 28 485 78 56
66 16 3 372 0 56 485 78 84
67 22 4 262 183 115 313 233 180
68 23 4 308 0 94 372 70 188
69 21 4 295 0 188 415 35 220
70 20 4 372 35 84 443 88 104
71 23 4 372 35 104 466 105 168
72 20 4 372 35 168 443 88 188
73 28 5 295 35 188 415 70 220
74 28 5 327 183 0 447 218 32
75 28 5 447 183 0 567 218 32
76 28 5 353 70 188 473 105 220
77 26 5 327 183 32 392 233 83
78 28 5 327 183 83 447 215 118
79 27 5 396 105 0 509 183 28
80 25 5 396 105 28 490 175 92
81 25 5 396 105 92 490 175 156
82 25 5 396 105 156 490 175 220
83 24 5 396 175 118 467 228 138
84 24 5 396 175 138 467 228 158
85 24 5 396 175 158 467 228 178
86 25 5 485 0 0 579 64 70
87 25 5 485 0 70 555 64 164
88 27 5 473 0 164 586 78 192
89 30 6 473 0 192 586 78 220
90 29 6 396 175 178 467 228 198
91 29 6 396 175 198 467 228 218
92 31 6 467 175 32 587 207 67
93 31 6 467 175 67 587 207 102
94 32 6 467 175 102 532 225 153
95 32 6 467 175 153 517 226 218
96 33 6 509 78 0 573 172 70
97 33 6 490 78 70 560 172 134
98 33 6 490 78 134 554 172 204
99 32 6 532 172 102 583 222 167
