Utilizacion 66.231315 VolCajasEmpacado 66.811530 Duracion[s] 60.027000 Iteraciones 2410
0 2 0 0 0 0 44 62 55
1 2 0 0 0 55 44 62 110
2 3 0 0 62 0 76 108 52
3 3 0 0 108 0 76 154 52
4 1 0 0 154 0 95 200 36
5 0 0 0 0 110 35 59 173
6 4 0 0 0 173 66 59 204
7 6 1 0 62 52 46 157 88
8 5 1 0 62 88 31 128 147
9 7 2 0 59 147 59 122 182
10 7 2 0 59 182 59 122 217
11 8 2 0 157 36 95 193 82
12 8 2 0 157 82 95 193 128
13 8 2 0 157 128 95 193 174
14 8 2 0 157 174 95 193 220
15 9 3 46 122 52 105 157 115
16 9 3 46 122 115 105 157 178
17 10 3 66 0 0 121 62 44
18 11 3 66 0 44 142 52 90
19 12 4 0 200 0 66 231 59
20 13 4 66 0 90 112 95 126
21 14 5 59 59 126 111 105 202
22 16 6 66 0 126 129 59 161
23 16 6 66 0 161 129 59 196
24 15 6 95 157 0 147 233 46
25 17 7 0 193 59 95 229 105
26 17 7 0 193 105 95 229 151
27 18 7 95 157 46 147 233 92
28 21 8 0 193 151 95 229 197
29 20 8 95 157 92 158 192 151
30 19 8 95 192 92 161 223 151
31 22 8 95 157 151 157 201 206
32 25 9 95 201 151 161 232 210
33 23 9 105 105 0 167 149 55
34 23 9 105 105 55 167 149 110
35 24 9 105 105 110 181 151 162
36 25 9 112 62 0 178 93 59
37 26 10 105 105 162 181 151 214
38 26 10 112 59 59 188 105 111
39 27 11 112 59 111 175 94 170
40 28 11 111 59 170 206 95 216
41 30 11 142 0 0 194 46 76
42 29 11 142 0 76 197 44 138
43 30 11 129 0 138 181 46 214
44 32 12 158 151 0 253 187 46
45 33 12 158 151 46 221 186 105
46 34 12 158 151 105 224 182 164
47 31 12 157 151 164 233 197 216
48 36 13 161 197 0 227 228 59
49 35 13 181 105 0 236 149 62
50 39 14 181 105 62 243 149 117
51 37 14 181 95 117 247 126 176
52 38 14 161 197 59 224 232 118
53 41 15 161 197 118 256 233 164
54 41 15 161 197 164 256 233 210
55 42 15 181 95 176 243 150 220
56 40 15 197 0 0 260 59 35
57 43 15 197 0 35 249 46 111
58 42 15 197 0 111 241 55 173
59 46 16 181 0 173 276 36 219
60 46 16 206 59 0 301 95 46
61 44 16 206 55 46 272 86 105
62 44 16 206 55 105 272 86 164
63 45 16 247 36 164 293 112 216
64 45 16 253 112 0 299 188 52
65 47 17 233 150 52 328 196 88
66 48 17 233 150 88 309 196 140
67 49 18 233 150 140 328 196 176
68 49 18 233 150 176 328 196 212
69 49 18 247 112 52 342 148 98
70 50 18 293 0 0 355 44 55
71 51 19 247 112 98 313 143 157
72 51 19 247 112 157 313 143 216
73 53 19 276 0 55 371 36 101
74 51 19 276 0 101 342 31 160
75 52 19 293 0 160 369 52 206
76 54 20 256 196 0 351 232 46
77 56 20 301 52 0 377 98 52
78 55 20 293 52 52 355 107 96
79 58 21 256 196 46 315 231 109
80 59 21 256 196 109 351 232 155
81 58 21 256 196 155 319 231 214
82 57 21 293 52 96 359 111 127
83 60 22 293 52 127 388 98 163
84 61 22 293 52 163 355 96 218
85 62 23 328 148 0 423 194 36
86 62 23 328 148 36 423 194 72
87 63 23 328 148 72 383 192 134
88 63 23 383 148 72 438 192 134
89 64 23 355 52 163 407 128 209
90 64 23 328 128 134 374 180 210
91 63 23 374 128 134 418 183 196
92 65 24 351 194 0 417 225 59
93 66 24 371 0 0 426 44 62
94 69 25 319 196 155 382 231 214
95 67 25 371 0 62 417 52 138
96 67 25 371 0 138 417 52 214
97 68 25 382 194 59 448 225 118
98 68 25 382 194 118 448 225 177
99 68 25 407 52 0 438 118 59
100 67 25 407 52 59 459 128 105
101 74 26 382 183 177 477 229 213
102 70 26 407 52 105 473 111 136
103 70 26 407 52 136 473 111 167
104 71 26 407 52 167 459 128 213
105 71 26 426 0 0 472 52 76
106 72 26 417 0 76 472 44 138
107 73 26 417 0 138 480 35 197
108 76 27 438 128 0 482 183 62
109 76 27 438 128 62 482 183 124
110 75 27 438 128 124 504 159 183
111 75 27 473 35 0 539 94 31
112 75 27 473 35 31 539 94 62
113 79 28 418 128 183 513 174 219
114 77 28 473 35 62 539 66 121
115 77 28 473 66 62 539 97 121
116 77 28 473 97 0 539 128 59
117 78 28 473 35 121 536 94 156
118 80 28 473 35 156 528 97 200
119 81 29 473 97 59 539 128 118
120 83 29 477 183 0 572 229 36
121 84 29 477 183 36 532 227 98
122 85 29 513 97 118 559 149 194
123 82 29 477 183 98 540 218 157
124 82 29 477 174 157 536 209 220
125 86 30 480 0 0 546 31 59
126 89 31 480 0 59 539 35 122
127 88 31 539 31 0 585 83 76
128 87 31 539 0 76 585 95 112
129 87 31 539 0 112 585 95 148
130 92 32 536 0 148 572 95 194
131 93 32 540 149 36 586 225 88
132 91 32 540 149 88 575 212 147
133 90 32 540 149 147 571 215 206
