Utilizacion 70.249554 VolCajasEmpacado 71.434086 Duracion[s] 60.026000 Iteraciones 2397
0 2 0 0 0 0 66 32 43
1 2 0 0 0 43 66 32 86
2 2 0 0 0 86 66 32 129
3 2 0 0 0 129 66 32 172
4 3 0 0 32 0 57 141 41
5 8 0 0 141 0 26 226 40
6 8 0 0 141 40 26 226 80
7 7 0 0 32 41 59 141 109
8 0 0 0 0 172 51 28 214
9 5 0 0 141 80 51 217 150
10 6 0 0 32 109 55 125 182
11 1 0 0 28 182 70 128 210
12 0 0 0 128 150 28 170 201
13 4 0 51 141 0 171 188 71
14 17 1 0 170 150 49 200 182
15 17 1 0 170 182 49 200 214
16 16 1 0 200 150 64 232 203
17 12 1 51 141 71 140 199 124
18 12 1 51 141 124 140 199 177
19 19 1 28 128 177 113 154 217
20 9 1 49 154 177 115 186 220
21 13 1 70 0 0 117 120 71
22 14 1 70 0 71 127 109 112
23 10 1 70 0 112 145 75 213
24 15 1 70 75 112 168 128 148
25 11 1 113 75 148 192 130 219
26 18 1 145 0 0 245 70 28
27 24 2 64 199 0 128 231 53
28 24 2 128 199 0 192 231 53
29 20 2 115 130 177 147 196 220
30 20 2 64 199 53 130 231 96
31 20 2 64 199 96 130 231 139
32 20 2 64 199 139 130 231 182
33 25 2 64 186 182 115 228 210
34 25 2 130 199 53 172 227 104
35 21 2 145 0 28 224 71 83
36 22 2 145 0 83 196 70 159
37 22 2 196 0 83 247 70 159
38 22 2 145 0 159 221 70 210
39 26 2 221 0 159 257 98 212
40 23 2 171 130 0 291 177 71
41 34 3 130 199 104 162 229 153
42 35 3 130 199 153 181 227 195
43 33 3 147 130 71 179 196 114
44 27 3 147 130 114 200 188 203
45 32 3 192 98 0 256 130 53
46 28 3 200 98 71 275 199 146
47 36 3 192 199 0 277 225 40
48 35 3 192 98 146 243 126 188
49 30 3 200 126 146 255 205 217
50 29 3 257 0 0 316 68 109
51 31 3 257 0 109 308 76 179
52 42 4 257 0 179 314 109 220
53 46 4 192 205 40 277 231 80
54 46 4 192 205 80 277 231 120
55 43 4 255 109 146 287 173 199
56 39 4 277 177 0 356 232 71
57 39 4 277 177 71 356 232 142
58 44 4 255 199 142 321 231 185
59 44 4 321 199 142 387 231 185
60 43 4 255 173 185 319 226 217
61 38 4 291 109 0 384 164 73
62 40 4 287 109 73 340 167 162
63 45 4 316 0 0 386 100 28
64 45 4 316 0 28 386 100 56
65 45 4 316 0 56 386 100 84
66 45 4 316 0 84 386 100 112
67 37 4 314 0 112 389 75 213
68 41 4 340 100 73 391 176 143
69 38 4 340 75 143 433 130 216
70 47 4 387 176 0 507 223 71
71 37 4 389 0 0 490 75 75
72 57 5 287 130 162 338 172 190
73 55 5 287 130 190 336 162 220
74 53 5 340 130 143 372 194 196
75 53 5 372 130 143 404 194 196
76 58 5 387 194 71 485 230 124
77 57 5 387 194 124 429 222 175
78 57 5 429 194 124 471 222 175
79 54 5 387 194 175 453 226 218
80 48 5 389 0 75 482 73 130
81 48 5 389 0 130 482 73 185
82 56 5 389 0 185 474 40 211
83 49 5 433 75 0 492 143 109
84 49 5 433 75 109 492 143 218
85 50 5 490 0 0 545 71 79
86 52 5 482 0 79 558 70 130
87 51 5 482 0 130 535 58 219
88 66 6 535 0 130 563 51 172
89 59 6 404 143 0 468 175 53
90 64 6 404 143 53 434 175 102
91 64 6 404 143 102 434 175 151
92 66 6 535 0 172 586 28 214
93 67 6 468 143 0 553 169 40
94 61 6 492 71 0 585 126 73
95 61 6 492 71 73 585 144 128
96 62 6 492 70 128 568 121 198
97 60 6 507 169 0 575 228 109
98 65 6 485 144 109 585 214 137
99 65 6 485 144 137 585 214 165
100 63 6 471 143 165 569 179 218
101 63 6 471 179 165 569 215 218
