Utilizacion 89.280988 VolCajasEmpacado 89.637307 Duracion[s] 60.046000 Iteraciones 1079
0 1 0 0 0 0 31 42 31
1 1 0 0 42 0 31 84 31
2 1 0 0 84 0 31 126 31
3 1 0 0 126 0 31 168 31
4 1 0 0 168 0 31 210 31
5 1 0 0 0 31 31 42 62
6 1 0 0 42 31 31 84 62
7 1 0 0 84 31 31 126 62
8 1 0 0 126 31 31 168 62
9 1 0 0 168 31 31 210 62
10 1 0 0 0 62 31 42 93
11 1 0 0 42 62 31 84 93
12 1 0 0 84 62 31 126 93
13 1 0 0 126 62 31 168 93
14 1 0 0 168 62 31 210 93
15 1 0 0 0 93 31 42 124
16 1 0 0 42 93 31 84 124
17 1 0 0 84 93 31 126 124
18 1 0 0 126 93 31 168 124
19 1 0 0 168 93 31 210 124
20 1 0 0 0 124 31 42 155
21 1 0 0 42 124 31 84 155
22 1 0 0 84 124 31 126 155
23 1 0 0 126 124 31 168 155
24 1 0 0 168 124 31 210 155
25 1 0 0 0 155 31 42 186
26 1 0 0 42 155 31 84 186
27 1 0 0 84 155 31 126 186
28 1 0 0 126 155 31 168 186
29 1 0 0 168 155 31 210 186
30 1 0 0 0 186 31 42 217
31 1 0 0 42 186 31 84 217
32 1 0 0 84 186 31 126 217
33 1 0 0 126 186 31 168 217
34 1 0 0 168 186 31 210 217
35 2 0 31 0 0 65 90 41
36 2 0 31 90 0 65 180 41
37 2 0 31 0 41 65 90 82
38 2 0 31 90 41 65 180 82
39 2 0 31 0 82 65 90 123
40 2 0 31 90 82 65 180 123
41 2 0 31 0 123 65 90 164
42 2 0 31 90 123 65 180 164
43 2 0 31 0 164 65 90 205
44 2 0 31 90 164 65 180 205
45 2 0 31 180 0 121 214 41
46 2 0 31 180 41 121 214 82
47 2 0 31 180 82 121 214 123
48 2 0 31 180 123 121 214 164
49 2 0 31 180 164 121 214 205
50 2 0 65 0 0 155 34 41
51 2 0 155 0 0 245 34 41
52 2 0 245 0 0 335 34 41
53 2 0 335 0 0 425 34 41
54 2 0 425 0 0 515 34 41
55 2 0 65 34 0 155 68 41
56 2 0 155 34 0 245 68 41
57 2 0 245 34 0 335 68 41
58 2 0 335 34 0 425 68 41
59 2 0 425 34 0 515 68 41
60 2 0 65 68 0 155 102 41
61 2 0 155 68 0 245 102 41
62 2 0 245 68 0 335 102 41
63 2 0 335 68 0 425 102 41
64 2 0 425 68 0 515 102 41
65 2 0 65 102 0 155 136 41
66 2 0 155 102 0 245 136 41
67 2 0 245 102 0 335 136 41
68 2 0 335 102 0 425 136 41
69 2 0 425 102 0 515 136 41
70 2 0 65 136 0 155 170 41
71 2 0 155 136 0 245 170 41
72 2 0 245 136 0 335 170 41
73 2 0 335 136 0 425 170 41
74 2 0 425 136 0 515 170 41
75 0 0 65 0 41 129 32 69
76 0 0 65 32 41 129 64 69
77 0 0 65 64 41 129 96 69
78 0 0 65 96 41 129 128 69
79 0 0 65 128 41 129 160 69
80 0 0 65 0 69 129 32 97
81 0 0 65 32 69 129 64 97
82 0 0 65 64 69 129 96 97
83 0 0 65 96 69 129 128 97
84 0 0 65 128 69 129 160 97
85 0 0 65 0 97 129 32 125
86 0 0 65 32 97 129 64 125
87 0 0 65 64 97 129 96 125
88 0 0 65 96 97 129 128 125
89 0 0 65 128 97 129 160 125
90 0 0 65 0 125 129 32 153
91 0 0 65 32 125 129 64 153
92 0 0 65 64 125 129 96 153
93 0 0 65 96 125 129 128 153
94 0 0 65 128 125 129 160 153
95 0 0 65 0 153 129 32 181
96 0 0 65 32 153 129 64 181
97 0 0 65 64 153 129 96 181
98 0 0 65 96 153 129 128 181
99 0 0 65 128 153 129 160 181
100 0 0 65 0 181 129 32 209
101 0 0 65 32 181 129 64 209
102 0 0 65 64 181 129 96 209
103 0 0 65 96 181 129 128 209
104 0 0 65 128 181 129 160 209
105 1 0 121 170 0 152 201 42
106 1 0 121 201 0 152 232 42
107 1 0 121 170 42 152 201 84
108 1 0 121 201 42 152 232 84
109 1 0 121 170 84 152 201 126
110 1 0 121 201 84 152 232 126
111 1 0 121 170 126 152 201 168
112 1 0 121 201 126 152 232 168
113 1 0 121 170 168 152 201 210
114 1 0 121 201 168 152 232 210
115 1 0 129 0 41 160 42 72
116 1 0 129 42 41 160 84 72
117 1 0 129 84 41 160 126 72
118 1 0 129 126 41 160 168 72
119 1 0 129 0 72 160 42 103
120 1 0 129 42 72 160 84 103
121 1 0 129 84 72 160 126 103
122 1 0 129 126 72 160 168 103
123 1 0 129 0 103 160 42 134
124 1 0 129 42 103 160 84 134
125 1 0 129 84 103 160 126 134
126 1 0 129 126 103 160 168 134
127 1 0 129 0 134 160 42 165
128 1 0 129 42 134 160 84 165
129 1 0 129 84 134 160 126 165
130 1 0 129 126 134 160 168 165
131 1 0 129 0 165 160 42 196
132 1 0 129 42 165 160 84 196
133 1 0 129 84 165 160 126 196
134 1 0 129 126 165 160 168 196
135 1 0 152 170 0 183 212 31
136 1 0 152 170 31 183 212 62
137 1 0 152 170 62 183 212 93
138 1 0 152 170 93 183 212 124
139 1 0 152 170 124 183 212 155
140 1 0 152 170 155 183 212 186
141 1 0 152 170 186 183 212 217
142 2 0 160 0 41 250 41 75
143 2 0 160 41 41 250 82 75
144 2 0 160 82 41 250 123 75
145 2 0 160 123 41 250 164 75
146 2 0 160 0 75 250 41 109
147 2 0 160 41 75 250 82 109
148 2 0 160 82 75 250 123 109
149 2 0 160 123 75 250 164 109
150 2 0 160 0 109 250 41 143
151 2 0 160 41 109 250 82 143
152 2 0 160 82 109 250 123 143
153 2 0 160 123 109 250 164 143
154 2 0 160 0 143 250 41 177
155 2 0 160 41 143 250 82 177
156 2 0 160 82 143 250 123 177
157 2 0 160 123 143 250 164 177
158 2 0 160 0 177 250 41 211
159 2 0 160 41 177 250 82 211
160 2 0 160 82 177 250 123 211
161 2 0 160 123 177 250 164 211
162 0 0 183 170 0 247 198 32
163 0 0 247 170 0 311 198 32
164 0 0 311 170 0 375 198 32
165 0 0 375 170 0 439 198 32
166 0 0 439 170 0 503 198 32
167 0 0 503 170 0 567 198 32
168 0 0 183 198 0 247 226 32
169 0 0 247 198 0 311 226 32
170 0 0 311 198 0 375 226 32
171 0 0 375 198 0 439 226 32
172 0 0 439 198 0 503 226 32
173 0 0 503 198 0 567 226 32
174 0 0 183 170 32 247 198 64
175 0 0 247 170 32 311 198 64
176 0 0 311 170 32 375 198 64
177 0 0 375 170 32 439 198 64
178 0 0 439 170 32 503 198 64
179 0 0 503 170 32 567 198 64
180 0 0 183 198 32 247 226 64
181 0 0 247 198 32 311 226 64
182 0 0 311 198 32 375 226 64
183 0 0 375 198 32 439 226 64
184 0 0 439 198 32 503 226 64
185 0 0 503 198 32 567 226 64
186 0 0 183 170 64 247 198 96
187 0 0 247 170 64 311 198 96
188 0 0 311 170 64 375 198 96
189 0 0 375 170 64 439 198 96
190 0 0 439 170 64 503 198 96
191 0 0 503 170 64 567 198 96
192 0 0 183 198 64 247 226 96
193 0 0 247 198 64 311 226 96
194 0 0 311 198 64 375 226 96
195 0 0 375 198 64 439 226 96
196 0 0 439 198 64 503 226 96
197 0 0 503 198 64 567 226 96
198 2 0 183 164 96 273 198 137
199 2 0 273 164 96 363 198 137
200 2 0 363 164 96 453 198 137
201 2 0 183 164 137 273 198 178
202 2 0 273 164 137 363 198 178
203 2 0 363 164 137 453 198 178
204 2 0 183 164 178 273 198 219
205 2 0 273 164 178 363 198 219
206 2 0 363 164 178 453 198 219
207 0 0 183 198 96 247 230 124
208 0 0 247 198 96 311 230 124
209 0 0 311 198 96 375 230 124
210 0 0 375 198 96 439 230 124
211 0 0 439 198 96 503 230 124
212 1 0 183 198 124 225 229 155
213 1 0 183 198 155 225 229 186
214 1 0 183 198 186 225 229 217
215 3 1 225 198 124 289 226 156
216 3 1 289 198 124 353 226 156
217 3 1 353 198 124 417 226 156
218 3 1 417 198 124 481 226 156
219 3 1 225 198 156 289 226 188
220 3 1 289 198 156 353 226 188
221 3 1 353 198 156 417 226 188
222 3 1 417 198 156 481 226 188
223 3 1 225 198 188 289 226 220
224 3 1 289 198 188 353 226 220
225 3 1 353 198 188 417 226 220
226 3 1 417 198 188 481 226 220
227 5 1 250 0 41 340 41 75
228 5 1 340 0 41 430 41 75
229 5 1 430 0 41 520 41 75
230 5 1 250 41 41 340 82 75
231 5 1 340 41 41 430 82 75
232 5 1 430 41 41 520 82 75
233 5 1 250 82 41 340 123 75
234 5 1 340 82 41 430 123 75
235 5 1 430 82 41 520 123 75
236 5 1 250 123 41 340 164 75
237 5 1 340 123 41 430 164 75
238 5 1 430 123 41 520 164 75
239 5 1 250 0 75 340 41 109
240 5 1 340 0 75 430 41 109
241 5 1 430 0 75 520 41 109
242 5 1 250 41 75 340 82 109
243 5 1 340 41 75 430 82 109
244 5 1 430 41 75 520 82 109
245 5 1 250 82 75 340 123 109
246 5 1 340 82 75 430 123 109
247 5 1 430 82 75 520 123 109
248 5 1 250 123 75 340 164 109
249 5 1 340 123 75 430 164 109
250 5 1 430 123 75 520 164 109
251 5 1 250 0 109 340 41 143
252 5 1 340 0 109 430 41 143
253 5 1 430 0 109 520 41 143
254 5 1 250 41 109 340 82 143
255 5 1 340 41 109 430 82 143
256 5 1 430 41 109 520 82 143
257 5 1 250 82 109 340 123 143
258 5 1 340 82 109 430 123 143
259 5 1 430 82 109 520 123 143
260 5 1 250 123 109 340 164 143
261 5 1 340 123 109 430 164 143
262 5 1 430 123 109 520 164 143
263 5 1 250 0 143 340 41 177
264 5 1 340 0 143 430 41 177
265 5 1 430 0 143 520 41 177
266 5 1 250 41 143 340 82 177
267 5 1 340 41 143 430 82 177
268 5 1 430 41 143 520 82 177
269 5 1 250 82 143 340 123 177
270 5 1 340 82 143 430 123 177
271 5 1 430 82 143 520 123 177
272 5 1 250 123 143 340 164 177
273 5 1 340 123 143 430 164 177
274 5 1 430 123 143 520 164 177
275 5 1 250 0 177 340 41 211
276 5 1 340 0 177 430 41 211
277 5 1 430 0 177 520 41 211
278 5 1 250 41 177 340 82 211
279 5 1 340 41 177 430 82 211
280 5 1 430 41 177 520 82 211
281 5 1 250 82 177 340 123 211
282 5 1 340 82 177 430 123 211
283 5 1 430 82 177 520 123 211
284 5 1 250 123 177 340 164 211
285 5 1 340 123 177 430 164 211
286 5 1 430 123 177 520 164 211
287 4 1 453 164 96 495 195 127
288 4 1 453 164 127 495 195 158
289 4 1 453 164 158 495 195 189
290 4 1 453 164 189 495 195 220
291 4 1 481 195 124 523 226 155
292 4 1 481 195 155 523 226 186
293 4 1 481 195 186 523 226 217
294 4 1 495 164 96 537 195 127
295 4 1 495 164 127 537 195 158
296 4 1 495 164 158 537 195 189
297 4 1 495 164 189 537 195 220
298 3 1 523 195 96 587 223 128
299 3 1 523 195 128 587 223 160
300 3 1 523 195 160 587 223 192
301 4 1 520 0 0 551 42 31
302 4 1 551 0 0 582 42 31
303 4 1 520 42 0 551 84 31
304 4 1 551 42 0 582 84 31
305 4 1 520 84 0 551 126 31
306 4 1 551 84 0 582 126 31
307 4 1 520 0 31 551 42 62
308 4 1 551 0 31 582 42 62
309 4 1 520 42 31 551 84 62
310 4 1 551 42 31 582 84 62
311 4 1 520 84 31 551 126 62
312 4 1 551 84 31 582 126 62
313 4 1 520 0 62 551 42 93
314 4 1 551 0 62 582 42 93
315 4 1 520 42 62 551 84 93
316 4 1 551 42 62 582 84 93
317 4 1 520 84 62 551 126 93
318 4 1 551 84 62 582 126 93
319 4 1 520 0 93 551 42 124
320 4 1 551 0 93 582 42 124
321 4 1 520 42 93 551 84 124
322 4 1 551 42 93 582 84 124
323 4 1 520 84 93 551 126 124
324 4 1 551 84 93 582 126 124
325 4 1 520 0 124 551 42 155
326 4 1 551 0 124 582 42 155
327 4 1 520 42 124 551 84 155
328 4 1 551 42 124 582 84 155
329 4 1 520 84 124 551 126 155
330 4 1 551 84 124 582 126 155
331 4 1 520 0 155 551 42 186
332 4 1 551 0 155 582 42 186
333 4 1 520 42 155 551 84 186
334 4 1 551 42 155 582 84 186
335 4 1 520 84 155 551 126 186
336 4 1 551 84 155 582 126 186
337 4 1 520 0 186 551 42 217
338 4 1 551 0 186 582 42 217
339 4 1 520 42 186 551 84 217
340 4 1 551 42 186 582 84 217
341 4 1 520 84 186 551 126 217
342 4 1 551 84 186 582 126 217
343 3 1 523 195 192 587 227 220
344 4 1 520 126 0 551 157 42
345 4 1 520 126 42 551 157 84
346 4 1 520 126 84 551 157 126
347 4 1 520 126 126 551 157 168
348 4 1 520 126 168 551 157 210
349 4 1 537 157 96 568 188 138
350 4 1 537 157 138 568 188 180
351 4 1 537 157 180 579 188 211
352 4 1 551 126 0 582 157 42
353 4 1 551 126 42 582 157 84
354 4 1 551 126 84 582 157 126
355 4 1 551 126 126 582 157 168
356 4 1 551 126 168 582 157 210
