Utilizacion 70.488378 VolCajasEmpacado 71.504703 Duracion[s] 60.018000 Iteraciones 3208
0 7 0 0 0 0 57 65 86
1 6 0 0 65 0 74 116 95
2 6 0 0 116 0 74 167 95
3 6 0 0 167 0 74 218 95
4 4 0 0 0 86 46 65 139
5 9 0 0 0 139 60 93 215
6 5 0 0 93 95 53 191 142
7 5 0 0 93 142 53 191 189
8 0 0 0 191 95 32 228 156
9 10 0 0 93 189 47 135 214
10 2 0 32 191 95 108 230 167
11 9 0 60 0 0 153 60 76
12 9 0 60 0 76 153 60 152
13 5 0 60 0 152 158 53 199
14 3 0 74 60 0 175 154 42
15 1 0 74 60 42 152 176 79
16 8 0 74 60 79 137 128 139
17 18 1 0 135 189 33 174 216
18 11 1 0 191 167 85 224 193
19 15 1 53 93 139 99 146 204
20 17 1 60 60 139 121 92 176
21 17 1 53 146 95 85 183 156
22 17 1 53 146 156 114 183 188
23 14 1 108 183 0 206 230 53
24 13 1 114 128 79 165 202 174
25 16 1 114 92 174 180 189 206
26 12 1 158 0 0 221 60 68
27 19 2 0 189 193 85 222 219
28 24 2 60 53 176 93 80 215
29 25 2 85 202 167 127 227 214
30 25 2 93 53 176 140 78 218
31 26 2 158 0 68 197 72 144
32 19 2 127 202 53 212 228 86
33 21 2 158 0 144 221 60 212
34 22 2 180 72 0 281 166 42
35 23 2 180 72 42 296 150 79
36 23 2 180 72 79 258 188 116
37 20 2 180 72 116 240 148 209
38 36 3 127 189 174 174 214 216
39 34 3 180 148 116 217 180 177
40 34 3 217 148 116 254 180 177
41 35 3 180 148 177 213 175 216
42 32 3 174 189 86 246 228 162
43 36 3 174 189 162 221 214 204
44 30 3 221 0 0 281 68 63
45 30 3 221 0 63 281 68 126
46 30 3 221 0 126 281 68 189
47 31 3 258 68 79 311 166 126
48 31 3 258 68 126 311 166 173
49 31 3 258 68 173 311 166 220
50 33 3 258 166 0 355 232 32
51 33 3 258 166 32 355 232 64
52 29 3 258 166 64 351 226 140
53 31 3 246 180 140 344 233 187
54 28 3 281 0 0 372 68 93
55 28 3 372 0 0 463 68 93
56 27 3 311 68 0 427 146 37
57 42 4 221 0 189 254 39 216
58 41 4 281 0 93 376 51 167
59 40 4 281 0 167 327 65 220
60 41 4 327 0 167 422 74 218
61 43 4 311 74 37 427 152 74
62 43 4 311 74 74 427 152 111
63 38 4 311 74 111 371 150 204
64 39 4 371 74 111 436 160 168
65 37 4 355 160 0 448 228 91
66 46 5 221 166 187 318 232 219
67 45 5 318 150 187 355 211 219
68 48 5 371 74 168 466 148 219
69 49 5 355 160 91 423 220 154
70 49 5 355 160 154 423 220 217
71 48 5 422 0 93 473 74 188
72 44 5 422 0 188 461 33 215
73 50 5 448 148 0 541 216 91
74 50 5 466 74 0 557 142 93
75 50 5 466 74 93 557 142 186
76 47 5 466 142 91 564 195 138
77 57 6 422 33 188 483 70 220
78 53 6 423 160 138 509 225 195
79 56 6 466 74 186 563 140 218
80 52 6 483 0 0 543 68 63
81 52 6 483 0 63 543 68 126
82 51 6 509 142 138 585 214 177
83 54 6 483 0 126 581 47 179
