Utilizacion 82.127325 VolCajasEmpacado 85.023823 Duracion[s] 60.032000 Iteraciones 1479
0 1 0 0 0 0 118 84 27
1 1 0 0 0 27 118 84 54
2 1 0 0 0 54 118 84 81
3 1 0 0 0 81 118 84 108
4 1 0 0 0 108 118 84 135
5 1 0 0 0 135 118 84 162
6 1 0 0 0 162 118 84 189
7 1 0 0 0 189 118 84 216
8 11 0 0 84 0 104 158 99
9 11 0 0 158 0 104 232 99
10 10 0 0 84 99 90 169 158
11 10 0 0 84 158 90 169 217
12 10 0 0 169 99 90 228 184
13 3 0 0 169 184 46 224 215
14 3 0 46 169 184 92 224 215
15 10 0 104 84 0 194 143 85
16 10 0 104 143 0 194 202 85
17 10 0 104 84 85 194 143 170
18 10 0 104 143 85 194 202 170
19 1 0 90 84 170 208 168 197
20 0 0 90 84 197 197 151 218
21 3 0 92 168 170 147 199 216
22 3 0 147 168 170 202 199 216
23 3 0 104 202 0 159 233 46
24 3 0 104 202 46 150 233 101
25 2 0 92 202 101 149 232 138
26 2 0 92 202 138 149 232 175
27 2 0 92 202 175 149 232 212
28 8 0 118 0 0 194 81 55
29 8 0 118 0 55 194 81 110
30 8 0 118 0 110 194 81 165
31 8 0 118 0 165 194 81 220
32 2 0 159 202 0 216 232 37
33 2 0 159 202 37 216 232 74
34 2 0 159 202 74 216 232 111
35 2 0 159 202 111 216 232 148
36 0 0 194 0 0 301 67 21
37 5 0 194 0 21 268 79 56
38 5 0 194 0 56 268 79 91
39 5 0 194 0 91 268 79 126
40 5 0 194 0 126 268 79 161
41 5 0 194 0 161 268 79 196
42 0 0 194 0 196 301 67 217
43 9 0 208 79 0 283 136 58
44 9 0 208 79 58 283 136 116
45 9 0 208 79 116 283 136 174
46 10 0 208 136 0 298 195 85
47 7 0 208 79 174 323 153 218
48 6 0 208 153 85 275 191 145
49 6 0 208 153 145 275 191 205
50 6 0 216 195 0 283 233 60
51 6 0 216 195 60 283 233 120
52 6 0 216 195 120 283 233 180
53 6 0 283 195 0 350 233 60
54 6 0 283 195 60 343 233 127
55 6 0 283 195 127 343 233 194
56 6 0 298 153 0 365 191 60
57 6 0 298 153 60 365 191 120
58 11 0 301 0 0 405 74 99
59 11 0 301 0 99 405 74 198
60 0 0 301 0 198 408 67 219
61 5 0 323 74 0 397 153 35
62 5 0 323 74 35 397 153 70
63 5 0 323 74 70 397 153 105
64 5 0 323 74 105 397 153 140
65 5 0 323 74 140 397 153 175
66 5 0 323 74 175 397 153 210
67 7 0 365 153 0 480 227 44
68 7 0 365 153 44 480 227 88
69 7 0 365 153 88 480 227 132
70 7 0 365 153 132 480 227 176
71 7 0 365 153 176 480 227 220
72 7 0 397 74 0 512 148 44
73 7 0 397 74 44 512 148 88
74 7 0 397 74 88 512 148 132
75 9 0 397 74 132 454 149 190
76 9 0 454 74 132 511 149 190
77 1 0 405 67 190 523 151 217
78 10 0 408 0 0 493 59 90
79 10 0 408 0 90 493 59 180
80 11 0 480 151 0 584 225 99
81 11 0 480 151 99 584 225 198
82 10 0 493 0 0 583 59 85
83 8 0 493 0 85 574 55 161
84 10 0 523 59 0 582 144 90
85 10 0 523 55 90 582 140 180
