Utilizacion 65.510179 VolCajasEmpacado 65.927374 Duracion[s] 60.008000 Iteraciones 2982
0 1 0 0 0 0 92 85 21
1 1 0 0 85 0 92 170 21
2 1 0 0 0 21 92 85 42
3 1 0 0 85 21 92 170 42
4 2 0 0 170 0 34 218 54
5 0 0 0 0 42 49 90 75
6 4 1 0 0 75 58 52 167
7 5 1 0 0 167 34 54 215
8 6 1 0 90 42 42 154 68
9 7 1 34 0 167 67 90 216
10 3 1 42 90 42 134 175 63
11 8 2 0 90 68 48 144 102
12 9 2 0 90 102 52 148 194
13 10 3 0 175 54 34 223 108
14 11 3 0 148 108 52 206 200
15 11 3 52 90 63 110 142 155
16 11 3 52 90 155 144 148 207
17 12 4 0 206 108 64 232 150
18 13 4 52 148 63 142 197 96
19 14 5 52 148 96 142 197 129
20 15 5 52 148 129 100 202 163
21 17 6 0 206 150 64 232 192
22 19 6 52 148 163 144 206 215
23 18 6 67 0 42 101 48 96
24 16 6 101 0 0 193 85 21
25 16 6 101 0 21 193 85 42
26 20 7 67 0 96 100 90 145
27 20 7 67 0 145 100 90 194
28 21 7 67 0 194 109 64 220
29 20 7 109 0 42 158 90 75
30 22 8 100 64 75 164 90 117
31 23 8 109 0 75 201 58 127
32 25 9 109 0 127 158 90 160
33 25 9 109 0 160 158 90 193
34 24 9 109 0 193 201 85 214
35 26 9 144 90 0 178 144 48
36 27 10 64 206 0 128 232 42
37 27 10 64 206 42 128 232 84
38 27 10 64 206 84 128 232 126
39 28 11 64 206 126 128 232 168
40 28 11 64 206 168 128 232 210
41 29 11 144 144 0 234 177 49
42 30 11 144 90 48 178 144 96
43 31 12 144 90 96 193 180 129
44 34 13 144 180 0 236 232 58
45 34 13 144 180 58 236 232 116
46 34 13 144 180 116 236 232 174
47 33 13 144 90 129 177 180 178
48 32 13 201 0 0 293 85 21
49 35 14 144 90 178 193 180 211
50 36 15 128 206 174 192 232 216
51 36 15 144 180 174 208 206 216
52 38 15 193 85 0 247 133 34
53 38 15 247 85 0 301 133 34
54 37 15 193 85 34 283 118 83
55 37 15 193 85 83 283 118 132
56 39 15 201 0 21 293 85 42
57 40 16 192 206 174 256 232 216
58 41 16 193 85 132 283 134 165
59 41 16 193 85 165 283 134 198
60 42 16 193 134 49 247 168 97
61 41 16 193 134 97 283 167 146
62 43 16 201 0 42 253 58 134
63 45 17 193 134 146 241 168 200
64 44 17 201 0 134 291 33 183
65 44 17 201 33 134 291 66 183
66 44 17 201 0 183 291 49 216
67 46 18 236 168 0 290 202 48
68 46 18 290 168 0 344 202 48
69 47 19 201 49 198 293 134 219
70 48 19 241 134 146 267 198 188
71 49 19 267 167 48 357 216 81
72 47 19 283 134 81 368 226 102
73 50 20 256 198 102 310 232 150
74 50 20 310 198 102 364 232 150
75 50 20 256 198 150 310 232 198
76 51 20 283 134 102 375 192 154
77 50 20 267 134 154 301 188 202
78 53 20 293 0 0 385 85 21
79 53 20 293 0 21 385 85 42
80 52 20 310 192 150 400 225 199
81 52 20 293 0 42 342 90 75
82 56 21 291 0 75 339 34 129
83 55 21 291 0 129 355 42 155
84 57 21 293 0 155 385 58 207
85 54 21 375 85 0 467 170 21
86 54 21 375 85 21 467 170 42
87 58 22 293 58 75 335 122 101
88 58 22 293 58 101 335 122 127
89 59 22 335 90 42 425 123 91
90 63 23 293 58 127 345 116 219
91 62 23 301 116 154 335 164 208
92 61 23 301 164 154 365 190 196
93 61 23 335 116 154 399 158 180
94 60 23 400 123 42 485 215 63
95 60 23 400 123 63 485 215 84
96 65 24 335 116 180 389 164 214
97 66 24 399 123 84 451 181 176
98 64 24 385 0 0 477 85 21
99 64 24 385 0 21 477 85 42
100 68 25 389 158 176 453 184 218
101 69 25 400 184 84 490 233 117
102 67 25 400 184 117 454 232 151
103 73 26 400 184 151 454 232 185
104 71 26 345 58 42 409 84 84
105 71 26 345 58 84 409 84 126
106 72 26 345 58 126 435 107 159
107 73 26 345 58 159 379 112 207
108 73 26 379 58 159 433 92 207
109 70 26 477 0 0 569 85 21
110 70 26 477 0 21 569 85 42
111 75 27 385 0 42 419 54 90
112 75 27 385 0 90 419 54 138
113 74 27 400 184 185 490 233 218
114 74 27 419 0 42 509 49 75
115 76 27 419 0 75 511 52 133
116 77 28 385 0 138 419 48 192
117 78 28 419 0 133 511 58 185
118 77 28 419 0 185 473 48 219
119 80 29 435 58 42 527 116 94
120 79 29 473 0 185 522 90 218
121 80 29 451 90 94 509 142 186
122 82 30 433 90 186 523 139 219
123 83 30 522 0 42 580 52 134
124 81 30 490 142 0 582 227 21
125 81 30 490 142 21 582 227 42
126 86 31 453 142 84 517 168 126
127 84 31 522 0 134 555 90 183
128 85 31 490 168 42 582 220 100
129 85 31 490 168 100 582 220 158
130 87 32 522 0 183 571 90 216
131 89 33 490 142 158 582 200 210
132 88 33 490 200 158 580 233 207
133 89 33 527 90 0 585 142 92
