Utilizacion 80.871922 VolCajasEmpacado 83.170048 Duracion[s] 60.042000 Iteraciones 676
0 2 0 0 0 0 80 100 72
1 2 0 0 0 72 80 100 144
2 2 0 0 0 144 80 100 216
3 6 0 0 100 0 45 179 73
4 6 0 0 100 73 45 179 146
5 6 0 0 100 146 45 179 219
6 5 0 0 179 0 109 233 58
7 0 0 0 179 58 94 215 112
8 0 0 0 179 112 94 215 166
9 0 0 0 179 166 94 215 220
10 2 0 45 100 0 125 172 100
11 2 0 125 100 0 205 172 100
12 2 0 45 100 100 125 172 200
13 2 0 125 100 100 205 172 200
14 15 0 80 0 0 110 94 55
15 15 0 80 0 55 110 94 110
16 15 0 80 0 110 110 94 165
17 15 0 80 0 165 110 94 220
18 15 0 109 172 0 203 202 55
19 15 0 203 172 0 297 202 55
20 15 0 297 172 0 391 202 55
21 15 0 109 202 0 203 232 55
22 15 0 203 202 0 297 232 55
23 15 0 297 202 0 391 232 55
24 5 0 109 172 55 218 230 109
25 5 0 109 172 109 218 230 163
26 5 0 109 172 163 218 230 217
27 8 0 110 0 0 187 87 43
28 8 0 110 0 43 187 87 86
29 8 0 110 0 86 187 87 129
30 8 0 110 0 129 187 87 172
31 8 0 110 0 172 187 87 215
32 5 0 187 0 0 296 54 58
33 9 0 187 0 58 226 88 112
34 9 0 187 0 112 226 88 166
35 9 0 187 0 166 226 88 220
36 3 0 205 88 0 270 163 82
37 4 0 205 88 82 262 171 162
38 12 0 205 88 162 238 159 218
39 12 0 238 88 162 271 159 218
40 11 0 226 0 58 266 83 94
41 11 0 266 0 58 306 83 94
42 11 0 226 0 94 266 83 130
43 11 0 266 0 94 306 83 130
44 11 0 226 0 130 266 83 166
45 11 0 266 0 130 306 83 166
46 14 0 218 171 55 250 202 89
47 14 0 218 202 55 250 233 89
48 14 0 218 171 89 250 202 123
49 14 0 218 202 89 250 233 123
50 14 0 218 171 123 250 202 157
51 14 0 218 202 123 250 233 157
52 14 0 218 171 157 250 202 191
53 14 0 218 202 157 250 233 191
54 9 0 226 0 166 265 88 220
55 14 0 250 171 55 282 205 86
56 14 0 250 171 86 282 205 117
57 14 0 250 171 117 282 205 148
58 14 0 250 171 148 282 205 179
59 13 0 250 159 179 282 231 216
60 9 0 265 0 166 304 88 220
61 5 0 271 88 0 380 146 54
62 5 0 271 88 54 380 146 108
63 5 0 271 88 108 380 146 162
64 5 0 271 88 162 380 146 216
65 19 0 282 146 0 390 172 40
66 19 0 282 146 40 390 172 80
67 19 0 282 146 80 390 172 120
68 19 0 282 146 120 390 172 160
69 19 0 282 146 160 390 172 200
70 12 0 282 172 55 353 228 88
71 12 0 282 172 88 353 228 121
72 12 0 282 172 121 353 228 154
73 13 0 282 172 154 354 209 186
74 13 0 282 172 186 354 209 218
75 17 0 306 0 0 415 81 28
76 6 0 354 172 55 427 217 134
77 6 0 354 172 134 427 217 213
78 19 0 306 0 28 414 26 68
79 19 0 306 26 28 414 52 68
80 19 0 306 52 28 414 78 68
81 4 0 306 0 68 386 83 125
82 4 0 306 0 125 386 83 182
83 11 0 304 0 182 387 40 218
84 10 0 387 0 68 441 91 90
85 10 0 387 0 90 441 91 112
86 10 0 387 0 112 441 91 134
87 10 0 387 0 134 441 91 156
88 10 0 387 0 156 441 91 178
89 10 0 387 0 178 441 91 200
90 5 0 380 91 0 489 145 58
91 0 0 380 91 58 474 145 94
92 10 0 380 91 94 471 145 116
93 10 0 380 91 116 471 145 138
94 10 0 380 91 138 471 145 160
95 10 0 380 91 160 471 145 182
96 17 0 390 91 182 499 172 210
97 4 0 427 172 0 510 229 80
98 4 0 427 172 80 510 229 160
99 9 0 427 172 160 515 211 214
100 1 0 441 0 0 517 91 104
101 1 0 441 0 104 517 91 208
102 3 0 499 91 0 574 156 82
103 3 0 499 91 82 574 156 164
104 3 0 515 156 0 580 231 82
105 3 0 515 156 82 580 231 164
106 3 0 517 0 0 582 82 75
107 3 0 517 0 75 582 75 157
