Utilizacion 74.188601 VolCajasEmpacado 74.486936 Duracion[s] 60.014000 Iteraciones 2572
0 4 0 0 0 0 67 83 110
1 4 0 0 0 110 67 83 220
2 2 0 0 83 0 91 196 76
3 9 0 0 83 76 85 157 115
4 9 0 0 157 76 85 231 115
5 3 0 0 83 115 71 176 187
6 5 0 0 176 115 49 233 158
7 6 0 0 176 158 58 208 219
8 0 0 0 83 187 103 163 214
9 7 0 67 0 0 97 77 42
10 8 0 91 163 0 203 229 29
11 1 0 103 0 0 190 97 22
12 1 0 103 0 22 190 97 44
13 1 0 103 0 44 190 97 66
14 24 1 0 208 158 53 233 189
15 24 1 0 208 189 53 233 220
16 16 1 58 176 115 101 233 164
17 16 1 58 176 164 101 233 213
18 14 1 67 0 66 175 50 138
19 14 1 67 0 138 175 50 210
20 19 1 67 50 66 178 80 115
21 17 1 67 50 115 125 82 176
22 10 1 67 50 176 173 83 210
23 16 1 101 163 29 150 220 72
24 23 1 101 163 72 128 221 116
25 15 1 101 163 116 150 229 195
26 13 1 103 97 0 180 158 92
27 12 1 103 83 92 175 154 185
28 18 1 103 83 185 169 157 216
29 12 1 150 158 29 243 230 100
30 12 1 150 158 100 243 230 171
31 18 1 150 157 171 224 223 202
32 19 1 180 97 0 291 146 30
33 19 1 180 97 30 291 146 60
34 19 1 180 97 60 291 146 90
35 11 1 190 0 0 303 91 76
36 11 1 303 0 0 416 91 76
37 15 1 175 0 76 254 49 142
38 12 1 175 0 142 268 72 213
39 20 1 180 72 90 222 149 120
40 18 1 175 72 120 249 138 151
41 18 1 175 72 151 249 138 182
42 18 1 175 72 182 249 138 213
43 21 1 243 146 0 355 212 29
44 22 1 243 146 29 346 226 56
45 13 1 243 146 56 335 223 117
46 25 1 243 138 117 340 225 139
47 35 2 224 138 171 249 191 202
48 37 2 243 191 139 349 225 172
49 33 2 224 191 172 322 219 217
50 31 2 249 72 90 323 138 121
51 34 2 249 72 121 276 130 165
52 29 2 249 130 139 315 179 218
53 27 2 268 0 76 339 72 169
54 36 2 268 0 169 365 87 191
55 36 2 268 0 191 365 87 213
56 30 2 323 91 0 442 127 56
57 32 2 323 91 56 434 121 105
58 28 2 323 87 105 431 137 177
59 26 2 355 137 0 468 228 76
60 26 2 355 137 76 468 228 152
61 28 2 349 137 152 457 209 202
62 26 2 365 0 76 456 76 189
63 52 3 315 87 177 421 120 211
64 45 3 365 0 189 442 42 219
65 47 3 365 42 189 463 87 217
66 38 3 442 87 0 485 136 57
67 38 3 442 87 57 485 136 114
68 38 3 442 87 114 485 136 171
69 49 3 431 87 171 489 114 215
70 45 3 456 0 0 533 42 30
71 50 3 456 0 30 509 31 55
72 44 3 456 0 55 541 39 129
73 47 3 456 0 129 554 28 174
74 45 3 456 0 174 533 42 204
75 38 3 463 42 0 512 85 57
76 39 3 468 136 0 581 227 76
77 39 3 468 136 76 581 227 152
78 51 3 485 114 152 572 211 174
79 46 3 457 114 174 523 226 203
80 40 3 512 42 0 583 114 93
81 40 3 489 42 93 560 114 186
