Utilizacion 80.939374 VolCajasEmpacado 83.559441 Duracion[s] 60.020000 Iteraciones 2962
0 4 0 0 0 0 86 67 93
1 4 0 0 67 0 86 134 93
2 4 0 0 0 93 86 67 186
3 4 0 0 67 93 86 134 186
4 5 0 0 134 0 52 221 42
5 5 0 0 134 42 52 221 84
6 5 0 0 134 84 52 221 126
7 5 0 0 134 126 52 221 168
8 5 0 0 134 168 52 221 210
9 0 0 0 0 186 77 76 217
10 1 0 52 134 0 128 223 30
11 1 0 52 134 30 128 223 60
12 2 0 52 134 60 134 214 131
13 2 0 52 134 131 134 214 202
14 3 0 86 0 0 184 67 90
15 3 0 86 67 0 184 134 90
16 6 0 86 0 90 186 38 146
17 6 0 86 38 90 186 76 146
18 6 0 86 76 90 186 114 146
19 0 0 86 0 146 163 76 177
20 3 0 134 134 0 224 232 67
21 7 1 0 76 186 66 113 213
22 9 1 86 0 177 162 77 208
23 11 1 86 77 146 173 129 188
24 7 1 66 77 188 132 114 215
25 9 1 134 77 188 210 154 219
26 13 1 134 154 67 214 225 149
27 8 1 134 154 149 223 230 179
28 8 1 134 154 179 223 230 209
29 10 1 186 0 0 286 38 56
30 10 1 186 0 56 286 38 112
31 12 1 186 0 112 284 67 202
32 12 1 210 67 0 300 134 98
33 12 1 300 67 0 390 134 98
34 12 1 390 67 0 480 134 98
35 12 1 480 67 0 570 134 98
36 21 2 210 67 98 310 105 154
37 21 2 210 105 98 310 143 154
38 18 2 210 67 154 286 144 185
39 18 2 210 67 185 286 144 216
40 14 2 224 144 0 295 224 82
41 14 2 295 144 0 366 224 82
42 14 2 366 144 0 437 224 82
43 14 2 437 144 0 508 224 82
44 17 2 223 144 82 275 231 124
45 17 2 275 144 82 327 231 124
46 17 2 327 144 82 379 231 124
47 16 2 223 144 124 316 230 191
48 16 2 316 144 124 409 230 191
49 20 2 223 144 191 260 210 218
50 15 2 286 0 0 376 67 98
51 15 2 286 0 98 376 67 196
52 19 2 310 67 98 399 143 128
53 19 2 310 67 128 399 143 158
54 19 2 310 67 158 399 143 188
55 16 2 409 134 82 502 220 149
56 21 2 376 0 0 476 56 38
57 27 3 286 67 188 362 144 219
58 24 3 376 0 38 462 67 131
59 24 3 376 0 131 469 67 217
60 24 3 399 67 98 492 134 184
61 28 3 399 67 184 488 143 214
62 27 3 409 143 149 486 219 180
63 27 3 409 143 180 486 219 211
64 22 3 476 0 0 566 67 98
65 26 3 469 0 98 569 38 154
66 26 3 469 0 154 569 38 210
67 23 3 492 38 98 574 109 178
68 26 3 492 38 178 548 138 216
69 28 3 508 138 0 584 227 30
70 28 3 508 138 30 584 227 60
71 28 3 508 138 60 584 227 90
72 25 3 502 138 90 554 225 132
73 23 3 502 138 132 584 209 212
