Utilizacion 74.733320 VolCajasEmpacado 77.182469 Duracion[s] 60.021000 Iteraciones 3919
0 3 0 0 0 0 64 115 72
1 2 0 0 0 72 96 97 118
2 2 0 0 0 118 96 97 164
3 2 0 0 0 164 96 97 210
4 2 0 0 115 0 97 211 46
5 4 0 0 211 0 40 233 37
6 1 0 0 97 72 77 122 121
7 0 0 0 122 46 81 206 69
8 0 0 0 122 69 81 206 92
9 0 0 0 122 92 81 206 115
10 0 0 0 122 115 81 206 138
11 0 0 0 122 138 81 206 161
12 7 1 0 97 161 49 174 186
13 7 1 0 97 186 49 174 211
14 5 1 0 211 37 37 233 77
15 5 1 0 211 77 37 233 117
16 8 1 96 0 0 192 97 46
17 8 1 192 0 0 288 97 46
18 6 1 97 97 0 178 181 23
19 6 1 97 97 23 178 181 46
20 6 1 97 97 46 178 181 69
21 9 1 81 97 69 145 212 141
22 9 1 81 97 141 145 212 213
23 10 2 96 0 46 193 96 92
24 10 2 193 0 46 290 96 92
25 11 2 96 0 92 211 72 156
26 11 2 96 0 156 211 72 220
27 14 2 96 72 92 136 94 129
28 12 2 96 72 129 173 97 178
29 14 2 96 72 178 136 94 215
30 11 2 145 97 69 209 212 141
31 13 2 145 97 141 226 181 164
32 13 2 145 97 164 226 181 187
33 13 2 145 97 187 226 181 210
34 13 2 211 0 92 292 84 115
35 13 2 211 0 115 292 84 138
36 15 3 136 72 178 173 94 218
37 17 3 145 181 141 222 230 166
38 15 3 145 181 166 185 218 188
39 15 3 145 181 188 185 218 210
40 15 3 185 181 166 222 221 188
41 16 3 211 0 138 292 84 161
42 18 3 211 0 161 308 96 207
43 17 3 222 181 0 299 230 25
44 19 3 226 97 0 341 161 72
45 18 3 226 96 72 322 193 118
46 16 3 226 96 118 307 180 141
47 16 3 226 96 141 310 177 164
48 16 3 226 96 164 310 177 187
49 20 4 185 181 188 222 221 210
50 20 4 222 193 25 244 233 62
51 21 4 226 96 187 275 173 212
52 21 4 226 180 118 303 205 167
53 22 4 308 0 0 405 96 46
54 22 4 308 0 46 405 96 92
55 26 5 222 205 62 259 227 102
56 26 5 222 205 102 259 227 142
57 26 5 222 205 142 259 227 182
58 26 5 222 181 167 262 203 204
59 26 5 222 203 182 262 225 219
60 27 5 262 177 167 339 226 192
61 25 5 308 0 92 405 96 138
62 25 5 308 0 138 405 96 184
63 23 5 308 0 184 392 81 207
64 24 5 339 161 0 403 233 115
65 24 5 341 96 0 413 160 115
66 25 5 405 0 0 502 96 46
67 25 5 405 0 46 502 96 92
68 30 6 262 173 192 339 222 217
69 28 6 275 96 187 315 133 209
70 28 6 275 133 187 315 170 209
71 30 6 322 96 115 399 145 140
72 30 6 322 96 140 399 145 165
73 29 6 339 96 165 420 180 188
74 29 6 339 96 188 420 180 211
75 31 6 405 0 92 502 96 138
76 31 6 405 0 138 502 96 184
77 32 6 420 96 0 492 211 64
78 31 6 420 96 64 517 192 110
79 35 7 339 180 115 416 229 140
80 37 7 339 180 140 376 202 180
81 35 7 339 202 140 416 227 189
82 34 7 420 96 110 516 193 156
83 34 7 420 96 156 516 193 202
84 36 7 502 0 0 586 81 23
85 33 7 502 0 23 574 64 138
86 38 8 339 193 189 379 230 211
87 40 8 416 193 64 493 218 113
88 40 8 416 193 113 493 218 162
89 39 8 502 0 138 586 81 161
90 39 8 502 0 161 586 81 184
91 39 8 502 0 184 586 81 207
92 39 8 392 0 184 473 84 207
93 42 8 517 81 0 581 196 72
94 42 8 517 81 72 581 196 144
95 42 8 517 81 144 581 196 216
