Utilizacion 72.142779 VolCajasEmpacado 72.853948 Duracion[s] 60.040000 Iteraciones 1965
0 3 0 0 0 0 38 52 53
1 3 0 0 0 53 38 52 106
2 3 0 0 0 106 38 52 159
3 3 0 0 0 159 38 52 212
4 0 0 0 52 0 47 78 34
5 0 0 0 78 0 47 104 34
6 0 0 0 104 0 47 130 34
7 5 0 0 52 34 69 160 83
8 7 0 0 160 0 74 194 21
9 7 0 0 194 0 74 228 21
10 2 0 0 52 83 42 89 131
11 2 0 0 52 131 42 89 179
12 1 0 0 52 179 49 89 217
13 6 0 0 89 83 74 193 133
14 4 0 0 193 21 83 233 91
15 9 1 0 89 133 73 161 211
16 12 1 0 193 91 50 233 170
17 14 1 0 161 133 47 187 167
18 15 1 0 161 167 74 182 201
19 13 1 0 182 170 48 219 212
20 12 1 50 193 91 100 233 170
21 12 1 38 0 0 78 50 79
22 8 1 38 0 79 75 49 117
23 11 1 74 50 0 123 158 69
24 11 1 74 50 69 123 158 138
25 10 1 73 0 138 123 104 212
26 26 2 73 104 138 125 157 176
27 22 2 73 104 176 123 159 202
28 23 2 74 159 0 148 193 21
29 24 2 74 159 21 108 185 68
30 20 2 100 193 0 179 233 50
31 19 2 100 185 50 183 225 120
32 17 2 100 159 120 172 232 198
33 21 2 48 182 170 85 220 219
34 25 2 123 0 0 185 77 24
35 18 2 123 0 24 197 104 74
36 16 2 123 0 74 231 49 143
37 16 2 123 49 74 231 98 143
38 21 2 123 0 143 161 49 180
39 26 2 123 0 180 175 53 218
40 18 2 123 53 143 227 103 217
41 25 2 172 104 0 234 181 24
42 33 3 85 159 198 119 233 219
43 33 3 119 159 198 193 193 219
44 27 3 125 104 24 233 153 93
45 27 3 125 104 93 233 153 162
46 32 3 125 103 162 151 158 212
47 30 3 151 103 162 204 155 200
48 30 3 175 0 143 228 52 181
49 30 3 175 0 181 228 52 219
50 28 3 183 193 0 266 233 70
51 34 3 183 193 70 225 230 118
52 30 3 183 193 118 235 231 171
53 31 3 172 193 171 209 231 220
54 29 3 204 153 24 254 193 103
55 27 3 231 0 0 339 49 69
56 40 4 193 155 103 242 192 141
57 40 4 193 155 141 242 192 179
58 42 4 193 155 179 240 181 213
59 39 4 209 192 171 251 229 219
60 39 4 204 103 162 252 140 204
61 37 4 231 0 69 335 50 143
62 37 4 231 50 0 335 100 74
63 37 4 231 50 74 335 100 148
64 35 4 227 52 148 310 92 218
65 41 4 228 0 143 283 50 169
66 38 4 252 100 0 360 149 69
67 35 4 252 100 69 335 140 139
68 36 4 252 100 139 324 178 212
69 35 4 266 178 0 349 218 70
70 50 5 228 0 169 275 26 203
71 50 5 228 26 169 275 52 203
72 49 5 283 0 143 332 37 181
73 49 5 283 0 181 332 37 219
74 52 5 310 37 148 348 89 201
75 43 5 324 149 0 398 170 34
76 43 5 324 149 34 398 170 68
77 43 5 324 149 68 398 170 102
78 47 5 324 140 102 403 180 152
79 47 5 324 140 152 403 180 202
80 52 5 254 178 70 306 231 108
81 48 5 251 178 108 288 226 150
82 46 5 306 180 70 389 220 140
83 45 5 288 180 140 396 229 209
84 44 5 348 0 0 426 72 73
85 45 5 348 0 73 417 108 122
86 45 5 348 0 122 417 108 171
87 45 5 348 0 171 417 108 220
88 51 5 403 108 0 465 185 24
89 51 5 403 108 24 480 170 48
90 56 6 396 185 0 479 225 70
91 56 6 396 185 70 479 225 140
92 56 6 396 185 140 479 225 210
93 58 6 403 108 48 475 181 126
94 58 6 403 108 126 481 181 198
95 56 6 426 0 0 509 70 40
96 57 6 426 0 40 495 108 89
97 57 6 417 0 89 486 108 138
98 55 6 417 0 138 467 40 217
99 54 6 417 40 138 459 88 175
100 54 6 417 40 175 459 88 212
101 53 6 459 40 138 496 89 176
102 53 6 459 40 176 496 89 214
103 53 6 467 0 138 505 37 187
104 56 6 479 181 0 562 221 70
105 66 7 403 108 198 437 182 219
106 66 7 437 108 198 471 182 219
107 60 7 479 181 70 583 231 144
108 60 7 479 181 144 583 231 218
109 59 7 481 108 0 553 181 78
110 60 7 481 108 78 585 158 152
111 60 7 481 89 152 585 163 202
112 64 7 509 0 0 564 26 50
113 64 7 509 26 0 564 52 50
114 63 7 505 0 50 542 49 88
115 63 7 542 0 50 579 49 88
116 65 7 505 0 88 582 62 112
117 65 7 505 0 112 582 62 136
118 67 7 496 37 136 544 74 178
119 67 7 496 37 178 544 74 220
120 67 7 505 0 136 553 37 178
