Utilizacion 68.783590 VolCajasEmpacado 69.609097 Duracion[s] 60.016000 Iteraciones 2322
0 8 0 0 0 0 59 72 84
1 8 0 0 0 84 59 72 168
2 7 0 0 0 168 65 47 217
3 7 0 0 47 168 65 94 217
4 0 0 0 94 0 70 196 27
5 0 0 0 94 27 70 196 54
6 4 0 0 94 54 68 169 94
7 9 0 0 196 0 72 222 35
8 1 0 0 196 35 73 229 92
9 1 0 0 196 92 73 229 149
10 1 0 0 196 149 73 229 206
11 8 0 0 94 94 72 178 153
12 6 0 0 94 153 93 191 198
13 5 0 65 0 0 118 68 44
14 2 0 65 0 44 169 53 78
15 3 0 65 0 78 138 73 114
16 17 1 65 0 114 169 34 167
17 17 1 65 34 114 169 68 167
18 14 1 65 0 167 109 68 220
19 12 1 109 0 167 163 79 216
20 15 1 73 191 0 148 231 68
21 15 1 73 191 68 148 231 136
22 18 1 73 191 136 146 224 193
23 13 1 93 79 0 186 176 45
24 11 1 93 79 45 165 163 104
25 10 1 93 79 104 173 144 139
26 10 1 93 79 139 173 144 174
27 10 1 93 79 174 173 144 209
28 16 1 169 0 0 242 73 36
29 13 1 186 0 36 283 93 81
30 13 1 186 0 81 283 93 126
31 26 2 73 191 193 145 226 219
32 27 2 93 144 104 125 171 156
33 27 2 93 144 156 125 171 208
34 20 2 169 0 126 228 72 210
35 20 2 228 0 126 287 72 210
36 19 2 125 144 104 198 177 161
37 23 2 125 144 161 190 191 210
38 24 2 148 191 0 216 231 75
39 24 2 216 191 0 284 231 75
40 22 2 190 177 75 269 226 129
41 22 2 190 177 129 269 226 183
42 22 2 186 93 0 240 142 79
43 22 2 186 93 79 240 142 158
44 28 2 173 72 158 241 116 211
45 21 2 240 116 0 311 169 74
46 25 2 241 93 74 314 166 110
47 25 2 241 93 110 314 166 146
48 36 3 173 116 158 245 142 193
49 34 3 190 142 183 263 215 219
50 33 3 241 72 146 309 116 199
51 33 3 263 116 146 316 160 214
52 31 3 284 169 0 363 223 49
53 32 3 284 169 49 349 218 96
54 32 3 284 169 96 349 218 143
55 32 3 284 169 143 349 218 190
56 35 3 287 0 0 391 34 53
57 35 3 391 0 0 495 34 53
58 31 3 287 0 53 336 54 132
59 30 3 287 0 132 340 71 206
60 29 3 316 71 0 409 168 45
61 34 3 316 71 45 389 144 81
62 44 4 263 160 190 335 195 216
63 44 4 263 195 190 335 230 216
64 45 4 314 71 81 341 103 133
65 38 4 316 103 81 387 156 155
66 46 4 316 71 155 365 158 181
67 43 4 316 71 181 389 144 217
68 40 4 340 0 53 389 65 100
69 40 4 340 0 100 389 65 147
70 40 4 340 0 147 389 65 194
71 37 4 363 168 0 447 227 72
72 43 4 349 158 72 422 231 108
73 37 4 349 158 108 408 230 192
74 42 4 335 144 192 437 214 219
75 39 4 389 0 53 443 49 132
76 39 4 389 0 132 443 49 211
77 37 4 409 49 0 468 133 72
78 41 4 389 49 72 486 142 117
79 51 5 389 49 117 454 98 164
80 47 5 389 98 117 476 124 166
81 47 5 389 98 166 476 124 215
82 47 5 389 49 164 476 98 190
83 47 5 389 49 190 476 98 216
84 51 5 443 0 53 508 47 102
85 48 5 443 0 102 547 34 155
86 52 5 447 142 0 521 213 53
87 49 5 447 142 53 520 215 89
88 50 5 486 47 0 583 140 45
89 54 6 437 142 89 509 226 148
90 54 6 437 142 148 509 226 207
91 56 6 443 0 155 508 47 204
92 56 6 486 47 45 551 96 92
93 56 6 486 47 92 551 96 139
94 59 6 508 0 155 581 33 212
95 55 6 476 47 139 525 101 218
96 53 6 486 101 45 561 141 113
97 57 6 509 101 113 582 174 149
98 58 6 476 101 149 580 135 202
99 55 6 521 174 0 570 228 79
100 55 6 521 174 79 570 228 158
