Utilizacion 64.040945 VolCajasEmpacado 64.762280 Duracion[s] 60.009000 Iteraciones 5995
0 0 0 0 0 0 59 115 34
1 1 1 0 0 34 67 60 97
2 2 2 0 115 0 87 224 32
3 3 2 0 115 32 71 193 76
4 4 2 0 60 34 67 107 85
5 5 2 0 107 76 63 167 143
6 7 3 0 167 76 73 215 154
7 6 3 0 60 85 51 107 152
8 7 3 0 107 143 78 155 216
9 9 4 0 155 154 73 233 202
10 8 4 0 0 97 115 59 131
11 11 5 0 0 131 67 42 201
12 13 5 0 42 152 47 93 219
13 12 5 67 0 131 111 71 209
14 10 5 87 71 0 196 158 32
15 16 6 87 158 0 160 206 78
16 15 6 73 155 78 144 233 122
17 14 6 111 59 32 220 146 64
18 17 7 73 155 122 180 215 171
19 19 8 73 155 171 134 225 211
20 18 8 67 71 64 169 106 98
21 20 8 78 106 64 185 155 124
22 22 9 51 71 98 126 106 152
23 23 9 78 71 152 148 111 213
24 25 9 115 0 0 188 48 78
25 24 9 115 0 78 232 54 126
26 21 9 134 111 171 221 220 203
27 26 10 115 0 126 157 70 193
28 27 10 157 0 126 221 63 185
29 28 11 157 0 185 272 59 219
30 29 11 169 63 64 236 105 134
31 31 12 148 70 134 223 105 188
32 30 12 221 105 0 308 214 32
33 32 13 221 105 32 280 220 66
34 32 13 221 105 66 280 220 100
35 34 13 221 105 100 256 180 154
36 33 13 221 180 100 268 231 167
37 36 14 221 105 154 288 175 196
38 37 14 236 59 0 314 103 71
39 35 14 236 59 71 338 93 106
40 38 14 272 0 0 389 54 48
41 39 15 236 59 106 303 101 176
42 40 15 272 0 48 389 48 102
43 41 16 221 175 167 296 229 202
44 42 16 272 0 102 389 54 150
45 43 16 272 0 150 379 49 210
46 43 16 308 103 0 415 163 49
47 43 16 308 163 0 415 223 49
48 44 17 288 103 49 330 173 116
49 46 18 288 101 116 330 168 186
50 45 18 296 173 49 371 227 84
51 49 19 288 49 186 347 164 220
52 48 19 296 173 84 363 233 147
53 47 19 296 168 147 374 212 218
54 50 19 389 0 0 480 87 25
55 52 20 347 54 25 464 102 79
56 52 20 347 54 79 464 102 133
57 51 20 347 54 133 449 89 167
58 53 21 347 102 49 449 137 83
59 55 21 347 49 167 420 127 215
60 54 21 389 0 25 506 48 79
61 56 22 374 137 49 441 184 100
62 58 23 347 127 100 449 161 135
63 59 23 374 127 135 425 174 202
64 57 23 449 102 0 558 189 32
65 60 24 374 184 49 449 219 103
66 60 24 374 184 103 449 219 157
67 61 24 374 174 157 438 233 220
68 62 25 449 102 32 536 211 64
69 64 26 389 0 79 456 47 130
70 65 26 389 0 130 464 35 184
71 63 26 420 0 184 498 61 211
72 65 26 449 102 64 484 177 118
73 67 27 449 177 64 516 219 134
74 68 27 449 102 118 484 177 172
75 66 27 506 0 0 584 61 27
76 70 28 449 177 134 496 228 201
77 69 28 480 61 0 555 96 54
78 71 28 506 0 27 570 59 90
79 72 29 425 61 172 534 148 204
80 74 29 534 0 90 583 107 150
81 74 29 534 0 150 583 107 210
82 73 29 536 107 32 570 222 91
83 75 30 496 148 134 536 209 204
84 76 30 536 107 91 584 224 145
85 78 31 536 107 145 584 185 218
