Utilizacion 87.918388 VolCajasEmpacado 89.939518 Duracion[s] 60.021000 Iteraciones 1369
0 0 0 0 0 0 56 40 66
1 0 0 56 0 0 112 40 66
2 0 0 112 0 0 168 40 66
3 0 0 168 0 0 224 40 66
4 0 0 224 0 0 280 40 66
5 0 0 280 0 0 336 40 66
6 0 0 336 0 0 392 40 66
7 0 0 392 0 0 448 40 66
8 0 0 448 0 0 504 40 66
9 0 0 504 0 0 560 40 66
10 0 0 0 0 66 56 40 132
11 0 0 56 0 66 112 40 132
12 0 0 112 0 66 168 40 132
13 0 0 168 0 66 224 40 132
14 0 0 224 0 66 280 40 132
15 0 0 280 0 66 336 40 132
16 0 0 336 0 66 392 40 132
17 0 0 392 0 66 448 40 132
18 0 0 448 0 66 504 40 132
19 0 0 504 0 66 560 40 132
20 0 0 0 0 132 56 40 198
21 0 0 56 0 132 112 40 198
22 0 0 112 0 132 168 40 198
23 0 0 168 0 132 224 40 198
24 0 0 224 0 132 280 40 198
25 0 0 280 0 132 336 40 198
26 0 0 336 0 132 392 40 198
27 0 0 392 0 132 448 40 198
28 0 0 448 0 132 504 40 198
29 0 0 504 0 132 560 40 198
30 0 0 0 40 0 40 96 66
31 1 0 0 40 66 51 104 107
32 1 0 0 40 107 64 81 158
33 1 0 0 81 107 64 122 158
34 1 0 0 40 158 64 81 209
35 1 0 0 81 158 64 122 209
36 2 0 0 122 0 75 191 73
37 2 0 0 122 73 75 191 146
38 2 0 0 122 146 75 191 219
39 1 0 0 191 0 51 232 64
40 1 0 0 191 64 51 232 128
41 1 0 0 191 128 51 232 192
42 1 0 51 191 0 102 232 64
43 1 0 102 191 0 153 232 64
44 1 0 153 191 0 204 232 64
45 1 0 204 191 0 255 232 64
46 1 0 255 191 0 306 232 64
47 1 0 306 191 0 357 232 64
48 2 0 64 40 0 139 109 73
49 2 0 139 40 0 214 109 73
50 2 0 214 40 0 289 109 73
51 2 0 289 40 0 364 109 73
52 2 0 364 40 0 439 109 73
53 2 0 439 40 0 514 109 73
54 2 0 64 40 73 139 109 146
55 2 0 139 40 73 214 109 146
56 2 0 214 40 73 289 109 146
57 2 0 289 40 73 364 109 146
58 2 0 364 40 73 439 109 146
59 2 0 439 40 73 514 109 146
60 2 0 64 40 146 139 109 219
61 2 0 139 40 146 214 109 219
62 2 0 214 40 146 289 109 219
63 2 0 289 40 146 364 109 219
64 2 0 364 40 146 439 109 219
65 2 0 439 40 146 514 109 219
66 2 0 75 109 0 144 184 73
67 2 0 75 109 73 144 184 146
68 4 1 51 191 64 102 232 128
69 4 1 51 191 128 102 232 192
70 5 1 75 109 146 150 178 219
71 4 1 102 184 64 166 225 115
72 4 1 102 184 115 166 225 166
73 4 1 102 184 166 166 225 217
74 5 1 150 109 0 223 184 69
75 5 1 150 109 69 223 184 138
76 5 1 150 109 138 223 184 207
77 4 1 166 184 64 230 225 115
78 4 1 230 184 64 294 225 115
79 4 1 294 184 64 358 225 115
80 4 1 166 184 115 230 225 166
81 4 1 230 184 115 294 225 166
82 4 1 294 184 115 358 225 166
83 4 1 166 184 166 230 225 217
84 4 1 230 184 166 294 225 217
85 4 1 294 184 166 358 225 217
86 5 1 223 109 0 296 184 69
87 5 1 296 109 0 369 184 69
88 5 1 369 109 0 442 184 69
89 5 1 442 109 0 515 184 69
90 5 1 223 109 69 296 184 138
91 5 1 296 109 69 369 184 138
92 5 1 369 109 69 442 184 138
93 5 1 442 109 69 515 184 138
94 5 1 223 109 138 296 184 207
95 5 1 296 109 138 369 184 207
96 5 1 369 109 138 442 184 207
97 5 1 442 109 138 515 184 207
98 3 1 358 184 0 424 224 56
99 3 1 424 184 0 490 224 56
100 3 1 490 184 0 556 224 56
101 3 1 358 184 56 424 224 112
102 3 1 424 184 56 490 224 112
103 3 1 490 184 56 556 224 112
104 3 1 358 184 112 424 224 168
105 3 1 424 184 112 490 224 168
106 3 1 490 184 112 556 224 168
107 4 1 358 184 168 422 225 219
108 4 1 422 184 168 486 225 219
109 4 1 486 184 168 550 225 219
110 5 1 514 40 0 587 109 75
111 5 1 514 40 75 587 109 150
112 3 1 514 40 150 570 106 190
113 5 1 515 109 0 584 182 75
114 5 1 515 109 75 584 182 150
