Utilizacion 89.058074 VolCajasEmpacado 90.148910 Duracion[s] 60.010000 Iteraciones 5039
0 0 0 0 0 0 99 56 25
1 0 0 0 56 0 99 112 25
2 0 0 0 112 0 99 168 25
3 0 0 0 168 0 99 224 25
4 0 0 0 0 25 99 56 50
5 0 0 0 56 25 99 112 50
6 0 0 0 112 25 99 168 50
7 0 0 0 168 25 99 224 50
8 0 0 0 0 50 99 56 75
9 0 0 0 56 50 99 112 75
10 0 0 0 112 50 99 168 75
11 0 0 0 168 50 99 224 75
12 0 0 0 0 75 99 56 100
13 0 0 0 56 75 99 112 100
14 0 0 0 112 75 99 168 100
15 0 0 0 168 75 99 224 100
16 0 0 0 0 100 99 56 125
17 0 0 0 56 100 99 112 125
18 0 0 0 112 100 99 168 125
19 0 0 0 168 100 99 224 125
20 0 0 0 0 125 99 56 150
21 0 0 0 56 125 99 112 150
22 0 0 0 112 125 99 168 150
23 0 0 0 168 125 99 224 150
24 0 0 0 0 150 99 56 175
25 0 0 0 56 150 99 112 175
26 0 0 0 112 150 99 168 175
27 0 0 0 168 150 99 224 175
28 0 0 0 0 175 99 56 200
29 0 0 0 56 175 99 112 200
30 0 0 0 112 175 99 168 200
31 0 0 0 168 175 99 224 200
32 2 0 99 0 0 147 91 83
33 2 0 147 0 0 195 91 83
34 2 0 195 0 0 243 91 83
35 2 0 243 0 0 291 91 83
36 2 0 291 0 0 339 91 83
37 2 0 339 0 0 387 91 83
38 2 0 387 0 0 435 91 83
39 2 0 435 0 0 483 91 83
40 2 0 483 0 0 531 91 83
41 2 0 531 0 0 579 91 83
42 2 0 99 91 0 147 182 83
43 2 0 147 91 0 195 182 83
44 2 0 195 91 0 243 182 83
45 2 0 243 91 0 291 182 83
46 2 0 291 91 0 339 182 83
47 2 0 339 91 0 387 182 83
48 2 0 387 91 0 435 182 83
49 2 0 435 91 0 483 182 83
50 2 0 483 91 0 531 182 83
51 2 0 531 91 0 579 182 83
52 2 0 99 182 0 190 230 83
53 2 0 190 182 0 281 230 83
54 2 0 281 182 0 372 230 83
55 2 0 372 182 0 463 230 83
56 2 0 463 182 0 554 230 83
57 2 0 99 182 83 190 230 166
58 2 0 190 182 83 281 230 166
59 2 0 281 182 83 372 230 166
60 2 0 372 182 83 463 230 166
61 2 0 463 182 83 554 230 166
62 1 0 99 0 83 146 118 149
63 1 0 146 0 83 193 118 149
64 1 0 193 0 83 240 118 149
65 1 0 240 0 83 287 118 149
66 1 0 287 0 83 334 118 149
67 1 0 334 0 83 381 118 149
68 1 0 381 0 83 428 118 149
69 1 0 428 0 83 475 118 149
70 1 0 475 0 83 522 118 149
71 1 0 522 0 83 569 118 149
72 1 0 99 0 149 146 118 215
73 1 0 146 0 149 193 118 215
74 1 0 193 0 149 240 118 215
75 1 0 240 0 149 287 118 215
76 1 0 287 0 149 334 118 215
77 1 0 334 0 149 381 118 215
78 1 0 381 0 149 428 118 215
79 1 0 428 0 149 475 118 215
80 1 0 475 0 149 522 118 215
81 1 0 522 0 149 569 118 215
82 1 0 99 118 83 217 165 149
83 1 0 217 118 83 335 165 149
84 1 0 335 118 83 453 165 149
85 1 0 453 118 83 571 165 149
86 1 0 99 118 149 217 165 215
87 1 0 217 118 149 335 165 215
88 1 0 335 118 149 453 165 215
89 1 0 453 118 149 571 165 215
90 0 0 99 165 166 198 221 191
91 1 0 198 165 166 316 231 213
92 1 0 316 165 166 434 231 213
93 1 0 434 165 166 552 231 213
