Utilizacion 73.876327 VolCajasEmpacado 76.140632 Duracion[s] 60.012000 Iteraciones 2949
0 3 0 0 0 0 48 78 79
1 3 0 0 0 79 48 78 158
2 1 0 0 0 158 37 48 188
3 1 0 0 0 188 37 48 218
4 4 0 0 78 0 101 127 71
5 4 0 0 78 71 101 127 142
6 4 0 0 78 142 101 127 213
7 0 0 0 127 0 43 232 22
8 0 0 0 127 22 43 232 44
9 1 0 0 127 44 37 157 92
10 1 0 0 127 92 37 157 140
11 1 0 0 127 140 37 157 188
12 6 0 0 157 44 54 233 123
13 2 0 0 157 123 91 202 177
14 7 0 48 0 0 164 78 20
15 5 0 101 0 20 201 102 69
16 5 0 91 127 0 191 229 49
17 16 1 0 127 188 44 164 215
18 17 1 0 164 177 105 186 220
19 17 1 0 186 177 105 208 220
20 16 1 0 48 158 37 75 202
21 17 1 0 208 123 105 230 166
22 17 1 0 208 166 105 230 209
23 17 1 44 127 49 149 149 92
24 16 1 44 127 92 81 154 136
25 11 1 48 0 69 157 76 128
26 11 1 48 0 128 157 76 187
27 18 1 37 0 187 153 78 207
28 14 1 105 78 92 176 179 141
29 14 1 105 78 141 176 179 190
30 12 1 105 179 49 184 233 125
31 15 1 105 179 125 196 233 170
32 15 1 105 179 170 196 233 215
33 9 1 157 0 69 229 77 174
34 15 1 157 0 174 248 54 219
35 9 1 191 102 0 296 174 77
36 13 1 176 77 77 278 177 126
37 10 1 176 77 126 283 161 187
38 8 1 196 177 0 275 225 78
39 26 2 101 78 190 138 126 220
40 27 2 101 126 190 145 163 217
41 28 2 153 54 190 196 159 212
42 28 2 196 54 187 239 159 209
43 28 2 196 161 126 301 183 169
44 19 2 196 183 78 275 231 156
45 25 2 196 183 156 287 228 210
46 20 2 248 0 0 353 72 77
47 20 2 248 0 77 353 72 154
48 29 2 248 0 154 349 71 203
49 29 2 287 183 0 388 232 71
50 19 2 287 183 71 365 231 150
51 25 2 287 183 150 378 228 204
52 23 2 296 72 0 375 148 54
53 21 2 296 72 54 357 156 161
54 25 2 283 71 161 374 116 215
55 25 2 283 116 161 374 161 215
56 21 2 353 0 0 460 61 84
57 21 2 460 0 0 567 61 84
58 19 2 353 0 84 431 48 163
59 19 2 431 0 84 509 48 163
60 19 2 509 0 84 587 48 163
61 21 2 375 61 0 436 168 84
62 22 2 388 168 0 464 227 109
63 24 2 374 48 84 474 150 133
64 24 2 374 48 133 474 150 182
65 24 2 474 61 0 576 161 49
66 36 3 196 161 169 301 183 212
67 35 3 349 0 163 376 44 200
68 35 3 376 0 163 403 44 200
69 33 3 474 0 163 575 71 212
70 30 3 378 150 109 437 226 218
71 32 3 437 150 109 491 229 185
72 34 3 474 71 49 552 150 97
73 34 3 474 71 97 552 150 145
74 34 3 474 71 145 552 150 193
75 31 3 491 161 0 575 222 107
76 30 3 491 150 107 567 209 216
