Utilizacion 70.563271 VolCajasEmpacado 73.380305 Duracion[s] 60.018000 Iteraciones 3874
0 2 0 0 0 0 68 65 103
1 2 0 0 0 103 68 65 206
2 0 0 0 65 0 22 102 40
3 0 0 0 65 40 22 102 80
4 2 0 0 102 0 68 205 65
5 4 0 0 205 0 77 230 49
6 4 0 0 205 49 77 230 98
7 4 0 0 205 98 77 230 147
8 1 0 0 102 65 53 189 86
9 1 0 0 102 86 53 189 107
10 3 0 0 65 107 96 162 153
11 5 0 0 65 153 69 155 181
12 10 1 0 65 181 105 112 209
13 8 1 0 112 181 95 155 206
14 11 1 0 162 107 88 203 169
15 9 1 0 155 169 49 232 194
16 9 1 0 155 194 49 232 219
17 13 1 49 155 169 98 211 220
18 14 1 68 0 0 136 65 103
19 6 1 68 0 103 155 53 124
20 15 1 98 112 0 191 230 80
21 12 1 98 112 80 195 208 126
22 7 1 98 112 126 182 193 149
23 21 2 49 211 147 89 233 184
24 19 2 96 112 149 143 153 205
25 20 2 98 153 149 175 202 174
26 17 2 68 0 124 183 64 196
27 22 2 68 0 196 155 53 217
28 21 2 155 0 196 192 40 218
29 20 2 98 153 174 175 202 199
30 23 2 105 65 0 210 112 28
31 18 2 105 65 28 193 106 90
32 17 2 192 0 0 307 64 72
33 16 2 193 0 72 290 96 118
34 16 2 193 0 118 290 96 164
35 30 3 98 153 199 185 206 220
36 28 3 98 208 80 175 233 129
37 27 3 143 96 149 184 152 196
38 27 3 183 40 164 224 96 211
39 24 3 195 112 0 275 230 93
40 24 3 195 96 93 288 176 211
41 29 3 224 0 164 305 84 187
42 29 3 224 0 187 308 81 210
43 26 3 195 176 93 283 217 155
44 30 3 185 176 155 272 229 176
45 25 3 288 96 0 385 192 46
46 29 3 288 96 46 372 177 69
47 32 4 185 176 176 232 232 217
48 32 4 232 176 176 288 223 217
49 31 4 288 96 69 366 167 96
50 34 4 288 96 96 368 189 214
51 33 4 308 0 0 411 65 68
52 44 5 288 192 0 376 233 62
53 39 5 288 189 62 344 230 109
54 42 5 288 189 109 325 229 131
55 43 5 308 0 68 395 53 89
56 43 5 308 0 89 395 53 110
57 38 5 308 0 110 405 96 156
58 41 5 308 0 156 379 78 183
59 41 5 308 0 183 386 71 210
60 40 5 386 0 156 414 105 203
61 35 5 385 105 0 465 223 93
62 37 5 368 105 93 440 220 157
63 36 5 414 0 0 479 103 68
64 46 6 368 105 157 411 200 182
65 45 6 368 105 182 390 145 219
66 50 6 411 105 157 462 154 213
67 50 6 411 154 157 462 203 213
68 52 6 414 0 68 479 103 136
69 52 6 414 0 136 479 103 204
70 47 6 465 103 0 570 131 47
71 49 6 465 103 47 553 144 109
72 49 6 465 103 109 553 144 171
73 48 6 462 103 171 518 144 218
74 51 6 465 144 0 580 208 72
75 53 7 465 144 72 583 224 165
76 59 7 462 144 165 511 200 216
77 58 7 462 200 165 567 228 212
78 57 7 479 0 0 520 88 62
79 54 7 479 0 62 547 103 127
80 56 7 479 0 127 575 97 173
