Utilizacion 76.602835 VolCajasEmpacado 77.354429 Duracion[s] 60.013000 Iteraciones 1183
0 1 0 0 0 0 95 112 20
1 1 0 95 0 0 190 112 20
2 1 0 0 112 0 95 224 20
3 1 0 95 112 0 190 224 20
4 7 0 0 0 20 75 82 59
5 7 0 0 0 59 75 82 98
6 7 0 0 0 98 75 82 137
7 7 0 0 0 137 75 82 176
8 7 0 0 0 176 75 82 215
9 2 0 0 82 20 100 132 93
10 2 0 0 132 20 100 182 93
11 2 0 0 182 20 100 232 93
12 2 0 0 82 93 100 155 143
13 2 0 0 82 143 100 155 193
14 2 0 0 155 93 100 228 143
15 0 0 0 155 143 46 216 171
16 0 0 0 155 171 46 216 199
17 6 0 46 155 143 97 196 219
18 0 0 46 196 143 107 224 189
19 3 0 75 0 20 143 80 70
20 3 0 143 0 20 211 80 70
21 11 0 75 0 70 175 34 126
22 11 0 75 34 70 175 68 126
23 3 0 75 0 126 125 80 194
24 4 0 125 0 126 209 76 170
25 4 0 125 0 170 209 76 214
26 10 0 100 80 20 136 155 78
27 10 0 136 80 20 172 155 78
28 10 0 100 80 78 136 155 136
29 10 0 136 80 78 172 155 136
30 10 0 100 80 136 136 155 194
31 10 0 136 80 136 172 155 194
32 9 0 100 155 20 218 193 57
33 6 0 100 155 57 151 196 133
34 6 0 100 155 133 151 196 209
35 0 0 151 155 57 197 216 85
36 0 0 151 155 85 197 216 113
37 0 0 151 155 113 197 216 141
38 9 0 107 196 141 225 233 179
39 9 0 107 196 179 225 233 217
40 7 0 151 155 141 233 194 216
41 9 0 190 80 0 308 117 38
42 9 0 190 117 0 308 154 38
43 9 0 190 80 38 308 117 76
44 9 0 190 117 38 308 154 76
45 8 0 172 76 76 210 152 114
46 8 0 172 76 114 210 152 152
47 8 0 172 76 152 210 152 190
48 3 0 211 0 0 279 80 50
49 3 0 279 0 0 347 80 50
50 3 0 347 0 0 415 80 50
51 3 0 415 0 0 483 80 50
52 3 0 483 0 0 551 80 50
53 8 0 211 0 50 249 76 88
54 8 0 211 0 88 249 76 126
55 8 0 211 0 126 249 76 164
56 8 0 211 0 164 249 76 202
57 8 0 210 76 76 248 152 114
58 8 0 210 76 114 248 152 152
59 8 0 210 76 152 248 152 190
60 11 0 225 194 0 325 228 56
61 7 0 225 194 56 307 233 131
62 5 0 248 76 76 290 194 130
63 4 0 248 76 130 292 160 206
64 2 0 233 160 131 333 233 181
65 4 0 249 0 50 293 76 134
66 4 0 249 0 134 293 76 218
67 4 0 293 0 50 377 76 94
68 5 0 293 0 94 411 54 136
69 5 0 293 0 136 411 42 190
70 22 1 293 0 190 339 61 218
71 22 1 339 0 190 385 61 218
72 22 1 385 0 190 431 61 218
73 19 1 225 194 181 343 231 219
74 22 1 292 76 76 320 137 122
75 22 1 292 76 122 320 137 168
76 22 1 292 76 168 320 137 214
77 22 1 292 137 181 353 183 209
78 20 1 320 80 0 395 116 58
79 22 1 320 61 94 381 89 140
80 15 1 320 89 58 438 131 112
81 15 1 320 89 112 438 131 166
82 15 1 320 89 166 438 131 220
83 13 1 343 183 0 423 233 68
84 13 1 423 183 0 503 233 68
85 13 1 503 183 0 583 233 68
86 12 1 343 183 68 443 233 141
87 12 1 343 183 141 443 233 214
88 16 1 353 131 0 394 182 76
89 16 1 353 131 76 394 182 152
90 20 1 353 131 152 428 167 210
91 12 1 428 131 0 528 181 73
92 12 1 428 131 73 528 181 146
93 12 1 428 131 146 528 181 219
94 17 1 431 0 50 470 82 125
95 17 1 431 0 125 470 82 200
96 17 1 438 82 0 520 121 75
97 14 1 438 82 75 514 126 159
98 20 1 438 82 159 513 118 217
99 13 1 443 181 68 511 231 148
100 16 1 443 181 148 519 232 189
101 14 1 470 0 50 514 76 134
102 14 1 514 0 50 558 76 134
103 14 1 470 0 134 514 76 218
104 14 1 514 0 134 558 76 218
105 17 1 528 80 0 567 162 75
106 21 1 528 76 75 584 176 109
107 21 1 528 76 109 584 176 143
108 21 1 528 76 143 584 176 177
109 21 1 528 76 177 584 176 211
