Utilizacion 83.372339 VolCajasEmpacado 84.486485 Duracion[s] 60.003000 Iteraciones 915
0 7 0 0 0 0 75 57 41
1 7 0 0 57 0 75 114 41
2 7 0 0 114 0 75 171 41
3 7 0 0 171 0 75 228 41
4 10 0 0 0 41 103 63 99
5 10 0 0 63 41 103 126 99
6 10 0 0 0 99 103 63 157
7 10 0 0 63 99 103 126 157
8 10 0 0 0 157 103 63 215
9 10 0 0 63 157 103 126 215
10 10 0 0 126 41 63 229 99
11 10 0 0 126 99 63 229 157
12 9 0 0 126 157 61 232 213
13 6 0 75 126 0 166 176 40
14 6 0 75 176 0 166 226 40
15 6 0 75 126 40 166 176 80
16 6 0 75 176 40 166 226 80
17 6 0 75 126 80 166 176 120
18 6 0 75 176 80 166 226 120
19 6 0 75 126 120 166 176 160
20 6 0 75 176 120 166 226 160
21 9 0 61 126 160 122 232 216
22 9 0 122 126 160 183 232 216
23 9 0 103 0 0 159 61 106
24 9 0 103 61 0 159 122 106
25 9 0 103 0 106 159 61 212
26 9 0 103 61 106 159 122 212
27 7 0 159 0 0 234 41 57
28 7 0 159 41 0 234 82 57
29 7 0 159 82 0 234 123 57
30 4 0 159 0 57 244 39 124
31 4 0 159 39 57 244 78 124
32 4 0 159 78 57 244 117 124
33 4 0 159 0 124 244 39 191
34 0 0 159 0 191 260 30 217
35 4 0 159 39 124 226 124 163
36 4 0 159 39 163 226 124 202
37 3 0 226 39 124 262 152 170
38 3 0 226 39 170 262 152 216
39 0 0 183 124 0 213 225 26
40 0 0 183 124 26 213 225 52
41 0 0 183 124 52 213 225 78
42 0 0 183 124 78 213 225 104
43 0 0 183 124 104 213 225 130
44 0 0 183 124 130 213 225 156
45 0 0 183 124 156 213 225 182
46 0 0 183 124 182 213 225 208
47 4 0 213 152 0 298 191 67
48 4 0 213 191 0 298 230 67
49 4 0 213 152 67 298 191 134
50 4 0 213 191 67 298 230 134
51 4 0 213 152 134 298 191 201
52 4 0 213 191 134 298 230 201
53 4 0 260 0 0 345 39 67
54 2 0 260 0 67 360 35 123
55 3 0 260 0 123 373 36 169
56 3 0 260 0 169 373 36 215
57 9 0 262 39 0 368 95 61
58 9 0 262 95 0 368 151 61
59 9 0 262 39 61 368 95 122
60 9 0 262 95 61 368 151 122
61 9 0 262 39 122 368 95 183
62 9 0 262 95 122 368 151 183
63 2 0 262 36 183 362 92 218
64 2 0 262 92 183 362 148 218
65 8 0 298 151 0 340 217 50
66 8 0 298 151 50 340 217 100
67 8 0 298 151 100 340 217 150
68 8 0 298 151 150 340 217 200
69 8 0 340 151 0 382 201 66
70 8 0 382 151 0 424 201 66
71 8 0 340 151 66 382 201 132
72 8 0 382 151 66 424 201 132
73 8 0 340 151 132 382 201 198
74 8 0 382 151 132 424 201 198
75 3 0 368 36 0 414 149 36
76 3 0 368 36 36 414 149 72
77 3 0 368 36 72 414 149 108
78 3 0 368 36 108 414 149 144
79 3 0 368 36 144 414 149 180
80 3 0 368 36 180 414 149 216
81 3 0 373 0 0 486 36 46
82 2 0 373 0 46 473 35 102
83 2 0 373 0 102 473 35 158
84 2 0 373 0 158 473 35 214
85 7 0 414 36 0 489 93 41
86 7 0 489 36 0 564 93 41
87 7 0 414 36 41 489 93 82
88 7 0 489 36 41 564 93 82
89 7 0 414 36 82 489 93 123
90 7 0 489 36 82 564 93 123
91 7 0 414 36 123 489 93 164
92 7 0 489 36 123 564 93 164
93 7 0 414 36 164 489 93 205
94 7 0 489 36 164 564 93 205
95 8 0 414 93 0 480 135 50
96 2 0 414 93 50 514 149 85
97 2 0 414 93 85 514 149 120
98 2 0 414 93 120 514 149 155
99 2 0 414 93 155 514 149 190
100 1 0 424 149 0 521 230 27
101 1 0 424 149 27 521 230 54
102 1 0 424 149 54 521 230 81
103 1 0 424 149 81 521 230 108
104 1 0 424 149 108 521 230 135
105 1 0 424 149 135 521 230 162
106 1 0 424 149 162 521 230 189
107 2 0 486 0 0 586 35 56
108 2 0 473 0 56 573 35 112
109 2 0 473 0 112 573 35 168
110 7 0 514 93 0 571 134 75
111 11 0 521 93 75 585 164 143
112 11 0 521 164 0 585 232 71
113 11 0 521 93 143 585 161 214
114 11 0 521 164 71 585 232 142
115 11 0 521 164 142 585 232 213
