Utilizacion 79.436620 VolCajasEmpacado 81.733457 Duracion[s] 60.025000 Iteraciones 1309
0 7 0 0 0 0 73 111 71
1 7 0 0 111 0 73 222 71
2 7 0 0 0 71 73 111 142
3 7 0 0 111 71 73 222 142
4 7 0 0 0 142 73 111 213
5 7 0 0 111 142 73 222 213
6 8 0 73 0 0 151 82 97
7 8 0 73 82 0 151 164 97
8 8 0 73 0 97 151 82 194
9 8 0 73 82 97 151 164 194
10 9 0 73 0 194 131 43 220
11 9 0 73 43 194 131 86 220
12 6 0 73 164 0 157 233 48
13 4 0 73 164 48 168 230 91
14 4 0 73 164 91 168 230 134
15 4 0 73 164 134 168 230 177
16 4 0 73 164 177 168 230 220
17 3 0 151 0 0 184 109 43
18 3 0 151 0 43 184 109 86
19 3 0 151 0 86 184 109 129
20 3 0 151 0 129 184 109 172
21 3 0 151 0 172 184 109 215
22 2 0 151 109 0 186 149 31
23 2 0 151 109 31 186 149 62
24 2 0 151 109 62 186 149 93
25 2 0 151 109 93 186 149 124
26 2 0 151 109 124 186 149 155
27 2 0 151 109 155 186 149 186
28 2 0 151 109 186 186 149 217
29 8 0 168 149 0 265 231 78
30 0 0 168 149 78 287 177 112
31 0 0 168 177 78 287 205 112
32 0 0 168 205 78 287 233 112
33 0 0 168 149 112 287 177 146
34 0 0 168 177 112 287 205 146
35 0 0 168 205 112 287 233 146
36 0 0 168 149 146 287 177 180
37 0 0 168 177 146 287 205 180
38 0 0 168 205 146 287 233 180
39 3 0 168 149 180 277 192 213
40 0 0 168 192 180 287 220 214
41 6 0 184 0 0 232 84 69
42 6 0 184 0 69 232 84 138
43 6 0 184 0 138 232 84 207
44 5 0 186 84 0 261 131 80
45 1 0 186 84 80 260 146 110
46 1 0 186 84 110 260 146 140
47 1 0 186 84 140 260 146 170
48 1 0 186 84 170 260 146 200
49 8 0 232 0 0 310 82 97
50 6 0 232 0 97 301 84 145
51 1 0 232 0 145 306 62 175
52 1 0 232 0 175 306 62 205
53 5 0 261 84 0 336 131 80
54 5 0 261 84 80 336 131 160
55 8 0 287 131 0 365 228 82
56 14 1 260 62 160 355 128 203
57 15 1 287 131 82 396 164 125
58 15 1 287 164 82 396 197 125
59 15 1 287 197 82 396 230 125
60 14 1 287 131 125 382 197 168
61 14 1 287 131 168 382 197 211
62 16 1 287 197 125 322 228 165
63 16 1 287 197 165 322 228 205
64 18 1 310 0 0 429 34 28
65 18 1 310 34 0 429 62 34
66 16 1 310 0 28 345 31 68
67 16 1 310 0 68 345 31 108
68 16 1 310 0 108 345 31 148
69 16 1 310 0 148 345 31 188
70 17 1 306 0 188 380 62 218
71 16 1 322 197 125 353 232 165
72 19 1 322 197 165 380 223 208
73 17 1 355 62 0 429 124 30
74 17 1 355 62 30 429 124 60
75 17 1 355 62 60 429 124 90
76 17 1 355 62 90 429 124 120
77 17 1 355 62 120 429 124 150
78 17 1 355 62 150 429 124 180
79 10 1 396 124 0 474 206 97
80 10 1 396 124 97 474 206 194
81 11 1 429 0 0 500 111 73
82 11 1 429 0 73 500 111 146
83 11 1 429 0 146 500 111 219
84 11 1 474 111 0 585 184 71
85 11 1 474 111 71 585 184 142
86 11 1 474 111 142 585 184 213
87 12 1 474 184 0 558 232 69
88 12 1 474 184 69 558 232 138
89 12 1 474 184 138 558 232 207
90 12 1 500 0 0 584 69 48
91 12 1 500 0 48 584 69 96
92 12 1 500 0 96 584 69 144
93 12 1 500 0 144 584 69 192
