Utilizacion 82.366700 VolCajasEmpacado 84.434156 Duracion[s] 60.017000 Iteraciones 2611
0 9 0 0 0 0 67 44 26
1 9 0 0 44 0 67 88 26
2 9 0 0 88 0 67 132 26
3 9 0 0 132 0 67 176 26
4 9 0 0 176 0 67 220 26
5 2 0 0 0 26 63 96 108
6 2 0 0 96 26 63 192 108
7 2 0 0 0 108 63 96 190
8 2 0 0 96 108 63 192 190
9 0 0 0 0 190 61 116 218
10 0 0 0 116 190 61 232 218
11 1 0 67 0 0 158 80 97
12 1 0 158 0 0 249 80 97
13 1 0 249 0 0 340 80 97
14 1 0 340 0 0 431 80 97
15 1 0 431 0 0 522 80 97
16 1 0 67 0 97 158 80 194
17 1 0 158 0 97 249 80 194
18 1 0 249 0 97 340 80 194
19 1 0 340 0 97 431 80 194
20 1 0 431 0 97 522 80 194
21 5 0 67 80 0 126 126 62
22 5 0 67 126 0 126 172 62
23 5 0 67 172 0 126 218 62
24 7 0 61 192 62 147 233 97
25 8 0 63 80 62 178 159 93
26 8 0 63 80 93 178 159 124
27 8 0 63 80 124 178 159 155
28 8 0 63 80 155 178 159 186
29 8 0 63 80 186 178 159 217
30 3 0 63 159 97 126 233 156
31 3 0 63 159 156 126 233 215
32 3 0 147 159 0 210 233 59
33 6 0 147 159 59 233 219 102
34 0 0 126 159 102 242 220 130
35 0 0 126 159 130 242 220 158
36 0 0 126 159 158 242 220 186
37 0 0 126 159 186 242 220 214
38 2 0 178 80 0 274 143 82
39 8 0 178 80 82 293 159 113
40 8 0 178 80 113 293 159 144
41 4 0 178 80 144 268 137 211
42 4 0 242 159 0 299 226 90
43 4 0 242 159 90 299 226 180
44 4 0 293 80 0 360 137 90
45 4 0 293 80 90 350 147 180
46 4 0 299 147 0 389 204 67
47 4 0 389 147 0 479 204 67
48 6 0 299 147 67 359 233 110
49 6 0 359 147 67 419 233 110
50 2 0 299 147 110 395 229 173
51 10 1 61 0 194 105 67 220
52 10 1 105 0 194 172 44 220
53 10 1 172 0 194 239 44 220
54 10 1 239 0 194 306 44 220
55 10 1 306 0 194 373 44 220
56 10 1 373 0 194 440 44 220
57 12 1 242 137 180 283 223 215
58 12 1 268 80 180 354 121 215
59 12 1 283 121 180 324 207 215
60 12 1 324 147 173 359 233 214
61 17 1 360 80 0 442 143 96
62 17 1 360 80 96 442 143 192
63 14 1 359 143 173 418 205 219
64 13 1 419 143 67 479 229 110
65 13 1 419 143 110 479 229 153
66 13 1 419 143 153 479 229 196
67 15 1 442 80 0 509 137 90
68 16 1 442 80 90 501 143 164
69 13 1 442 80 164 528 140 207
70 18 1 479 143 0 576 223 91
71 18 1 479 143 91 576 223 182
72 12 1 479 140 182 565 181 217
73 12 1 479 181 182 565 222 217
74 16 1 522 0 0 585 59 74
75 14 1 522 0 74 584 46 133
76 14 1 522 0 133 584 46 192
77 15 1 528 59 0 585 126 90
78 13 1 528 46 90 571 132 150
79 13 1 528 46 150 571 132 210
