Utilizacion 77.207655 VolCajasEmpacado 78.169487 Duracion[s] 60.004000 Iteraciones 4177
0 2 0 0 0 0 77 80 105
1 2 0 0 0 105 77 80 210
2 0 0 0 80 0 89 150 25
3 0 0 0 150 0 89 220 25
4 3 0 0 80 25 90 117 50
5 1 0 0 80 50 74 151 100
6 10 1 0 80 100 105 160 177
7 4 1 0 80 177 25 170 214
8 5 1 25 80 177 95 169 202
9 9 1 0 170 25 55 232 82
10 9 1 55 170 25 110 232 82
11 8 1 0 170 82 71 220 156
12 6 1 0 170 156 78 207 183
13 4 1 0 207 156 90 232 193
14 10 1 77 0 0 154 80 105
15 10 1 77 0 105 154 80 210
16 5 1 105 80 0 175 169 25
17 5 1 105 80 25 175 169 50
18 5 1 105 80 50 175 169 75
19 7 1 105 80 75 196 124 152
20 7 1 105 124 75 196 168 152
21 10 1 154 0 0 259 80 77
22 18 2 0 170 183 90 207 208
23 15 2 105 80 152 182 171 196
24 12 2 154 0 77 234 77 182
25 17 2 154 0 182 243 70 207
26 11 2 110 171 0 172 226 57
27 14 2 110 171 57 184 221 128
28 14 2 110 171 128 184 221 199
29 11 2 184 168 0 241 230 55
30 11 2 184 168 55 239 230 112
31 16 2 184 168 112 269 210 187
32 13 2 196 80 0 267 167 114
33 20 3 182 77 152 209 155 189
34 20 3 182 70 189 219 148 216
35 19 3 184 155 187 273 225 212
36 24 3 219 77 114 299 154 219
37 22 3 259 0 0 333 50 71
38 21 3 259 0 71 344 75 113
39 23 3 243 0 113 357 71 200
40 23 3 273 154 0 387 225 87
41 19 3 273 154 87 362 224 112
42 28 4 273 154 112 328 216 169
43 25 4 273 154 169 300 232 206
44 27 4 299 75 0 384 150 42
45 27 4 299 75 42 384 150 84
46 29 4 299 75 84 413 146 171
47 26 4 300 71 171 390 155 212
48 29 4 357 0 0 471 71 87
49 29 4 471 0 0 585 71 87
50 32 5 300 155 169 327 233 206
51 30 5 328 155 112 383 212 174
52 32 5 327 155 174 354 233 211
53 34 5 357 0 87 446 70 112
54 34 5 357 0 112 446 70 137
55 35 5 357 0 137 448 44 214
56 31 5 387 155 0 501 226 87
57 31 5 387 155 87 501 226 174
58 33 5 413 71 0 503 155 41
59 37 6 354 155 174 381 233 211
60 37 6 357 44 137 435 71 174
61 39 6 381 155 174 472 232 218
62 38 6 413 71 41 498 113 116
63 38 6 413 113 41 498 155 116
64 40 6 413 71 116 484 145 166
65 40 6 413 71 166 484 145 216
66 36 6 448 0 87 537 70 112
67 36 6 448 0 112 537 70 137
68 36 6 448 0 137 537 70 162
69 41 6 448 0 162 510 55 219
70 42 6 503 71 0 574 185 87
71 46 7 472 145 174 509 223 201
72 48 7 484 55 162 574 80 199
73 43 7 498 80 87 555 135 149
74 45 7 484 80 149 558 130 220
75 47 7 509 135 87 579 224 112
76 44 7 509 135 112 586 215 217
