Utilizacion 73.048207 VolCajasEmpacado 73.753307 Duracion[s] 60.027000 Iteraciones 3051
0 3 0 0 0 0 108 66 54
1 3 0 0 0 54 108 66 108
2 3 0 0 0 108 108 66 162
3 3 0 0 0 162 108 66 216
4 0 0 0 66 0 64 137 31
5 0 0 0 137 0 64 208 31
6 0 0 0 66 31 64 137 62
7 0 0 0 137 31 64 208 62
8 0 0 0 66 62 64 137 93
9 0 0 0 137 62 64 208 93
10 1 0 0 66 93 69 99 154
11 1 0 0 99 93 69 132 154
12 1 0 0 66 154 69 99 215
13 1 0 0 99 154 69 132 215
14 2 0 0 132 93 74 165 155
15 2 0 0 132 155 74 165 217
16 3 0 0 165 93 108 231 147
17 4 0 74 66 0 175 135 20
18 4 0 175 66 0 276 135 20
19 4 0 276 66 0 377 135 20
20 9 1 0 165 147 108 231 201
21 9 1 69 66 20 177 120 86
22 9 1 69 66 86 177 120 152
23 9 1 69 66 152 177 120 218
24 7 1 108 0 0 177 33 61
25 7 1 108 33 0 177 66 61
26 6 1 108 0 61 179 64 92
27 6 1 108 0 92 179 64 123
28 8 1 108 0 123 182 33 185
29 8 1 108 33 123 182 66 185
30 7 1 108 0 185 177 61 218
31 5 1 108 135 0 209 204 20
32 5 1 209 135 0 310 204 20
33 5 1 310 135 0 411 204 20
34 5 1 411 135 0 512 204 20
35 12 2 177 66 20 210 140 82
36 12 2 177 66 82 210 140 144
37 12 2 177 66 144 210 140 206
38 13 2 74 120 20 143 153 81
39 13 2 74 120 81 143 153 142
40 12 2 74 120 142 148 153 204
41 10 2 108 153 20 172 224 51
42 10 2 108 153 51 172 224 82
43 14 2 108 153 82 209 222 102
44 11 2 108 153 102 216 219 156
45 11 2 108 153 156 216 219 210
46 16 3 182 0 0 253 64 31
47 16 3 253 0 0 324 64 31
48 16 3 324 0 0 395 64 31
49 18 3 182 0 31 256 33 93
50 18 3 182 33 31 256 66 93
51 17 3 182 0 93 251 33 154
52 19 3 182 0 154 290 66 208
53 19 3 290 0 31 344 108 97
54 19 3 216 66 20 270 174 86
55 19 3 216 174 20 324 228 86
56 15 3 216 66 86 285 167 106
57 15 3 210 66 106 311 135 126
58 15 3 210 66 126 311 135 146
59 24 4 210 66 146 243 135 207
60 24 4 216 167 86 285 228 119
61 21 4 216 135 119 249 209 181
62 21 4 249 135 119 282 209 181
63 24 4 216 135 181 277 204 214
64 22 4 243 66 146 314 130 177
65 22 4 243 66 177 314 130 208
66 24 4 285 135 20 354 168 81
67 20 4 290 0 97 398 66 151
68 20 4 290 0 151 398 66 205
69 22 4 314 108 81 385 172 112
70 22 4 314 108 112 385 172 143
71 22 4 314 108 143 385 172 174
72 22 4 314 108 174 385 172 205
73 20 4 324 172 20 432 226 86
74 20 4 432 172 20 540 226 86
75 23 4 385 66 0 486 135 20
76 23 4 385 66 20 486 135 40
77 23 4 385 66 40 486 135 60
78 23 4 385 66 60 486 135 80
79 22 4 385 66 80 456 130 111
80 27 5 285 172 86 354 233 119
81 27 5 285 172 119 354 233 152
82 29 5 282 172 152 390 226 218
83 28 5 385 135 20 459 168 82
84 28 5 385 135 82 459 168 144
85 28 5 385 135 144 459 168 206
86 25 5 385 66 111 486 135 131
87 25 5 385 66 131 486 135 151
88 25 5 385 66 151 486 135 171
89 25 5 385 66 171 486 135 191
90 28 5 390 168 86 464 230 119
91 28 5 390 168 119 464 230 152
92 26 5 390 168 152 461 232 183
93 26 5 390 168 183 461 232 214
94 30 6 385 66 191 486 135 211
95 31 6 398 0 0 469 64 31
96 32 6 464 135 86 497 209 148
97 32 6 464 135 148 497 209 210
98 33 6 398 0 31 506 66 85
99 33 6 398 0 85 506 66 139
100 33 6 398 0 139 506 66 193
101 30 6 486 66 0 587 135 20
102 30 6 486 66 20 587 135 40
103 32 6 486 66 40 560 128 73
104 32 6 486 66 73 560 128 106
105 32 6 486 66 106 560 99 168
106 37 7 486 99 106 555 132 167
107 34 7 486 66 168 557 130 199
108 38 7 497 132 86 566 233 106
109 38 7 497 132 106 566 233 126
110 36 7 497 132 126 530 206 188
111 34 7 497 130 188 561 201 219
112 37 7 506 0 0 575 33 61
113 37 7 506 33 0 575 66 61
114 37 7 506 0 61 575 33 122
