Utilizacion 78.538327 VolCajasEmpacado 79.524509 Duracion[s] 60.024000 Iteraciones 856
0 2 0 0 0 0 58 75 58
1 2 0 0 75 0 58 150 58
2 2 0 0 150 0 58 225 58
3 5 0 0 0 58 46 42 108
4 5 0 0 0 108 46 42 158
5 5 0 0 0 158 46 42 208
6 3 0 0 42 58 88 117 111
7 3 0 0 117 58 88 192 111
8 3 0 0 42 111 88 117 164
9 3 0 0 117 111 88 192 164
10 3 0 0 42 164 88 117 217
11 3 0 0 117 164 88 192 217
12 7 0 0 192 58 63 228 108
13 9 0 0 192 108 71 226 140
14 6 0 0 192 140 86 233 211
15 5 0 58 0 0 108 42 46
16 5 0 108 0 0 158 42 46
17 5 0 158 0 0 208 42 46
18 5 0 208 0 0 258 42 46
19 7 0 58 0 46 121 36 96
20 7 0 121 0 46 184 36 96
21 7 0 58 0 96 121 36 146
22 7 0 121 0 96 184 36 146
23 7 0 58 0 146 121 36 196
24 7 0 121 0 146 184 36 196
25 1 0 46 0 196 105 42 220
26 6 0 86 192 0 172 233 71
27 6 0 86 192 71 172 233 142
28 6 0 86 192 142 172 233 213
29 1 0 105 0 196 147 59 220
30 1 0 88 59 0 147 83 42
31 1 0 88 59 42 147 83 84
32 1 0 88 59 84 147 83 126
33 1 0 88 59 126 147 83 168
34 1 0 88 59 168 147 83 210
35 0 0 88 83 0 169 183 27
36 0 0 88 83 27 169 183 54
37 0 0 88 83 54 169 183 81
38 0 0 88 83 81 169 183 108
39 0 0 88 83 108 169 183 135
40 0 0 88 83 135 169 183 162
41 0 0 88 83 162 169 183 189
42 10 0 88 83 189 157 120 219
43 10 0 88 120 189 125 189 219
44 10 0 125 120 189 162 189 219
45 9 0 147 42 0 218 74 34
46 10 0 147 42 34 216 79 64
47 10 0 147 42 64 216 79 94
48 7 0 147 36 94 197 72 157
49 7 0 147 36 157 197 72 220
50 9 0 184 0 46 255 34 78
51 9 0 184 0 78 255 34 110
52 9 0 184 0 110 255 34 142
53 9 0 184 0 142 255 34 174
54 9 0 184 0 174 255 34 206
55 9 0 197 34 94 229 105 128
56 9 0 197 34 128 229 105 162
57 4 0 169 105 0 222 172 102
58 4 0 222 105 0 275 172 102
59 6 0 169 105 102 240 191 143
60 8 0 169 105 143 265 177 177
61 8 0 169 105 177 265 177 211
62 11 0 258 0 0 369 71 29
63 11 0 258 0 29 369 71 58
64 11 0 258 0 58 369 71 87
65 11 0 258 0 87 369 71 116
66 11 0 258 0 116 369 71 145
67 11 0 258 0 145 369 71 174
68 11 0 258 0 174 369 71 203
69 20 1 169 72 162 238 102 199
70 23 1 172 191 0 231 233 24
71 23 1 172 191 24 231 233 48
72 23 1 172 191 48 231 233 72
73 23 1 172 191 72 231 233 96
74 23 1 172 191 96 231 233 120
75 20 1 172 191 120 241 221 157
76 15 1 172 177 157 222 223 199
77 17 1 222 177 157 258 227 220
78 19 1 238 71 0 309 105 32
79 19 1 238 71 32 309 105 64
80 19 1 238 71 64 309 105 96
81 19 1 238 71 96 309 105 128
82 19 1 238 71 128 309 105 160
83 19 1 238 71 160 309 105 192
84 13 1 258 177 0 333 230 88
85 13 1 258 177 88 333 230 176
86 15 1 258 177 176 308 223 218
87 14 1 275 105 0 328 172 102
88 20 1 309 71 0 378 101 37
89 20 1 378 71 0 447 101 37
90 20 1 447 71 0 516 101 37
91 20 1 516 71 0 585 101 37
92 20 1 309 71 37 378 101 74
93 20 1 378 71 37 447 101 74
94 20 1 447 71 37 516 101 74
95 20 1 516 71 37 585 101 74
96 19 1 309 71 74 380 105 106
97 15 1 309 71 106 351 121 152
98 15 1 309 71 152 359 117 194
99 17 1 359 71 106 395 134 156
100 17 1 359 71 156 395 134 206
101 17 1 265 105 102 301 168 152
102 17 1 265 105 152 301 168 202
103 17 1 301 121 102 351 157 165
104 15 1 301 117 165 347 167 207
105 12 1 333 167 0 408 225 58
106 12 1 333 167 58 408 225 116
107 12 1 333 167 116 408 225 174
108 20 1 333 167 174 402 197 211
109 20 1 333 197 174 402 227 211
110 21 1 369 0 0 480 71 29
111 21 1 369 0 29 480 71 58
112 21 1 369 0 58 480 71 87
113 21 1 369 0 87 480 71 116
114 21 1 369 0 116 480 71 145
115 21 1 369 0 145 480 71 174
116 21 1 369 0 174 480 71 203
117 14 1 395 71 74 497 124 141
118 14 1 395 71 141 497 124 208
119 16 1 395 124 0 481 165 71
120 16 1 395 124 71 481 165 142
121 16 1 395 124 142 481 165 213
122 14 1 408 165 0 510 218 67
123 12 1 408 165 67 466 223 142
124 12 1 466 165 67 524 223 142
125 12 1 408 165 142 466 223 217
126 12 1 466 165 142 524 223 217
127 14 1 480 0 0 582 67 53
128 13 1 480 0 53 555 53 141
129 12 1 480 0 141 538 58 216
130 16 1 481 124 0 567 165 71
131 16 1 481 124 71 567 165 142
132 16 1 481 124 142 567 165 213
133 13 1 497 58 74 572 111 162
134 12 1 497 58 162 572 116 220
135 12 1 524 165 0 582 223 75
136 12 1 524 165 75 582 223 150
