Utilizacion 81.103321 VolCajasEmpacado 81.972463 Duracion[s] 60.018000 Iteraciones 608
0 13 0 0 0 0 120 99 36
1 13 0 120 0 0 240 99 36
2 13 0 240 0 0 360 99 36
3 13 0 360 0 0 480 99 36
4 1 0 0 0 36 63 104 128
5 1 0 0 0 128 63 104 220
6 10 0 0 104 0 96 206 22
7 10 0 0 104 22 96 206 44
8 10 0 0 104 44 96 206 66
9 10 0 0 104 66 96 206 88
10 10 0 0 104 88 96 206 110
11 10 0 0 104 110 96 206 132
12 10 0 0 104 132 96 206 154
13 10 0 0 104 154 96 206 176
14 10 0 0 104 176 96 206 198
15 10 0 0 104 198 96 206 220
16 19 0 0 206 0 93 232 36
17 19 0 0 206 36 93 232 72
18 19 0 0 206 72 93 232 108
19 19 0 0 206 108 93 232 144
20 19 0 0 206 144 93 232 180
21 19 0 0 206 180 93 232 216
22 8 0 63 0 36 141 93 81
23 8 0 63 0 81 141 93 126
24 8 0 63 0 126 141 93 171
25 8 0 63 0 171 141 93 216
26 11 0 141 0 36 191 41 81
27 11 0 141 41 36 191 82 81
28 11 0 141 0 81 191 41 126
29 11 0 141 41 81 191 82 126
30 11 0 141 0 126 191 41 171
31 11 0 141 41 126 191 82 171
32 11 0 141 0 171 191 41 216
33 11 0 141 41 171 191 82 216
34 3 0 96 99 0 194 149 73
35 3 0 96 99 73 194 149 146
36 3 0 96 99 146 194 149 219
37 18 0 96 149 0 126 231 49
38 18 0 96 149 49 145 231 79
39 18 0 96 149 79 145 231 109
40 17 0 96 149 109 176 180 164
41 17 0 96 149 164 176 180 219
42 5 0 96 180 109 166 230 172
43 14 0 96 180 172 139 216 214
44 14 0 139 180 172 182 222 208
45 17 0 176 149 0 256 180 55
46 17 0 176 149 55 256 180 110
47 17 0 176 149 110 256 180 165
48 16 0 182 149 165 282 183 218
49 9 0 182 183 0 251 228 43
50 9 0 182 183 43 251 228 86
51 9 0 182 183 86 251 228 129
52 9 0 182 183 129 251 228 172
53 14 0 182 183 172 218 225 215
54 7 0 191 0 36 245 46 96
55 7 0 191 46 36 245 92 96
56 14 0 218 183 172 254 226 214
57 2 0 191 0 96 261 89 154
58 2 0 191 0 154 261 89 212
59 3 0 194 99 0 292 149 73
60 3 0 194 99 73 292 149 146
61 3 0 194 99 146 292 149 219
62 3 0 261 0 36 334 98 86
63 5 0 254 183 0 324 233 63
64 5 0 254 183 63 324 233 126
65 5 0 254 183 126 324 233 189
66 6 0 261 0 86 361 48 141
67 6 0 261 48 86 361 96 141
68 6 0 261 0 141 361 48 196
69 6 0 261 48 141 361 96 196
70 10 0 261 0 196 363 96 218
71 2 0 363 0 36 421 70 125
72 2 0 363 0 125 421 70 214
73 16 0 282 149 0 382 183 53
74 16 0 282 149 53 382 183 106
75 16 0 282 149 106 382 183 159
76 16 0 282 149 159 382 183 212
77 5 0 292 99 0 355 149 70
78 5 0 292 99 70 355 149 140
79 5 0 292 99 140 355 149 210
80 16 0 324 183 0 424 217 53
81 16 0 324 183 53 424 217 106
82 15 0 324 183 106 444 218 144
83 15 0 324 183 144 444 218 182
84 15 0 324 183 182 444 218 220
85 4 0 355 99 0 474 149 67
86 0 0 355 96 67 431 138 143
87 0 0 355 96 143 431 138 219
88 1 0 421 0 36 525 92 99
89 1 0 421 0 99 513 63 203
90 14 0 431 63 99 467 106 141
91 14 0 431 63 141 467 106 183
92 14 0 431 63 183 474 105 219
93 7 0 431 106 67 491 152 121
94 7 0 431 106 121 491 152 175
95 15 0 431 106 175 551 141 213
96 12 0 444 152 0 549 189 73
97 12 0 444 189 0 549 226 73
98 12 0 444 152 73 549 189 146
99 12 0 444 189 73 549 226 146
100 12 0 444 152 146 549 189 219
101 12 0 444 189 146 549 226 219
102 0 0 474 63 99 550 105 175
103 5 0 525 0 0 575 63 70
104 7 0 525 0 70 571 60 124
105 7 0 525 0 124 571 60 178
106 12 0 513 0 178 586 105 215
107 15 0 551 105 0 586 225 38
108 15 0 551 105 38 586 225 76
109 15 0 551 105 76 586 225 114
110 15 0 551 105 114 586 225 152
