Utilizacion 71.417718 VolCajasEmpacado 72.148734 Duracion[s] 60.031000 Iteraciones 1457
0 3 0 0 0 0 48 34 54
1 3 0 0 0 54 48 34 108
2 3 0 0 0 108 48 34 162
3 3 0 0 0 162 48 34 216
4 2 0 0 34 0 33 124 49
5 2 0 0 34 49 33 124 98
6 2 0 0 34 98 33 124 147
7 2 0 0 34 147 33 124 196
8 0 0 0 124 0 56 149 42
9 0 0 0 124 42 56 149 84
10 0 0 0 124 84 56 149 126
11 0 0 0 124 126 56 149 168
12 0 0 0 124 168 56 149 210
13 1 0 0 149 0 64 191 26
14 1 0 0 191 0 64 233 26
15 1 0 0 149 26 64 191 52
16 1 0 0 191 26 64 233 52
17 6 0 0 149 52 52 207 144
18 1 0 0 207 52 64 233 94
19 5 0 0 149 144 49 195 216
20 4 0 33 34 0 128 79 62
21 4 0 33 79 0 128 124 62
22 4 0 33 34 62 128 79 124
23 4 0 33 79 62 128 124 124
24 7 0 33 34 124 125 119 145
25 6 0 33 34 145 125 92 197
26 14 1 0 34 197 92 119 218
27 8 1 92 92 145 148 134 170
28 8 1 92 92 170 148 134 195
29 8 1 92 92 195 148 134 220
30 13 1 0 207 94 64 233 136
31 13 1 0 207 136 64 233 178
32 13 1 0 207 178 64 233 220
33 13 1 48 0 0 112 26 42
34 13 1 112 0 0 176 26 42
35 12 1 48 0 42 138 33 91
36 12 1 48 0 91 138 33 140
37 12 1 48 0 140 138 33 189
38 10 1 64 134 0 109 229 62
39 10 1 64 134 62 109 229 124
40 10 1 64 134 124 109 229 186
41 11 1 49 149 186 97 203 220
42 9 1 138 0 42 196 52 134
43 9 1 109 134 0 167 226 52
44 9 1 109 134 52 167 226 104
45 9 1 109 134 104 167 226 156
46 14 1 109 134 156 194 226 177
47 14 1 109 134 177 194 226 198
48 14 1 109 134 198 194 226 219
49 10 1 138 0 134 233 62 179
50 20 2 125 33 179 215 82 212
51 16 2 148 82 0 220 131 46
52 15 2 148 82 46 206 134 138
53 16 2 148 82 138 194 131 210
54 18 2 206 82 46 232 146 88
55 18 2 206 82 88 232 146 130
56 17 2 194 146 0 289 191 62
57 17 2 194 146 62 289 191 124
58 16 2 194 146 124 266 195 170
59 19 2 233 0 0 325 85 21
60 23 3 206 82 130 248 146 156
61 23 3 206 82 156 248 146 182
62 23 3 206 82 182 248 146 208
63 24 3 194 146 170 242 200 204
64 22 3 194 200 0 250 225 42
65 22 3 194 200 42 250 225 84
66 26 3 233 0 21 282 72 67
67 26 3 282 0 21 331 72 67
68 24 3 233 0 67 287 34 115
69 24 3 233 34 67 287 68 115
70 27 3 233 0 115 325 58 167
71 27 3 233 0 167 325 58 219
72 25 3 248 85 0 343 130 62
73 25 3 248 72 62 343 134 107
74 25 3 248 72 107 343 134 152
75 21 3 248 58 152 340 143 173
76 21 3 248 58 173 340 143 194
77 21 3 248 58 194 340 143 215
78 21 3 289 143 0 381 228 21
79 21 3 289 143 21 381 228 42
80 21 3 289 143 42 381 228 63
81 21 3 289 143 63 381 228 84
82 21 3 289 143 84 381 228 105
83 21 3 289 143 105 381 228 126
84 32 4 242 146 170 290 200 204
85 28 4 290 143 126 346 168 168
86 28 4 346 143 126 402 168 168
87 33 4 290 143 168 380 176 217
88 30 4 290 176 126 336 225 198
89 30 4 336 176 126 382 225 198
90 29 4 331 0 0 383 58 92
91 32 4 325 0 92 379 34 140
92 32 4 325 0 140 379 34 188
93 34 4 325 0 188 389 42 214
94 31 4 343 58 0 438 103 62
95 31 4 343 58 62 438 103 124
96 32 4 343 42 124 397 76 172
97 32 4 343 42 172 397 76 220
98 33 4 343 76 124 433 125 157
99 35 4 402 125 0 494 210 21
100 35 4 402 125 21 487 217 42
101 39 5 340 76 157 435 121 219
102 42 5 380 121 168 414 175 216
103 38 5 382 175 42 428 224 114
104 38 5 382 175 114 428 224 186
105 36 5 382 175 186 438 217 211
106 40 5 414 125 42 504 174 75
107 40 5 414 125 75 504 174 108
108 42 5 389 0 0 437 34 54
109 36 5 389 0 54 445 42 79
110 38 5 414 125 108 463 171 180
111 41 5 389 0 79 453 26 121
112 36 5 414 121 180 470 163 205
113 36 5 389 0 121 445 42 146
114 39 5 397 0 146 492 62 191
115 37 5 438 62 0 490 120 92
116 37 5 438 62 92 490 120 184
117 37 5 438 174 42 530 226 100
118 39 5 438 174 100 533 219 162
119 45 6 389 0 191 453 42 217
120 47 6 435 62 184 489 110 218
121 50 6 438 171 162 530 223 220
122 44 6 453 0 191 495 56 216
123 44 6 470 120 108 526 145 150
124 44 6 470 145 108 526 170 150
125 44 6 470 120 150 526 145 192
126 44 6 470 145 150 526 170 192
127 45 6 470 110 192 534 152 218
128 48 6 490 62 0 585 107 62
129 48 6 490 62 62 585 107 124
130 48 6 490 62 124 585 107 186
131 47 6 489 62 186 543 110 220
132 46 6 495 0 0 585 49 33
133 46 6 495 0 33 585 49 66
134 46 6 495 0 66 585 49 99
135 46 6 495 0 99 585 49 132
136 46 6 495 0 132 585 49 165
137 50 6 495 0 165 587 58 217
138 45 6 543 58 186 585 122 212
139 45 6 533 152 0 559 216 42
140 45 6 559 152 0 585 216 42
141 49 6 533 152 42 582 198 114
142 50 6 533 152 114 585 210 206
