Utilizacion 66.837757 VolCajasEmpacado 67.367933 Duracion[s] 60.001000 Iteraciones 8307
0 4 0 0 0 0 59 41 76
1 3 0 0 0 76 63 81 163
2 5 0 0 81 0 72 193 56
3 1 0 0 0 163 31 49 202
4 0 0 0 81 56 67 189 93
5 2 0 0 81 93 77 159 186
6 7 1 0 159 93 114 218 157
7 6 1 0 159 157 112 231 213
8 8 1 63 0 0 173 66 90
9 9 1 63 0 90 177 45 142
10 10 2 0 49 186 83 142 216
11 11 2 83 0 142 196 79 187
12 12 3 83 0 187 145 85 212
13 13 3 83 85 0 195 157 56
14 14 4 145 0 187 238 83 217
15 14 4 114 85 56 197 178 86
16 15 5 83 85 86 191 122 153
17 16 6 114 178 0 227 223 79
18 17 7 83 85 153 179 145 183
19 18 7 197 83 0 275 176 77
20 19 8 114 145 86 227 190 165
21 19 8 112 145 165 225 224 210
22 20 9 227 83 77 304 176 155
23 21 10 83 85 183 122 134 214
24 22 10 122 85 183 213 137 216
25 23 10 227 83 155 295 174 189
26 24 11 213 83 189 298 145 214
27 25 11 227 176 0 341 228 45
28 26 12 227 176 45 303 217 104
29 28 13 225 190 104 267 226 147
30 29 13 238 0 0 356 82 57
31 27 13 238 0 57 329 68 91
32 30 13 238 0 91 319 63 178
33 30 13 304 82 0 367 163 87
34 32 14 225 190 147 261 233 189
35 31 14 238 0 178 329 68 212
36 33 15 304 68 87 376 180 143
37 34 15 304 68 143 383 181 188
38 35 15 341 181 0 455 226 52
39 36 16 225 145 189 264 194 220
40 37 17 267 181 104 310 217 146
41 38 17 310 181 52 424 226 104
42 40 18 267 181 146 343 222 205
43 39 18 343 181 104 451 218 171
44 41 18 356 0 0 474 57 82
45 42 18 383 0 82 460 93 160
46 43 18 383 93 0 484 180 77
47 44 19 298 68 188 339 149 219
48 45 19 383 0 160 443 96 190
49 46 20 339 0 190 435 60 220
50 48 21 343 181 171 457 233 216
51 47 21 383 96 77 501 178 134
52 49 22 383 96 134 474 164 168
53 50 23 383 96 168 497 141 220
54 52 24 383 141 168 474 174 220
55 51 24 474 0 0 559 62 25
56 54 25 457 180 0 565 217 67
57 53 25 474 0 25 570 60 55
58 55 26 474 141 134 510 183 177
59 56 26 457 183 67 557 221 134
60 57 27 474 0 55 584 66 145
61 58 27 460 0 145 553 83 175
62 59 28 443 0 175 557 52 220
63 60 28 510 83 0 574 142 114
64 61 29 443 52 175 524 83 216
65 63 29 510 83 114 587 170 215
