Utilizacion 82.536602 VolCajasEmpacado 83.797315 Duracion[s] 60.038000 Iteraciones 907
0 13 0 0 0 0 113 94 70
1 13 0 0 94 0 113 188 70
2 13 0 0 0 70 113 94 140
3 13 0 0 94 70 113 188 140
4 13 0 0 0 140 113 94 210
5 13 0 0 94 140 113 188 210
6 2 0 0 188 0 81 219 44
7 2 0 0 188 44 81 219 88
8 2 0 0 188 88 81 219 132
9 2 0 0 188 132 81 219 176
10 2 0 0 188 176 81 219 220
11 2 0 81 188 0 162 232 31
12 2 0 162 188 0 243 232 31
13 2 0 243 188 0 324 232 31
14 4 0 81 188 31 191 222 71
15 4 0 81 188 71 191 222 111
16 4 0 81 188 111 191 222 151
17 4 0 81 188 151 191 222 191
18 0 0 81 188 191 122 227 217
19 10 0 113 0 0 186 52 71
20 10 0 186 0 0 259 52 71
21 10 0 113 0 71 186 52 142
22 10 0 186 0 71 259 52 142
23 10 0 113 0 142 186 52 213
24 10 0 186 0 142 259 52 213
25 13 0 113 52 0 183 165 94
26 13 0 113 52 94 183 165 188
27 0 0 113 52 188 152 93 214
28 0 0 152 52 188 191 93 214
29 0 0 113 93 188 152 134 214
30 0 0 152 93 188 191 134 214
31 0 0 113 134 188 152 175 214
32 0 0 152 134 188 191 175 214
33 0 0 122 175 191 163 214 217
34 0 0 163 175 191 202 216 217
35 6 0 191 52 0 255 90 38
36 6 0 255 52 0 319 90 38
37 6 0 319 52 0 383 90 38
38 6 0 191 90 0 255 128 38
39 6 0 255 90 0 319 128 38
40 6 0 319 90 0 383 128 38
41 6 0 191 128 0 255 166 38
42 6 0 255 128 0 319 166 38
43 6 0 319 128 0 383 166 38
44 7 0 191 52 38 262 162 83
45 7 0 262 52 38 333 162 83
46 7 0 191 52 83 262 162 128
47 7 0 262 52 83 333 162 128
48 7 0 191 52 128 262 162 173
49 7 0 262 52 128 333 162 173
50 7 0 191 52 173 262 162 218
51 7 0 262 52 173 333 162 218
52 8 0 202 166 31 269 229 78
53 8 0 202 166 78 269 229 125
54 8 0 202 166 125 269 229 172
55 8 0 202 166 172 269 229 219
56 11 0 259 0 0 336 52 94
57 11 0 336 0 0 413 52 94
58 11 0 259 0 94 336 52 188
59 11 0 336 0 94 413 52 188
60 1 0 259 0 188 320 43 219
61 8 0 269 166 31 332 233 78
62 8 0 269 166 78 332 233 125
63 8 0 269 166 125 332 233 172
64 0 0 269 162 172 310 201 198
65 0 0 310 162 172 351 201 198
66 1 0 269 201 172 330 232 215
67 1 0 320 0 188 381 43 219
68 1 0 381 0 188 442 43 219
69 0 0 332 201 0 371 227 41
70 1 0 332 201 41 393 232 84
71 0 0 332 201 84 371 227 125
72 0 0 332 201 125 371 227 166
73 12 0 333 52 38 428 107 130
74 12 0 333 107 38 428 162 130
75 10 0 333 52 130 404 125 182
76 4 0 333 52 182 373 162 216
77 5 0 351 166 0 423 201 53
78 4 0 373 52 182 413 162 216
79 5 0 351 162 53 423 197 106
80 5 0 351 162 106 423 197 159
81 5 0 351 162 159 423 197 212
82 9 0 423 162 0 475 224 99
83 9 0 423 162 99 475 224 198
84 14 0 428 43 0 524 162 71
85 14 0 428 43 71 524 162 142
86 14 0 428 43 142 524 162 213
87 4 0 442 0 0 552 40 34
88 4 0 442 0 34 552 40 68
89 5 0 442 0 68 514 35 121
90 5 0 514 0 68 586 35 121
91 5 0 442 0 121 514 35 174
92 5 0 514 0 121 586 35 174
93 5 0 475 162 0 547 197 53
94 5 0 475 197 0 547 232 53
95 5 0 475 162 53 547 197 106
96 5 0 475 197 53 547 232 106
97 9 0 475 162 106 574 224 158
98 9 0 475 162 158 574 224 210
99 9 0 524 40 0 586 92 99
100 9 0 524 92 0 586 144 99
101 12 0 524 35 99 579 130 191
