Utilizacion 76.286168 VolCajasEmpacado 76.691570 Duracion[s] 60.146000 Iteraciones 454
0 15 0 0 0 0 75 35 44
1 15 0 0 0 44 75 35 88
2 15 0 0 0 88 75 35 132
3 15 0 0 0 132 75 35 176
4 15 0 0 0 176 75 35 220
5 2 0 0 35 0 72 113 73
6 2 0 0 113 0 72 191 73
7 2 0 0 35 73 72 113 146
8 2 0 0 113 73 72 191 146
9 2 0 0 35 146 72 113 219
10 2 0 0 113 146 72 191 219
11 16 0 0 191 0 62 231 31
12 16 0 62 191 0 124 231 31
13 16 0 124 191 0 186 231 31
14 16 0 186 191 0 248 231 31
15 16 0 248 191 0 310 231 31
16 16 0 310 191 0 372 231 31
17 8 0 0 191 31 83 231 101
18 8 0 83 191 31 166 231 101
19 9 0 0 191 101 79 231 151
20 9 0 0 191 151 79 231 201
21 10 0 72 35 0 125 73 52
22 10 0 125 35 0 178 73 52
23 10 0 72 35 52 125 73 104
24 10 0 125 35 52 178 73 104
25 10 0 72 35 104 125 73 156
26 10 0 125 35 104 178 73 156
27 10 0 72 35 156 125 73 208
28 10 0 125 35 156 178 73 208
29 6 0 72 73 0 117 122 60
30 12 0 72 73 60 110 122 97
31 12 0 72 73 97 110 122 134
32 9 0 72 73 134 112 123 213
33 3 0 72 123 0 170 180 69
34 19 0 72 123 69 131 191 106
35 19 0 72 123 106 131 191 143
36 19 0 72 123 143 131 191 180
37 1 0 72 123 180 146 157 201
38 1 0 72 157 180 146 191 201
39 15 0 75 0 0 150 35 44
40 15 0 75 0 44 150 35 88
41 15 0 75 0 88 150 35 132
42 14 0 75 0 132 173 35 192
43 18 0 75 0 192 122 34 218
44 11 0 79 191 101 116 233 149
45 18 0 79 191 149 126 217 183
46 18 0 79 191 183 126 217 217
47 18 0 117 73 0 151 120 26
48 18 0 151 73 0 185 120 26
49 18 0 185 73 0 219 120 26
50 17 0 117 73 26 172 99 76
51 9 0 112 73 76 191 123 116
52 9 0 112 73 116 191 123 156
53 13 0 112 73 156 184 109 218
54 13 0 126 191 101 198 227 163
55 17 0 126 191 163 181 217 213
56 13 0 170 123 0 242 185 36
57 13 0 170 123 36 242 185 72
58 13 0 170 123 72 242 185 108
59 13 0 170 123 108 242 185 144
60 13 0 170 123 144 242 185 180
61 13 0 170 123 180 242 185 216
62 14 0 173 0 0 271 35 60
63 3 0 178 0 60 276 69 117
64 2 0 178 0 117 256 72 190
65 0 0 178 0 190 255 62 214
66 13 0 198 185 31 270 221 93
67 5 0 219 72 0 327 121 69
68 5 0 191 72 69 299 121 138
69 4 0 191 72 138 295 122 212
70 5 0 242 122 0 350 171 69
71 0 0 242 122 69 319 184 93
72 0 0 242 122 93 319 184 117
73 0 0 242 122 117 319 184 141
74 2 0 242 122 141 320 195 213
75 4 0 276 0 0 380 50 74
76 4 0 276 0 74 380 50 148
77 5 0 256 0 148 364 49 217
78 4 0 320 171 31 424 221 105
79 4 0 320 171 105 424 221 179
80 7 0 350 50 0 443 148 41
81 30 1 299 50 69 341 98 106
82 39 1 364 0 148 385 74 182
83 39 1 364 0 182 385 74 216
84 39 1 276 50 106 350 71 140
85 22 1 295 50 140 345 90 219
86 37 1 320 98 69 346 132 116
87 37 1 320 132 69 346 166 116
88 35 1 299 90 116 361 121 156
89 36 1 295 90 156 350 116 206
90 31 1 320 121 116 357 170 154
91 31 1 320 121 154 357 170 192
92 37 1 320 116 192 367 150 218
93 37 1 320 150 192 367 184 218
94 31 1 320 184 179 357 233 217
95 31 1 357 184 179 394 233 217
96 31 1 394 184 179 431 233 217
97 30 1 361 74 41 409 116 78
98 30 1 361 74 78 398 116 126
99 37 1 361 74 126 395 100 173
100 37 1 361 74 173 395 100 220
101 20 1 367 116 41 435 153 100
102 20 1 367 116 100 435 153 159
103 20 1 367 116 159 435 153 218
104 25 1 385 0 0 445 49 45
105 32 1 385 0 45 447 72 81
106 32 1 385 0 81 447 72 117
107 32 1 385 0 117 447 72 153
108 20 1 385 0 153 453 59 190
109 36 1 385 0 190 435 55 216
110 36 1 395 59 153 450 85 203
111 35 1 409 85 41 471 116 81
112 35 1 398 85 81 460 116 121
113 35 1 398 85 121 460 116 161
114 35 1 398 85 161 460 116 201
115 22 1 431 153 0 471 232 50
116 22 1 431 153 50 471 232 100
117 22 1 431 153 100 471 232 150
118 22 1 431 153 150 471 232 200
119 31 1 443 116 0 492 153 38
120 31 1 443 116 38 492 153 76
121 20 1 435 116 76 494 153 144
122 20 1 435 116 144 494 153 212
123 25 1 453 0 0 498 49 60
124 25 1 453 0 60 498 49 120
125 25 1 453 0 120 498 49 180
126 38 1 453 0 180 530 62 204
127 26 1 471 62 0 579 111 69
128 26 1 471 62 69 579 111 138
129 26 1 471 62 138 579 111 207
130 38 1 471 153 0 533 230 24
131 38 1 471 153 24 533 230 48
132 38 1 471 153 48 533 230 72
133 38 1 471 153 72 533 230 96
134 38 1 471 153 96 533 230 120
135 28 1 471 153 120 540 210 218
136 23 1 494 111 0 577 151 70
137 23 1 494 111 70 577 151 140
138 23 1 494 111 140 577 151 210
139 21 1 530 0 0 582 53 38
140 21 1 530 0 38 582 53 76
141 21 1 530 0 76 582 53 114
142 25 1 530 0 114 579 60 159
143 34 1 540 151 0 584 226 35
144 34 1 540 151 35 584 226 70
145 34 1 540 151 70 575 226 114
