Utilizacion 70.205194 VolCajasEmpacado 70.737388 Duracion[s] 60.005000 Iteraciones 9473
0 1 0 0 0 0 89 28 46
1 1 0 0 28 0 89 56 46
2 1 0 0 56 0 89 84 46
3 0 0 0 84 0 114 161 42
4 2 1 0 0 46 75 70 69
5 3 2 0 161 0 75 231 23
6 5 2 0 161 23 114 203 100
7 4 2 0 0 69 74 81 174
8 6 3 0 84 42 81 158 147
9 7 4 0 203 23 89 231 69
10 8 5 0 0 174 54 89 199
11 11 6 0 158 100 81 232 205
12 10 6 89 0 0 203 77 42
13 10 6 114 0 42 228 42 119
14 9 6 89 42 42 193 133 83
15 13 7 0 89 147 76 139 220
16 12 7 74 0 119 179 74 200
17 14 7 179 0 119 249 75 142
18 16 8 81 75 83 186 149 164
19 15 8 81 74 164 172 178 205
20 18 9 114 178 0 187 228 76
21 17 9 114 178 76 203 232 101
22 18 9 179 0 142 229 73 218
23 19 9 193 77 0 267 158 105
24 21 10 81 178 101 170 224 129
25 20 10 186 75 105 256 150 128
26 22 11 186 75 128 291 156 202
27 23 12 81 178 129 170 224 157
28 24 13 203 158 0 284 232 105
29 25 14 249 0 0 330 74 105
30 26 15 81 178 157 170 232 182
31 27 16 249 0 105 342 67 125
32 29 16 249 0 125 354 74 206
33 28 16 291 74 0 382 178 41
34 30 17 170 178 105 246 228 178
35 31 18 172 156 178 242 231 201
36 33 19 246 156 105 319 206 181
37 34 19 242 156 181 335 223 201
38 32 19 291 74 41 380 120 69
39 37 20 291 74 69 365 155 174
40 35 20 291 74 174 366 144 197
41 36 20 382 0 0 486 91 41
42 36 20 382 91 0 486 182 41
43 39 21 335 182 0 449 224 77
44 40 21 335 155 77 440 229 158
45 38 21 380 0 41 471 104 82
46 43 22 291 74 197 361 149 220
47 41 22 335 155 158 411 228 208
48 41 22 354 0 82 430 73 132
49 42 22 366 0 132 470 91 173
50 44 23 354 0 173 447 67 193
51 44 23 354 0 193 447 67 213
52 45 23 486 0 0 577 104 41
53 47 24 380 104 41 494 146 118
54 46 24 366 91 118 455 145 143
55 48 24 366 91 143 439 141 219
56 50 25 449 182 0 563 224 77
57 50 25 449 182 77 563 224 154
58 49 25 455 91 118 530 161 141
59 51 26 455 91 141 525 166 164
60 52 27 439 91 164 512 167 214
61 54 28 440 167 154 529 213 182
62 54 28 411 167 182 500 213 210
63 53 28 471 0 41 575 91 82
64 53 28 471 0 82 575 91 123
65 55 29 470 0 123 575 81 197
66 56 30 447 0 197 517 75 220
67 57 30 530 104 0 580 177 76
68 58 31 517 0 197 587 75 220
