Utilizacion 68.820723 VolCajasEmpacado 70.048162 Duracion[s] 60.017000 Iteraciones 2255
0 8 0 0 0 0 64 77 57
1 8 0 0 77 0 64 154 57
2 4 0 0 154 0 65 203 39
3 0 0 0 203 0 96 231 52
4 4 0 0 154 39 65 203 78
5 4 0 0 154 78 65 203 117
6 7 0 0 0 57 104 50 137
7 7 0 0 0 137 104 50 217
8 9 0 0 50 57 97 153 84
9 3 0 0 50 84 70 97 123
10 5 0 0 50 123 41 99 193
11 2 0 41 50 123 86 125 159
12 1 0 0 203 52 71 233 104
13 6 0 0 99 159 111 143 201
14 10 1 0 203 104 96 231 156
15 11 1 0 143 117 104 193 197
16 15 1 41 50 159 122 97 193
17 14 1 0 193 156 70 232 203
18 13 1 96 193 0 161 232 49
19 14 1 96 193 49 166 232 96
20 15 1 96 193 96 177 227 143
21 16 1 96 193 143 180 229 169
22 12 1 104 0 0 215 44 42
23 25 2 0 50 193 40 93 219
24 25 2 40 50 193 80 93 219
25 17 2 70 193 169 135 232 218
26 21 2 104 0 42 215 42 86
27 17 2 104 143 0 169 192 39
28 23 2 104 0 86 175 30 138
29 23 2 175 0 86 246 30 138
30 22 2 104 0 138 145 49 208
31 20 2 104 143 39 199 187 115
32 19 2 104 143 115 208 193 195
33 18 2 122 49 0 230 143 51
34 18 2 122 49 51 230 143 102
35 24 2 145 30 102 248 127 129
36 35 3 80 50 193 120 93 219
37 36 3 111 97 129 195 133 155
38 36 3 111 97 155 195 133 181
39 36 3 111 97 181 195 133 207
40 32 3 135 193 169 200 232 218
41 26 3 122 49 129 197 85 174
42 26 3 122 49 174 197 85 219
43 32 3 145 0 138 210 49 177
44 31 3 145 0 177 256 44 219
45 27 3 195 85 129 272 142 193
46 34 3 197 49 129 268 79 181
47 33 3 200 193 0 281 227 47
48 33 3 281 193 0 362 227 47
49 30 3 208 143 0 303 187 76
50 29 3 208 143 76 312 223 126
51 28 3 208 142 126 316 193 220
52 41 4 200 193 126 270 232 173
53 41 4 270 193 126 340 232 173
54 42 4 200 193 173 281 227 220
55 45 4 256 0 0 297 49 70
56 43 4 256 0 70 327 30 122
57 38 4 256 0 122 351 44 198
58 44 4 268 49 0 364 77 52
59 44 4 268 49 52 364 77 104
60 44 4 268 49 104 364 77 156
61 40 4 272 77 0 329 141 77
62 37 4 272 44 156 383 88 198
63 39 4 272 88 77 376 138 157
64 38 4 316 141 0 411 185 76
65 52 5 195 88 193 235 131 219
66 52 5 235 88 193 278 128 219
67 49 5 278 88 157 348 129 206
68 50 5 281 193 173 362 227 220
69 51 5 316 141 76 387 193 106
70 46 5 316 138 106 427 180 150
71 46 5 316 138 150 427 180 194
72 48 5 376 88 0 480 138 80
73 47 5 383 0 0 440 77 64
74 47 5 440 0 0 497 77 64
75 47 5 497 0 0 554 77 64
76 63 6 316 129 194 359 169 220
77 63 6 348 88 157 391 128 183
78 56 6 351 0 64 446 44 140
79 57 6 351 0 140 462 44 182
80 59 6 362 193 0 427 232 49
81 59 6 362 193 49 427 232 98
82 60 6 362 193 98 432 232 145
83 62 6 362 180 145 458 232 173
84 61 6 383 0 182 454 52 212
85 61 6 362 180 173 433 232 203
86 55 6 391 52 80 495 132 130
87 58 6 391 52 130 461 93 179
88 58 6 391 93 130 461 134 179
89 58 6 391 52 179 461 101 220
90 57 6 427 138 0 538 180 44
91 57 6 427 138 44 538 180 88
92 57 6 427 138 88 538 180 132
93 57 6 427 138 132 538 180 176
94 54 6 458 180 0 566 231 94
95 54 6 458 180 94 566 231 188
96 54 6 462 0 64 570 51 158
97 53 6 462 0 158 565 97 185
98 53 6 462 0 185 565 97 212
99 67 7 427 134 176 538 176 220
100 64 7 433 176 188 504 228 218
101 70 7 495 97 0 570 133 45
102 70 7 495 97 45 570 133 90
103 68 7 495 97 90 576 131 137
