Utilizacion 78.112435 VolCajasEmpacado 78.636750 Duracion[s] 60.029000 Iteraciones 943
0 8 0 0 0 0 37 65 72
1 8 0 0 0 72 37 65 144
2 8 0 0 0 144 37 65 216
3 1 0 0 65 0 56 183 22
4 1 0 0 65 22 56 183 44
5 1 0 0 65 44 56 183 66
6 1 0 0 65 66 56 183 88
7 6 0 0 65 88 109 141 130
8 6 0 0 141 88 109 217 130
9 6 0 0 65 130 109 141 172
10 6 0 0 141 130 109 217 172
11 6 0 0 65 172 109 141 214
12 6 0 0 141 172 109 217 214
13 0 0 37 0 0 62 39 48
14 0 0 37 0 48 62 39 96
15 0 0 37 0 96 62 39 144
16 0 0 37 0 144 62 39 192
17 2 0 62 0 0 136 63 61
18 2 0 136 0 0 210 63 61
19 2 0 210 0 0 284 63 61
20 2 0 284 0 0 358 63 61
21 8 0 62 0 61 99 65 133
22 8 0 62 0 133 99 65 205
23 9 0 99 0 61 168 31 89
24 9 0 168 0 61 237 31 89
25 9 0 237 0 61 306 31 89
26 9 0 306 0 61 375 31 89
27 9 0 99 31 61 168 62 89
28 9 0 168 31 61 237 62 89
29 9 0 237 31 61 306 62 89
30 9 0 306 31 61 375 62 89
31 8 0 99 0 89 171 65 126
32 8 0 99 0 126 171 65 163
33 8 0 99 0 163 171 65 200
34 5 0 171 0 89 276 67 132
35 5 0 171 0 132 276 67 175
36 5 0 171 0 175 276 67 218
37 11 0 109 65 0 169 136 25
38 11 0 109 136 0 169 207 25
39 3 0 109 65 25 168 145 131
40 3 0 109 145 25 168 225 131
41 6 0 109 65 131 151 174 207
42 4 0 109 174 131 163 233 215
43 4 0 169 67 0 223 126 84
44 4 0 169 126 0 223 185 84
45 4 0 169 67 84 223 126 168
46 4 0 169 126 84 223 185 168
47 11 0 151 67 168 222 127 193
48 11 0 151 67 193 222 127 218
49 5 0 163 127 168 230 232 211
50 11 0 276 0 89 336 71 114
51 11 0 276 0 114 336 71 139
52 11 0 276 0 139 336 71 164
53 11 0 276 0 164 336 71 189
54 11 0 276 0 189 336 71 214
55 8 0 336 0 89 373 72 154
56 8 0 336 0 154 373 72 219
57 7 0 223 71 0 299 108 67
58 8 0 223 71 67 288 108 139
59 7 0 223 71 139 299 108 206
60 3 0 230 108 0 289 188 106
61 3 0 230 108 106 289 188 212
62 7 0 230 188 0 306 225 67
63 7 0 230 188 67 306 225 134
64 11 0 289 108 0 360 168 25
65 3 0 289 108 25 395 167 105
66 10 0 289 108 105 380 177 131
67 10 0 289 108 131 380 177 157
68 10 0 289 108 157 380 177 183
69 10 0 289 108 183 380 177 209
70 16 1 230 188 134 339 230 210
71 19 1 299 72 0 368 100 31
72 19 1 299 72 31 368 100 62
73 19 1 299 72 62 368 100 93
74 19 1 299 72 93 368 100 124
75 19 1 299 72 124 368 100 155
76 19 1 299 72 155 368 100 186
77 19 1 299 72 186 368 100 217
78 14 1 339 177 0 423 231 59
79 14 1 339 177 59 398 231 143
80 15 1 339 177 143 444 220 210
81 22 1 368 72 0 416 97 39
82 22 1 368 72 39 407 97 87
83 22 1 368 72 87 407 97 135
84 22 1 368 72 135 407 97 183
85 18 1 375 0 0 412 72 65
86 18 1 412 0 0 449 72 65
87 18 1 449 0 0 486 72 65
88 18 1 486 0 0 523 72 65
89 18 1 523 0 0 560 72 65
90 22 1 380 97 105 405 145 144
91 21 1 375 0 65 435 71 90
92 21 1 375 0 90 435 71 115
93 21 1 375 0 115 435 71 140
94 21 1 375 0 140 435 71 165
95 21 1 375 0 165 435 71 190
96 20 1 373 0 190 464 69 216
97 17 1 380 97 144 417 173 211
98 15 1 417 72 0 484 177 43
99 15 1 417 72 43 484 177 86
100 15 1 417 72 86 484 177 129
101 15 1 417 72 129 484 177 172
102 15 1 417 72 172 484 177 215
103 23 1 444 177 0 562 233 22
104 23 1 444 177 22 562 233 44
105 23 1 444 177 44 562 233 66
106 23 1 444 177 66 562 233 88
107 14 1 444 177 88 503 231 172
108 14 1 503 177 88 562 231 172
109 17 1 464 0 65 540 67 102
110 17 1 464 0 102 540 67 139
111 17 1 464 0 139 540 67 176
112 17 1 464 0 176 540 67 213
113 15 1 484 72 0 527 177 67
114 15 1 484 72 67 527 177 134
115 15 1 484 72 134 527 177 201
116 17 1 540 0 65 577 76 132
117 17 1 540 0 132 577 76 199
118 13 1 527 76 0 586 156 106
119 13 1 527 76 106 586 156 212
