Utilizacion 80.076468 VolCajasEmpacado 80.914524 Duracion[s] 60.010000 Iteraciones 2862
0 4 0 0 0 0 120 52 20
1 4 0 0 0 20 120 52 40
2 4 0 0 0 40 120 52 60
3 4 0 0 0 60 120 52 80
4 4 0 0 0 80 120 52 100
5 4 0 0 0 100 120 52 120
6 2 0 0 0 120 54 67 220
7 2 0 54 0 120 108 67 220
8 0 0 0 67 0 91 104 59
9 0 0 0 104 0 91 141 59
10 0 0 0 141 0 91 178 59
11 0 0 0 178 0 91 215 59
12 1 0 0 67 59 54 126 137
13 1 0 0 67 137 54 126 215
14 2 0 0 126 59 67 226 113
15 3 0 0 126 113 112 182 170
16 3 0 91 67 0 203 123 57
17 3 0 91 67 57 203 123 114
18 3 0 91 67 114 203 123 171
19 3 0 112 123 0 224 179 57
20 3 0 112 123 57 224 179 114
21 3 0 112 123 114 224 179 171
22 5 1 54 67 171 174 119 191
23 5 1 54 67 191 174 119 211
24 6 1 0 182 113 91 219 172
25 5 1 54 119 171 174 171 191
26 5 1 54 119 191 174 171 211
27 6 1 0 171 172 91 230 209
28 6 1 91 182 0 182 219 59
29 6 1 91 182 59 182 219 118
30 6 1 91 182 118 182 219 177
31 6 1 91 171 177 182 230 214
32 8 1 120 0 0 220 54 67
33 8 1 120 0 67 220 67 121
34 8 1 120 0 121 220 67 175
35 6 1 108 0 175 199 59 212
36 7 1 182 179 0 260 233 59
37 7 1 182 179 59 260 233 118
38 7 1 182 179 118 260 233 177
39 8 1 203 67 0 303 121 67
40 8 1 203 67 67 303 121 134
41 7 1 203 67 134 262 121 212
42 7 1 220 0 0 274 59 78
43 7 1 274 0 0 328 59 78
44 9 1 220 0 78 332 57 134
45 9 1 220 0 134 332 57 190
46 9 1 224 121 0 336 177 57
47 9 1 224 121 57 336 177 114
48 14 2 199 0 190 319 52 210
49 10 2 262 57 134 316 116 212
50 11 2 224 121 114 336 178 170
51 14 2 224 121 170 344 173 190
52 14 2 224 121 190 344 173 210
53 13 2 182 173 177 273 232 214
54 10 2 273 178 0 351 232 59
55 10 2 273 178 59 351 232 118
56 12 2 273 178 118 340 232 218
57 12 2 316 59 0 383 113 100
58 12 2 383 59 0 450 113 100
59 12 2 450 59 0 517 113 100
60 12 2 517 59 0 584 113 100
61 12 2 316 59 100 383 113 200
62 12 2 383 59 100 450 113 200
63 12 2 450 59 100 517 113 200
64 12 2 517 59 100 584 113 200
65 11 2 332 0 0 444 57 56
66 11 2 444 0 0 556 57 56
67 11 2 332 0 56 444 57 112
68 11 2 332 0 112 444 57 168
69 15 3 316 52 200 436 104 220
70 15 3 436 52 200 556 104 220
71 15 3 332 0 168 452 52 188
72 15 3 332 0 188 452 52 208
73 16 3 452 0 56 543 37 115
74 16 3 452 0 115 543 37 174
75 15 3 452 0 174 572 52 194
76 17 3 344 113 0 398 172 78
77 17 3 398 113 0 452 172 78
78 17 3 452 113 0 506 172 78
79 17 3 506 113 0 560 172 78
80 19 3 344 113 78 456 169 135
81 19 3 456 113 78 568 169 135
82 19 3 344 113 135 456 169 192
83 19 3 456 113 135 568 169 192
84 19 3 351 172 0 463 229 56
85 16 3 351 172 56 442 231 93
86 16 3 351 172 93 442 231 130
87 16 3 351 172 130 442 231 167
88 18 3 463 172 0 563 226 67
89 18 3 463 172 67 563 226 134
90 18 3 463 172 134 563 226 201
