Utilizacion 83.333242 VolCajasEmpacado 85.087660 Duracion[s] 60.006000 Iteraciones 1992
0 6 0 0 0 0 90 67 98
1 6 0 90 0 0 180 67 98
2 6 0 0 0 98 90 67 196
3 6 0 90 0 98 180 67 196
4 2 0 0 67 0 76 144 31
5 2 0 0 144 0 76 221 31
6 1 0 0 67 31 89 143 61
7 1 0 0 143 31 89 219 61
8 1 0 0 67 61 89 143 91
9 1 0 0 143 61 89 219 91
10 1 0 0 67 91 89 143 121
11 1 0 0 143 91 89 219 121
12 7 0 0 67 121 80 149 192
13 7 0 0 149 121 80 231 192
14 0 0 0 67 192 66 104 219
15 0 0 0 104 192 66 141 219
16 0 0 0 141 192 66 178 219
17 4 0 89 67 0 141 154 42
18 4 0 89 67 42 141 154 84
19 4 0 89 67 84 141 154 126
20 4 0 89 67 126 141 154 168
21 4 0 89 67 168 141 154 210
22 3 0 89 154 0 189 192 56
23 3 0 189 154 0 289 192 56
24 3 0 289 154 0 389 192 56
25 3 0 89 192 0 189 230 56
26 3 0 189 192 0 289 230 56
27 3 0 289 192 0 389 230 56
28 2 0 89 154 56 165 231 87
29 2 0 89 154 87 165 231 118
30 5 0 89 154 118 182 221 204
31 5 0 141 67 0 208 153 93
32 5 0 141 67 93 208 153 186
33 5 0 180 0 0 273 67 86
34 4 0 180 0 86 267 52 128
35 7 0 182 153 56 264 233 127
36 7 0 182 153 127 253 233 209
37 8 1 141 67 186 207 104 213
38 8 1 141 104 186 207 141 213
39 13 1 180 0 128 273 67 214
40 12 1 208 67 0 295 119 42
41 13 1 208 67 42 301 134 128
42 13 1 208 67 128 301 134 214
43 15 1 264 134 56 335 214 138
44 15 1 335 134 56 406 214 138
45 15 1 264 134 138 335 214 220
46 15 1 335 134 138 406 214 220
47 14 1 273 0 0 371 67 90
48 14 1 371 0 0 469 67 90
49 14 1 469 0 0 567 67 90
50 14 1 273 0 90 371 67 180
51 14 1 371 0 90 469 67 180
52 14 1 469 0 90 567 67 180
53 11 1 273 0 180 373 56 218
54 13 1 301 67 0 394 134 86
55 13 1 394 67 0 487 134 86
56 13 1 487 67 0 580 134 86
57 12 1 301 67 86 388 119 128
58 11 1 301 67 128 401 123 166
59 11 1 301 67 166 401 123 204
60 11 1 373 0 180 473 56 218
61 14 1 401 67 86 499 134 176
62 12 1 401 67 176 488 119 218
63 15 1 406 134 0 486 216 71
64 15 1 486 134 0 566 216 71
65 10 1 406 134 71 482 211 102
66 10 1 406 134 102 482 211 133
67 10 1 406 134 133 482 211 164
68 10 1 406 134 164 482 211 195
69 11 1 473 0 180 573 56 218
70 12 1 482 134 71 569 176 123
71 12 1 482 176 71 569 218 123
72 12 1 482 134 123 569 176 175
73 12 1 482 176 123 569 218 175
74 11 1 482 134 175 582 190 213
75 13 1 499 67 86 585 134 179
