Utilizacion 81.160978 VolCajasEmpacado 82.306797 Duracion[s] 60.011000 Iteraciones 559
0 6 0 0 0 0 56 45 89
1 6 0 56 0 0 112 45 89
2 6 0 112 0 0 168 45 89
3 6 0 0 45 0 56 90 89
4 6 0 56 45 0 112 90 89
5 6 0 112 45 0 168 90 89
6 6 0 0 90 0 56 135 89
7 6 0 56 90 0 112 135 89
8 6 0 112 90 0 168 135 89
9 6 0 0 135 0 56 180 89
10 6 0 56 135 0 112 180 89
11 6 0 112 135 0 168 180 89
12 6 0 0 180 0 56 225 89
13 6 0 56 180 0 112 225 89
14 6 0 112 180 0 168 225 89
15 5 0 0 0 89 44 98 142
16 5 0 0 98 89 44 196 142
17 5 0 0 0 142 44 98 195
18 5 0 0 98 142 44 196 195
19 0 0 0 0 195 35 54 220
20 0 0 0 54 195 35 108 220
21 0 0 0 108 195 35 162 220
22 0 0 0 162 195 35 216 220
23 3 0 35 196 89 69 233 142
24 3 0 69 196 89 103 233 142
25 3 0 103 196 89 137 233 142
26 3 0 137 196 89 171 233 142
27 3 0 35 196 142 69 233 195
28 3 0 69 196 142 103 233 195
29 3 0 103 196 142 137 233 195
30 3 0 137 196 142 171 233 195
31 7 0 44 0 89 103 54 151
32 7 0 103 0 89 162 54 151
33 7 0 44 0 151 103 54 213
34 7 0 103 0 151 162 54 213
35 7 0 44 54 89 103 116 143
36 7 0 103 54 89 162 116 143
37 7 0 44 54 143 103 116 197
38 7 0 103 54 143 162 116 197
39 0 0 44 116 89 98 141 124
40 0 0 44 116 124 98 141 159
41 0 0 44 116 159 98 141 194
42 0 0 44 116 194 98 151 219
43 0 0 35 151 195 70 205 220
44 6 0 70 151 89 126 196 178
45 1 0 70 151 178 120 180 220
46 0 0 70 180 195 124 215 220
47 1 0 98 116 89 140 145 139
48 0 0 98 116 139 152 141 174
49 3 0 98 116 174 151 150 211
50 6 0 126 150 89 182 195 178
51 2 0 151 116 178 184 189 217
52 0 0 124 189 195 178 224 220
53 1 0 168 0 0 197 50 42
54 1 0 168 50 0 197 100 42
55 1 0 168 0 42 197 50 84
56 1 0 168 50 42 197 100 84
57 1 0 168 0 84 197 50 126
58 1 0 168 50 84 197 100 126
59 1 0 168 0 126 197 50 168
60 1 0 168 50 126 197 100 168
61 1 0 168 0 168 197 50 210
62 1 0 168 50 168 197 100 210
63 4 0 178 195 0 251 233 39
64 4 0 178 195 39 251 233 78
65 4 0 178 195 78 251 233 117
66 4 0 178 195 117 251 233 156
67 4 0 178 195 156 251 233 195
68 1 0 184 100 0 234 129 42
69 1 0 184 100 42 234 129 84
70 1 0 184 100 84 234 129 126
71 1 0 184 100 126 234 129 168
72 1 0 184 100 168 234 129 210
73 7 0 184 129 0 238 188 62
74 7 0 184 129 62 238 188 124
75 2 0 184 129 124 257 162 163
76 2 0 184 162 124 257 195 163
77 2 0 184 129 163 257 162 202
78 2 0 184 162 163 257 195 202
79 2 0 197 0 0 230 73 39
80 2 0 230 0 0 263 73 39
81 2 0 263 0 0 296 73 39
82 2 0 296 0 0 329 73 39
83 2 0 329 0 0 362 73 39
84 2 0 362 0 0 395 73 39
85 2 0 395 0 0 428 73 39
86 2 0 428 0 0 461 73 39
87 2 0 461 0 0 494 73 39
88 4 0 197 0 39 236 73 77
89 3 0 197 0 77 231 37 130
90 6 0 197 0 130 242 56 219
91 3 0 197 56 77 250 90 114
92 4 0 197 56 114 235 95 187
93 6 0 242 0 39 287 56 128
94 4 0 235 90 0 308 128 39
95 5 0 242 0 128 295 98 172
96 5 0 242 0 172 295 98 216
97 4 0 251 195 0 324 233 39
98 4 0 324 195 0 397 233 39
99 4 0 397 195 0 470 233 39
100 4 0 470 195 0 543 233 39
101 4 0 251 195 39 290 233 112
102 5 0 257 98 39 355 151 83
103 5 0 257 98 83 355 151 127
104 5 0 257 98 127 355 151 171
105 5 0 257 98 171 355 151 215
106 5 0 257 151 0 355 195 53
107 5 0 257 151 53 355 195 106
108 5 0 257 151 106 355 195 159
109 5 0 257 151 159 355 204 203
110 9 1 251 204 112 293 233 162
111 9 1 251 204 162 293 233 212
112 9 1 293 204 39 335 233 89
113 9 1 335 204 39 377 233 89
114 9 1 377 204 39 419 233 89
115 9 1 419 204 39 461 233 89
116 9 1 461 204 39 503 233 89
117 9 1 503 204 39 545 233 89
118 9 1 293 204 89 335 233 139
119 9 1 335 204 89 377 233 139
120 9 1 377 204 89 419 233 139
121 9 1 419 204 89 461 233 139
122 9 1 461 204 89 503 233 139
123 9 1 503 204 89 545 233 139
124 8 1 293 204 139 347 229 174
125 8 1 347 204 139 401 229 174
126 8 1 401 204 139 455 229 174
127 8 1 455 204 139 509 229 174
128 8 1 509 204 139 563 229 174
129 8 1 293 204 174 347 229 209
130 8 1 347 204 174 401 229 209
131 8 1 401 204 174 455 229 209
132 8 1 455 204 174 509 229 209
133 8 1 509 204 174 563 229 209
134 13 1 295 0 39 393 53 83
135 13 1 393 0 39 491 53 83
136 13 1 295 0 83 393 53 127
137 13 1 393 0 83 491 53 127
138 13 1 295 0 127 393 53 171
139 13 1 393 0 127 491 53 171
140 13 1 295 0 171 393 53 215
141 13 1 393 0 171 491 53 215
142 11 1 295 53 39 348 87 76
143 11 1 295 53 76 348 87 113
144 11 1 295 53 113 348 87 150
145 11 1 295 53 150 348 87 187
146 10 1 295 53 187 368 92 220
147 11 1 368 53 39 421 90 73
148 11 1 421 53 39 474 90 73
149 11 1 368 53 73 421 90 107
150 11 1 421 53 73 474 90 107
151 11 1 368 53 107 421 90 141
152 11 1 421 53 107 474 90 141
153 11 1 368 53 141 421 90 175
154 11 1 421 53 141 474 90 175
155 11 1 368 53 175 421 90 209
156 11 1 421 53 175 474 90 209
157 11 1 474 53 39 508 90 92
158 15 1 474 53 92 533 107 154
159 15 1 355 92 0 414 154 54
160 15 1 355 92 54 414 154 108
161 15 1 355 92 108 414 154 162
162 15 1 355 92 162 414 154 216
163 12 1 355 154 0 394 192 73
164 12 1 355 154 73 394 192 146
165 12 1 355 154 146 394 192 219
166 12 1 394 154 0 433 192 73
167 12 1 394 154 73 433 192 146
168 12 1 394 154 146 433 192 219
169 15 1 414 90 0 468 152 59
170 15 1 414 90 59 468 152 118
171 15 1 414 90 118 468 152 177
172 12 1 414 90 177 487 129 215
173 8 1 414 129 177 468 154 212
174 10 1 433 154 0 506 193 33
175 11 1 474 53 154 527 90 188
176 10 1 433 154 33 506 193 66
177 10 1 433 154 66 506 193 99
178 10 1 433 154 99 506 193 132
179 10 1 433 154 132 506 193 165
180 10 1 433 154 165 506 193 198
181 8 1 468 129 0 522 154 35
182 8 1 468 129 35 522 154 70
183 8 1 468 129 70 522 154 105
184 8 1 468 129 105 522 154 140
185 8 1 468 129 140 522 154 175
186 8 1 468 129 175 522 154 210
187 8 1 474 53 188 528 88 213
188 11 1 487 90 154 524 124 207
189 14 1 494 0 0 583 45 56
190 14 1 491 0 56 547 45 145
191 14 1 491 0 145 580 45 201
192 10 1 506 154 0 579 193 33
193 10 1 506 154 33 579 187 72
194 14 1 506 154 72 562 199 161
195 10 1 506 154 161 579 187 200
196 8 1 522 124 0 576 149 35
197 14 1 524 107 35 580 152 124
198 14 1 524 107 124 580 152 213
199 15 1 533 45 0 587 104 62
200 15 1 533 45 62 587 104 124
201 15 1 533 45 124 587 104 186
