Utilizacion 74.425297 VolCajasEmpacado 75.414579 Duracion[s] 60.007000 Iteraciones 5161
0 5 0 0 0 0 111 80 68
1 5 0 111 0 0 222 80 68
2 5 0 222 0 0 333 80 68
3 5 0 333 0 0 444 80 68
4 0 0 0 80 0 39 200 60
5 3 0 0 0 68 90 55 146
6 4 0 0 0 146 70 59 217
7 6 0 0 59 68 100 96 112
8 2 0 0 59 112 83 102 183
9 1 0 0 102 60 42 167 117
10 14 1 0 59 183 100 103 220
11 7 1 0 103 117 78 187 168
12 7 1 0 103 168 78 187 219
13 10 1 90 0 68 161 59 138
14 10 1 90 0 138 161 59 208
15 12 1 39 187 0 124 228 58
16 13 1 39 187 58 159 226 118
17 11 1 78 103 0 168 181 55
18 9 1 161 0 68 241 68 179
19 8 1 241 0 68 314 73 177
20 23 2 0 187 118 100 224 162
21 22 2 0 187 162 85 228 220
22 17 2 78 103 55 146 183 166
23 19 2 78 103 166 151 161 218
24 20 2 100 183 118 169 233 199
25 17 2 168 80 0 236 160 111
26 16 2 151 73 111 224 146 220
27 17 2 169 160 0 249 228 111
28 18 2 236 80 0 295 151 70
29 21 2 241 0 177 306 57 219
30 19 2 236 73 70 288 146 128
31 15 2 224 73 128 308 151 179
32 28 3 169 151 111 209 224 160
33 24 3 169 151 160 221 224 218
34 25 3 221 151 111 264 222 194
35 27 3 224 57 179 282 142 220
36 26 3 314 0 68 356 57 133
37 26 3 314 0 133 356 57 198
38 29 3 264 151 0 384 190 60
39 30 4 264 190 0 337 230 49
40 31 4 264 151 60 348 229 111
41 32 4 264 151 111 317 221 182
42 34 4 308 80 0 388 148 111
43 33 4 308 73 111 367 144 181
44 35 5 264 142 182 364 186 219
45 40 5 282 57 181 375 135 214
46 41 5 317 186 111 374 228 176
47 39 5 356 0 68 441 41 126
48 38 5 356 0 126 437 50 195
49 36 5 384 148 0 457 221 109
50 36 5 384 148 109 457 221 218
51 37 5 388 80 0 499 148 80
52 42 6 388 50 80 466 143 113
53 44 6 375 50 113 424 123 153
54 44 6 375 50 153 424 123 193
55 46 6 424 50 113 495 133 156
56 47 6 424 50 156 502 134 207
57 44 6 444 0 0 517 49 40
58 43 6 444 0 40 564 39 100
59 43 6 444 0 100 564 39 160
60 43 6 444 0 160 564 39 220
61 48 6 457 148 0 512 226 90
62 45 6 457 143 90 515 228 131
63 49 7 457 134 131 527 193 202
64 55 7 457 193 131 506 233 204
65 53 7 502 49 0 571 130 50
66 53 7 502 49 50 571 130 100
67 55 7 502 39 100 575 79 149
68 54 7 502 39 149 587 97 190
69 58 7 527 130 0 569 187 65
70 49 7 527 130 65 586 201 135
71 52 7 527 97 135 582 187 213
