Utilizacion 85.871337 VolCajasEmpacado 86.091745 Duracion[s] 60.002000 Iteraciones 3708
0 3 0 0 0 0 82 57 100
1 3 0 82 0 0 164 57 100
2 3 0 0 57 0 82 114 100
3 3 0 82 57 0 164 114 100
4 3 0 0 114 0 82 171 100
5 3 0 82 114 0 164 171 100
6 3 0 0 171 0 82 228 100
7 3 0 82 171 0 164 228 100
8 3 0 0 0 100 82 57 200
9 3 0 82 0 100 164 57 200
10 3 0 0 57 100 82 114 200
11 3 0 82 57 100 164 114 200
12 3 0 0 114 100 82 171 200
13 3 0 82 114 100 164 171 200
14 3 0 0 171 100 82 228 200
15 3 0 82 171 100 164 228 200
16 0 0 0 0 200 53 68 220
17 0 0 53 0 200 106 68 220
18 0 0 106 0 200 159 68 220
19 0 0 0 68 200 53 136 220
20 0 0 53 68 200 106 136 220
21 0 0 106 68 200 159 136 220
22 0 0 0 136 200 53 204 220
23 0 0 53 136 200 106 204 220
24 0 0 106 136 200 159 204 220
25 4 0 164 0 0 279 58 90
26 4 0 164 58 0 279 116 90
27 4 0 164 116 0 279 174 90
28 4 0 164 174 0 279 232 90
29 4 0 164 0 90 279 58 180
30 4 0 164 58 90 279 116 180
31 4 0 164 116 90 279 174 180
32 4 0 164 174 90 279 232 180
33 0 0 164 0 180 217 68 200
34 0 0 164 0 200 217 68 220
35 0 0 164 68 180 217 136 200
36 0 0 164 68 200 217 136 220
37 1 0 164 136 180 242 205 217
38 0 0 217 0 180 285 53 200
39 0 0 217 0 200 285 53 220
40 1 0 217 53 180 286 131 217
41 1 0 242 131 180 311 209 217
42 1 0 285 0 0 363 37 69
43 1 0 363 0 0 441 37 69
44 1 0 441 0 0 519 37 69
45 1 0 285 0 69 363 37 138
46 1 0 363 0 69 441 37 138
47 1 0 441 0 69 519 37 138
48 1 0 285 0 138 363 37 207
49 1 0 363 0 138 441 37 207
50 1 0 441 0 138 519 37 207
51 4 0 286 37 0 401 127 58
52 4 0 401 37 0 516 127 58
53 4 0 286 37 58 401 127 116
54 4 0 401 37 58 516 127 116
55 3 0 286 37 116 386 119 173
56 3 0 386 37 116 486 119 173
57 2 0 286 37 173 405 108 220
58 2 0 405 37 173 524 108 220
59 2 0 311 127 0 430 174 71
60 2 0 311 174 0 430 221 71
61 2 0 311 127 71 430 174 142
62 2 0 311 174 71 430 221 142
63 2 0 311 127 142 430 174 213
64 2 0 311 174 142 430 221 213
65 2 0 430 127 0 549 174 71
66 2 0 430 174 0 549 221 71
67 2 0 430 127 71 549 174 142
68 2 0 430 174 71 549 221 142
69 2 0 430 127 142 549 174 213
70 2 0 430 174 142 549 221 213
71 2 0 524 0 0 571 119 71
72 2 0 524 0 71 571 119 142
73 2 0 524 0 142 571 119 213
