Utilizacion 73.848314 VolCajasEmpacado 75.072860 Duracion[s] 60.015000 Iteraciones 1887
0 8 0 0 0 0 84 85 30
1 8 0 0 85 0 84 170 30
2 3 0 0 170 0 97 232 67
3 8 0 0 0 30 84 85 60
4 8 0 0 85 30 84 170 60
5 12 0 0 0 60 94 81 104
6 12 0 0 81 60 94 162 104
7 11 0 0 0 104 26 95 131
8 11 0 0 0 131 26 95 158
9 11 0 0 0 158 26 95 185
10 11 0 0 0 185 26 95 212
11 4 0 0 95 104 81 187 159
12 4 0 0 95 159 81 187 214
13 6 0 0 187 67 98 233 139
14 0 0 0 187 139 110 230 164
15 0 0 0 187 164 110 230 189
16 0 0 0 187 189 110 230 214
17 7 0 26 0 104 92 95 135
18 1 0 26 0 135 60 25 171
19 1 0 26 25 135 60 50 171
20 10 0 26 0 171 54 81 204
21 2 0 94 0 0 214 73 99
22 2 0 94 0 99 214 73 198
23 3 0 94 73 0 161 170 62
24 0 0 94 73 62 204 116 87
25 9 0 94 73 87 202 149 117
26 9 0 94 73 117 202 149 147
27 9 0 94 73 147 202 149 177
28 9 0 94 73 177 202 149 207
29 5 0 110 170 0 221 218 70
30 24 1 81 149 104 106 172 137
31 23 1 81 149 137 117 183 162
32 23 1 81 149 162 117 183 187
33 17 1 110 183 70 208 229 142
34 20 1 110 183 142 191 211 175
35 22 1 110 183 175 220 208 218
36 21 1 202 116 0 297 143 26
37 21 1 202 143 0 297 170 26
38 20 1 202 116 26 283 144 59
39 20 1 202 116 59 283 144 92
40 20 1 202 116 92 283 144 125
41 20 1 202 116 125 283 144 158
42 22 1 202 144 26 312 169 69
43 22 1 202 144 69 312 169 112
44 22 1 202 144 112 312 169 155
45 13 1 202 73 158 278 181 188
46 13 1 202 73 188 278 181 218
47 14 1 214 0 0 334 73 99
48 15 1 214 0 99 276 67 196
49 15 1 276 0 99 338 67 196
50 16 1 278 170 0 359 225 92
51 18 1 297 73 0 392 139 31
52 18 1 297 73 31 392 139 62
53 19 1 312 73 62 397 157 92
54 13 1 359 157 0 467 233 30
55 13 1 359 157 30 467 233 60
56 13 1 359 157 60 467 233 90
57 34 2 214 0 196 239 33 219
58 34 2 214 33 196 239 66 219
59 32 2 191 208 142 225 233 178
60 34 2 239 0 196 264 33 219
61 32 2 278 144 155 312 169 191
62 26 2 225 181 92 336 229 162
63 30 2 220 181 162 315 208 188
64 33 2 220 181 188 291 206 220
65 31 2 225 208 162 335 233 205
66 26 2 283 73 92 394 143 140
67 26 2 283 73 140 394 143 188
68 29 2 278 67 188 373 133 219
69 25 2 336 143 92 417 198 184
70 35 2 335 143 184 419 228 214
71 25 2 338 0 0 430 55 81
72 27 2 338 0 81 436 46 153
73 28 2 397 55 0 491 99 81
74 28 2 397 99 0 491 143 81
75 48 3 239 33 196 264 66 219
76 43 3 338 0 153 419 28 186
77 43 3 338 0 186 419 28 219
78 44 3 373 28 188 399 123 215
79 46 3 338 28 153 372 64 178
80 46 3 338 28 178 372 64 203
81 44 3 399 46 81 494 73 107
82 39 3 399 73 81 510 143 129
83 39 3 399 73 129 510 143 177
84 45 3 399 28 177 424 138 220
85 40 3 419 143 90 513 224 134
86 40 3 419 143 134 513 224 178
87 41 3 419 138 178 485 233 209
88 47 3 424 46 107 495 71 139
89 36 3 436 0 0 534 46 72
90 36 3 436 0 72 534 46 144
91 36 3 436 0 144 534 46 216
92 42 3 424 46 177 508 131 207
93 38 3 510 46 0 572 113 97
94 38 3 510 46 97 572 113 194
95 39 3 513 113 0 561 224 70
96 37 3 513 113 70 586 233 169
97 41 3 513 113 169 579 208 200
