Utilizacion 83.508266 VolCajasEmpacado 88.382457 Duracion[s] 60.031000 Iteraciones 1616
0 8 0 0 0 0 72 115 64
1 8 0 72 0 0 144 115 64
2 8 0 144 0 0 216 115 64
3 8 0 216 0 0 288 115 64
4 8 0 288 0 0 360 115 64
5 8 0 360 0 0 432 115 64
6 8 0 432 0 0 504 115 64
7 8 0 504 0 0 576 115 64
8 8 0 0 0 64 72 115 128
9 8 0 72 0 64 144 115 128
10 8 0 144 0 64 216 115 128
11 8 0 216 0 64 288 115 128
12 8 0 288 0 64 360 115 128
13 8 0 360 0 64 432 115 128
14 8 0 432 0 64 504 115 128
15 8 0 504 0 64 576 115 128
16 9 0 0 115 0 80 233 93
17 9 0 80 115 0 160 233 93
18 9 0 160 115 0 240 233 93
19 9 0 240 115 0 320 233 93
20 9 0 320 115 0 400 233 93
21 9 0 400 115 0 480 233 93
22 9 0 480 115 0 560 233 93
23 6 0 0 0 128 96 97 174
24 6 0 0 0 174 96 97 220
25 2 0 0 97 128 95 122 171
26 2 0 0 97 171 95 122 214
27 2 0 95 97 128 190 122 171
28 2 0 95 97 171 190 122 214
29 6 0 0 122 93 97 218 139
30 6 0 97 122 93 194 218 139
31 6 0 194 122 93 291 218 139
32 6 0 291 122 93 388 218 139
33 6 0 388 122 93 485 218 139
34 3 0 0 122 139 77 171 164
35 3 0 0 171 139 77 220 164
36 3 0 0 122 164 77 171 189
37 3 0 0 171 164 77 220 189
38 3 0 0 122 189 77 171 214
39 3 0 0 171 189 77 220 214
40 0 0 77 122 139 99 159 179
41 0 0 77 159 139 99 196 179
42 0 0 77 196 139 99 233 179
43 0 0 77 122 179 99 159 219
44 0 0 77 159 179 99 196 219
45 0 0 77 196 179 99 233 219
46 2 0 96 0 128 139 95 153
47 0 0 96 0 153 133 40 175
48 5 0 96 40 153 137 96 200
49 7 0 99 122 139 155 173 188
50 7 0 99 173 139 155 224 188
51 4 0 99 122 188 189 191 216
52 5 0 139 0 128 195 47 169
53 5 0 195 0 128 251 47 169
54 5 0 251 0 128 307 47 169
55 5 0 307 0 128 363 47 169
56 5 0 363 0 128 419 47 169
57 5 0 139 47 128 195 94 169
58 5 0 195 47 128 251 94 169
59 5 0 251 47 128 307 94 169
60 5 0 307 47 128 363 94 169
61 5 0 363 47 128 419 94 169
62 3 0 133 0 169 210 25 218
63 2 0 137 25 169 232 50 212
64 2 0 137 50 169 232 93 194
65 2 0 137 50 194 232 93 219
66 3 0 155 191 139 232 216 188
67 7 0 189 122 139 238 173 195
68 1 0 189 122 195 273 203 218
69 7 0 232 0 169 283 56 218
70 7 0 232 56 169 288 105 220
71 7 0 273 105 139 322 161 190
72 7 0 273 161 139 322 217 190
73 1 0 273 105 190 357 186 213
74 7 0 283 0 169 339 49 220
75 1 0 339 0 169 423 81 192
76 1 0 339 0 192 423 81 215
77 9 0 357 94 139 475 187 219
78 9 0 423 0 128 541 93 208
79 8 0 485 115 93 549 230 165
80 1 0 475 93 165 559 174 188
81 1 0 475 93 188 559 174 211
