Utilizacion 81.713608 VolCajasEmpacado 82.501054 Duracion[s] 60.054000 Iteraciones 939
0 12 0 0 0 0 70 58 85
1 12 0 0 58 0 70 116 85
2 12 0 0 116 0 70 174 85
3 12 0 0 174 0 70 232 85
4 7 0 0 0 85 62 70 125
5 7 0 0 0 125 62 70 165
6 7 0 0 0 165 62 70 205
7 13 0 0 70 85 62 129 151
8 13 0 0 129 85 62 188 151
9 13 0 0 70 151 62 129 217
10 13 0 0 129 151 62 188 217
11 4 0 0 188 85 108 226 144
12 2 0 0 188 144 94 224 195
13 9 0 70 0 0 184 100 45
14 9 0 184 0 0 298 100 45
15 9 0 298 0 0 412 100 45
16 9 0 412 0 0 526 100 45
17 9 0 70 0 45 184 100 90
18 9 0 184 0 45 298 100 90
19 9 0 298 0 45 412 100 90
20 9 0 412 0 45 526 100 90
21 2 0 62 0 90 156 36 141
22 2 0 62 36 90 156 72 141
23 2 0 62 72 90 156 108 141
24 2 0 62 0 141 156 36 192
25 2 0 62 36 141 156 72 192
26 2 0 62 72 141 156 108 192
27 0 0 62 0 192 94 56 220
28 0 0 94 0 192 126 56 220
29 0 0 126 0 192 158 56 220
30 0 0 62 56 192 94 112 220
31 0 0 94 56 192 126 112 220
32 0 0 126 56 192 158 112 220
33 4 0 70 112 0 178 150 59
34 4 0 70 150 0 178 188 59
35 4 0 70 112 59 178 150 118
36 4 0 70 150 59 178 188 118
37 4 0 70 112 118 178 150 177
38 4 0 70 150 118 178 188 177
39 3 0 62 112 177 115 173 214
40 3 0 115 112 177 168 173 214
41 14 0 158 0 90 247 82 151
42 14 0 247 0 90 336 82 151
43 14 0 336 0 90 425 82 151
44 14 0 425 0 90 514 82 151
45 14 0 158 0 151 247 82 212
46 14 0 247 0 151 336 82 212
47 14 0 336 0 151 425 82 212
48 14 0 425 0 151 514 82 212
49 8 0 108 188 0 179 231 81
50 7 0 108 188 81 178 228 143
51 7 0 108 188 143 178 228 205
52 2 0 178 82 90 272 118 141
53 2 0 178 82 141 272 118 192
54 5 0 178 118 0 270 186 39
55 5 0 178 118 39 270 186 78
56 5 0 178 118 78 270 186 117
57 5 0 178 118 117 270 186 156
58 5 0 178 118 156 270 186 195
59 4 0 179 186 0 287 224 59
60 4 0 179 186 59 287 224 118
61 8 0 178 186 118 249 229 199
62 8 0 249 186 118 320 229 199
63 13 0 270 118 0 332 184 59
64 13 0 270 118 59 332 184 118
65 3 0 270 118 118 323 179 155
66 3 0 270 118 155 323 179 192
67 10 0 320 184 0 437 233 87
68 10 0 437 184 0 554 233 87
69 10 0 320 184 87 437 233 174
70 10 0 437 184 87 554 233 174
71 3 0 320 179 174 381 232 211
72 12 0 332 100 0 417 170 58
73 12 0 417 100 0 502 170 58
74 12 0 502 100 0 587 170 58
75 11 0 332 100 58 384 173 112
76 11 0 332 100 112 384 173 166
77 11 0 332 100 166 384 173 220
78 8 0 384 100 58 455 181 101
79 8 0 384 100 101 455 181 144
80 8 0 384 100 144 455 181 187
81 1 0 384 82 187 474 168 216
82 11 0 474 100 58 547 152 112
83 6 0 474 82 112 585 180 151
84 6 0 474 82 151 585 180 190
85 1 0 474 82 190 564 168 219
86 8 0 526 0 0 569 81 71
87 8 0 526 0 71 569 81 142
88 8 0 526 0 142 569 81 213
