Utilizacion 75.466496 VolCajasEmpacado 77.814016 Duracion[s] 60.010000 Iteraciones 3312
0 2 0 0 0 0 78 109 92
1 2 0 0 109 0 78 218 92
2 0 0 0 0 92 35 54 150
3 0 0 0 0 150 35 54 208
4 8 0 0 54 92 44 98 132
5 7 0 0 54 132 65 114 172
6 7 0 0 54 172 65 114 212
7 10 0 0 114 92 95 206 138
8 1 0 0 114 138 87 233 166
9 5 0 0 114 166 65 185 218
10 0 0 0 185 166 58 220 220
11 5 0 35 0 92 106 52 157
12 7 0 35 0 157 100 40 217
13 9 0 78 52 0 148 87 69
14 4 0 78 52 69 181 114 128
15 6 0 65 52 128 110 107 217
16 2 0 95 114 0 187 223 78
17 3 0 95 114 78 159 212 151
18 5 0 87 107 151 152 178 203
19 19 1 58 185 166 116 220 220
20 17 1 106 0 0 146 44 44
21 11 1 106 0 44 177 52 109
22 11 1 106 0 109 177 52 174
23 18 1 110 52 128 180 87 197
24 16 1 116 178 151 176 218 216
25 16 1 159 114 78 199 174 143
26 11 1 159 87 143 211 152 214
27 12 1 181 0 0 273 78 109
28 12 1 181 0 109 273 78 218
29 14 1 187 174 0 290 233 62
30 14 1 187 174 62 249 233 165
31 15 1 211 78 0 330 139 58
32 12 1 211 78 58 289 170 167
33 14 1 249 170 62 308 232 165
34 13 1 273 0 0 337 73 98
35 15 1 273 0 98 392 58 159
36 24 2 211 78 167 300 133 212
37 24 2 211 133 167 300 188 212
38 26 2 176 170 165 211 228 219
39 25 2 211 188 165 251 232 209
40 25 2 251 188 165 295 228 209
41 22 2 273 0 159 376 62 218
42 22 2 300 73 58 359 135 161
43 23 2 300 62 161 392 157 207
44 21 2 308 157 0 372 230 98
45 21 2 308 157 98 372 230 196
46 27 2 372 157 0 491 218 58
47 25 2 372 157 58 412 201 102
48 20 2 392 0 0 484 109 78
49 23 2 392 0 78 484 95 124
50 29 3 392 0 124 470 109 216
51 31 3 372 157 102 437 228 154
52 33 3 372 157 154 412 217 219
53 29 3 437 109 58 529 218 136
54 29 3 437 109 136 529 218 214
55 34 3 392 109 0 436 149 44
56 28 3 484 0 0 582 64 73
57 28 3 484 0 73 582 64 146
58 28 3 484 0 146 582 64 219
59 32 3 484 64 0 573 109 55
60 32 3 484 64 55 573 109 110
61 32 3 484 64 110 573 109 165
62 35 3 470 64 165 528 99 219
63 30 3 529 109 0 587 228 61
64 30 3 529 109 61 587 228 122
65 30 3 529 109 122 587 228 183
