Utilizacion 77.726289 VolCajasEmpacado 78.658399 Duracion[s] 60.088000 Iteraciones 868
0 8 0 0 0 0 67 105 43
1 8 0 0 0 43 67 105 86
2 8 0 0 0 86 67 105 129
3 8 0 0 0 129 67 105 172
4 8 0 0 0 172 67 105 215
5 10 0 0 105 0 72 168 42
6 10 0 0 168 0 72 231 42
7 0 0 0 105 42 56 223 64
8 0 0 0 105 64 56 223 86
9 0 0 0 105 86 56 223 108
10 0 0 0 105 108 56 223 130
11 7 0 0 105 130 59 159 214
12 7 0 0 159 130 59 213 214
13 18 0 59 105 42 84 153 81
14 18 0 59 105 81 84 153 120
15 18 0 59 105 120 84 153 159
16 18 0 59 105 159 84 153 198
17 16 0 59 153 42 85 224 74
18 11 0 59 153 74 96 218 146
19 11 0 59 153 146 96 218 218
20 5 0 67 0 0 126 80 106
21 5 0 67 0 106 126 80 212
22 12 0 84 80 0 116 132 32
23 12 0 84 80 32 116 132 64
24 12 0 84 80 64 116 132 96
25 12 0 84 80 96 116 132 128
26 12 0 84 80 128 116 132 160
27 12 0 84 80 160 116 132 192
28 14 0 84 80 192 115 149 220
29 5 0 96 149 0 202 229 59
30 2 0 96 149 59 187 215 138
31 2 0 96 149 138 187 215 217
32 4 0 116 80 0 190 140 74
33 13 0 116 80 74 146 145 127
34 6 0 116 80 127 170 143 210
35 5 0 126 0 0 185 80 106
36 5 0 126 0 106 185 80 212
37 13 0 170 80 74 200 145 127
38 13 0 170 80 127 200 145 180
39 14 0 170 80 180 198 149 211
40 13 0 187 149 59 217 214 112
41 19 0 185 0 0 261 37 67
42 19 0 185 37 0 261 74 67
43 19 0 185 0 67 261 37 134
44 19 0 185 37 67 261 74 134
45 1 0 185 0 134 270 78 154
46 1 0 185 0 154 270 78 174
47 1 0 185 0 174 270 78 194
48 1 0 185 0 194 270 78 214
49 6 0 187 149 112 241 232 175
50 19 0 187 149 175 254 225 212
51 17 0 200 78 0 260 149 25
52 17 0 200 78 25 260 149 50
53 17 0 200 78 50 260 149 75
54 17 0 200 78 75 260 149 100
55 17 0 200 78 100 260 149 125
56 17 0 200 78 125 260 149 150
57 15 0 200 78 150 291 147 176
58 15 0 200 78 176 291 147 202
59 9 0 254 149 0 363 191 76
60 9 0 254 191 0 363 233 76
61 2 0 254 149 76 320 228 167
62 15 0 254 147 167 345 216 193
63 15 0 254 147 193 345 216 219
64 4 0 270 0 0 344 74 60
65 2 0 270 0 60 361 66 139
66 2 0 270 0 139 361 66 218
67 14 0 291 74 0 360 105 28
68 6 0 291 74 28 354 128 111
69 3 0 291 66 111 352 140 174
70 21 1 291 66 174 354 138 216
71 37 1 345 140 76 370 188 115
72 37 1 345 140 115 370 188 154
73 33 1 345 140 154 373 209 185
74 33 1 345 140 185 373 209 216
75 31 1 354 105 0 386 137 52
76 31 1 354 105 52 386 137 104
77 33 1 360 66 0 429 94 31
78 33 1 360 66 31 429 94 62
79 33 1 360 66 62 429 94 93
80 33 1 360 66 93 429 94 124
81 21 1 354 94 104 417 136 176
82 35 1 354 66 176 386 137 202
83 35 1 386 66 176 418 137 202
84 27 1 361 0 0 435 60 74
85 27 1 435 0 0 509 60 74
86 27 1 509 0 0 583 60 74
87 27 1 361 0 74 435 60 148
88 27 1 435 0 74 509 60 148
89 27 1 509 0 74 583 60 148
90 30 1 361 0 148 426 37 220
91 30 1 426 0 148 491 37 220
92 35 1 361 37 148 432 63 180
93 21 1 373 137 0 436 179 72
94 21 1 373 179 0 436 221 72
95 20 1 373 137 72 449 204 109
96 23 1 432 37 148 537 80 215
97 32 1 491 0 148 556 30 201
98 32 1 556 0 148 586 65 201
99 25 1 373 137 109 456 191 172
100 20 1 373 137 172 449 204 209
101 22 1 418 94 0 527 136 76
102 22 1 418 94 76 527 136 152
103 20 1 418 80 152 494 117 219
104 22 1 449 191 0 558 233 76
105 22 1 449 191 76 558 233 152
106 32 1 449 191 152 514 221 205
107 24 1 456 136 0 540 190 59
108 24 1 456 136 59 540 190 118
109 25 1 456 136 118 519 190 201
110 22 1 540 65 0 582 174 76
111 23 1 540 65 76 583 170 143
112 27 1 527 80 143 587 154 217
113 28 1 519 154 152 580 228 215
