Utilizacion 74.689527 VolCajasEmpacado 75.871440 Duracion[s] 60.066000 Iteraciones 813
0 8 0 0 0 0 44 117 38
1 8 0 0 0 38 44 117 76
2 8 0 0 0 76 44 117 114
3 6 0 0 0 114 46 51 158
4 6 0 0 51 114 46 102 158
5 6 0 0 0 158 46 51 202
6 6 0 0 51 158 46 102 202
7 16 0 0 102 114 49 131 149
8 16 0 0 102 149 49 131 184
9 16 0 0 102 184 49 131 219
10 5 0 0 131 0 92 226 47
11 5 0 92 131 0 184 226 47
12 5 0 184 131 0 276 226 47
13 5 0 276 131 0 368 226 47
14 5 0 368 131 0 460 226 47
15 6 0 0 131 47 44 177 98
16 6 0 0 177 47 44 223 98
17 18 0 0 131 98 65 223 121
18 18 0 0 131 121 65 223 144
19 18 0 0 131 144 65 223 167
20 11 0 0 131 167 51 163 204
21 11 0 0 163 167 51 195 204
22 11 0 0 195 167 51 227 204
23 3 0 46 0 0 149 89 73
24 3 0 46 0 73 149 89 146
25 3 0 46 0 146 149 89 219
26 0 0 49 89 0 165 128 23
27 0 0 49 89 23 165 128 46
28 0 0 49 89 46 165 128 69
29 0 0 49 89 69 165 128 92
30 13 0 49 89 92 155 127 122
31 13 0 49 89 122 155 127 152
32 13 0 49 89 152 155 127 182
33 13 0 49 89 182 155 127 212
34 4 0 65 128 47 119 201 102
35 13 0 65 127 102 95 233 140
36 9 0 65 127 140 122 162 175
37 9 0 65 162 140 122 197 175
38 9 0 65 127 175 122 162 210
39 9 0 65 162 175 122 197 210
40 15 0 95 201 47 204 230 89
41 19 0 95 201 89 195 233 129
42 19 0 95 201 129 195 233 169
43 19 0 95 201 169 195 233 209
44 4 0 122 128 47 176 201 102
45 4 0 122 128 102 176 201 157
46 6 0 122 127 157 168 171 208
47 10 0 149 0 0 260 88 32
48 10 0 149 0 32 260 88 64
49 10 0 149 0 64 260 88 96
50 1 0 149 0 96 197 62 118
51 1 0 149 0 118 197 62 140
52 1 0 149 0 140 197 62 162
53 1 0 149 0 162 197 62 184
54 17 0 149 0 184 236 53 210
55 14 0 155 62 96 267 94 126
56 14 0 155 62 126 267 94 156
57 14 0 155 62 156 267 94 186
58 14 0 155 62 186 267 94 216
59 15 0 165 94 0 274 123 42
60 15 0 274 94 0 383 123 42
61 14 0 165 94 42 277 126 72
62 17 0 176 94 72 263 147 98
63 17 0 176 147 47 263 200 73
64 12 0 176 94 98 266 188 128
65 12 0 176 94 128 266 188 158
66 12 0 176 94 158 266 188 188
67 12 0 176 94 188 266 188 218
68 12 0 266 126 47 356 220 77
69 7 0 266 94 77 364 210 117
70 2 0 266 94 117 341 169 197
71 38 1 266 94 197 382 133 220
72 37 1 266 133 197 358 198 220
73 22 1 236 0 96 271 57 131
74 22 1 236 0 131 271 57 166
75 22 1 236 0 166 271 57 201
76 38 1 356 210 47 472 233 86
77 38 1 356 210 86 472 233 125
78 38 1 356 210 125 472 233 164
79 38 1 356 210 164 472 233 203
80 22 1 267 57 0 302 92 57
81 22 1 267 57 57 302 92 114
82 30 1 267 57 114 318 94 146
83 30 1 267 57 146 318 94 178
84 35 1 267 57 178 316 92 207
85 36 1 271 0 0 358 53 26
86 36 1 358 0 0 445 53 26
87 36 1 445 0 0 532 53 26
88 23 1 271 0 26 388 44 64
89 23 1 271 0 64 388 44 102
90 23 1 271 0 102 388 44 140
91 23 1 271 0 140 388 44 178
92 23 1 271 0 178 388 44 216
93 20 1 318 53 0 418 93 32
94 20 1 318 53 32 418 93 64
95 20 1 318 53 64 418 93 96
96 20 1 318 53 96 418 93 128
97 20 1 318 53 128 418 93 160
98 35 1 318 44 160 353 73 209
99 35 1 353 44 160 388 73 209
100 35 1 388 44 160 423 73 209
101 27 1 364 133 47 419 206 101
102 27 1 364 133 101 419 206 155
103 27 1 364 133 155 419 206 209
104 32 1 383 93 0 489 123 38
105 32 1 383 93 38 489 123 76
106 32 1 383 93 76 489 123 114
107 32 1 383 93 114 489 123 152
108 33 1 382 93 152 494 125 182
109 33 1 382 93 182 494 125 212
110 29 1 419 125 47 499 200 122
111 29 1 419 125 122 499 200 197
112 39 1 419 125 197 467 187 219
113 25 1 388 0 26 434 44 77
114 25 1 388 0 77 434 44 128
115 31 1 434 0 26 528 90 56
116 31 1 434 0 56 528 90 86
117 34 1 423 44 86 532 86 115
118 34 1 423 44 115 532 86 144
119 34 1 423 44 144 532 86 173
120 26 1 423 0 173 518 92 220
121 33 1 472 200 0 584 232 30
122 28 1 499 92 0 572 195 89
123 28 1 499 92 89 572 195 178
124 21 1 499 92 178 587 203 210
125 27 1 532 0 0 586 55 73
126 36 1 532 0 73 585 87 99
127 36 1 532 0 99 585 87 125
