Utilizacion 85.071476 VolCajasEmpacado 87.339821 Duracion[s] 60.009000 Iteraciones 3026
0 2 0 0 0 0 55 84 58
1 2 0 55 0 0 110 84 58
2 2 0 0 84 0 55 168 58
3 2 0 55 84 0 110 168 58
4 2 0 0 0 58 55 84 116
5 2 0 55 0 58 110 84 116
6 2 0 0 84 58 55 168 116
7 2 0 55 84 58 110 168 116
8 2 0 0 0 116 55 84 174
9 2 0 55 0 116 110 84 174
10 2 0 0 84 116 55 168 174
11 2 0 55 84 116 110 168 174
12 3 0 0 168 0 68 232 109
13 3 0 0 168 109 68 232 218
14 0 0 0 0 174 96 83 198
15 0 0 0 83 174 96 166 198
16 3 0 68 168 0 177 232 68
17 3 0 68 168 68 177 232 136
18 3 0 68 168 136 177 232 204
19 4 0 110 0 0 217 70 73
20 4 0 217 0 0 324 70 73
21 4 0 110 70 0 217 140 73
22 4 0 217 70 0 324 140 73
23 4 0 110 0 73 217 70 146
24 4 0 217 0 73 324 70 146
25 4 0 110 70 73 217 140 146
26 4 0 217 70 73 324 140 146
27 4 0 110 0 146 217 70 219
28 4 0 217 0 146 324 70 219
29 4 0 110 70 146 217 140 219
30 4 0 217 70 146 324 140 219
31 2 0 177 140 0 232 224 58
32 0 0 177 140 58 273 223 82
33 1 0 177 140 82 251 177 149
34 1 0 177 177 82 251 214 149
35 1 0 177 140 149 251 177 216
36 1 0 177 177 149 251 214 216
37 4 0 273 140 0 380 213 70
38 6 1 251 140 82 288 214 149
39 6 1 251 140 149 288 214 216
40 7 1 288 140 70 372 198 125
41 7 1 288 140 125 372 198 180
42 5 1 288 140 180 384 223 204
43 9 1 324 0 0 431 70 73
44 9 1 431 0 0 538 70 73
45 9 1 324 70 0 431 140 73
46 9 1 431 70 0 538 140 73
47 9 1 324 0 73 431 70 146
48 9 1 431 0 73 538 70 146
49 9 1 324 70 73 431 140 146
50 9 1 431 70 73 538 140 146
51 9 1 324 0 146 431 70 219
52 9 1 431 0 146 538 70 219
53 9 1 324 70 146 431 140 219
54 9 1 431 70 146 538 140 219
55 8 1 384 140 0 448 208 109
56 8 1 384 140 109 448 208 218
57 7 1 448 140 0 506 224 55
58 7 1 448 140 55 506 224 110
59 7 1 448 140 110 506 224 165
60 7 1 448 140 165 506 224 220
61 6 1 506 140 0 543 214 67
62 6 1 506 140 67 543 214 134
63 6 1 506 140 134 543 214 201
64 6 1 538 0 0 575 74 67
65 6 1 538 0 67 575 74 134
66 6 1 538 0 134 575 74 201
67 6 1 543 74 0 580 148 67
68 6 1 543 74 67 580 148 134
69 6 1 543 74 134 580 148 201
