Utilizacion 78.801949 VolCajasEmpacado 80.185929 Duracion[s] 60.056000 Iteraciones 835
0 6 0 0 0 0 48 72 69
1 6 0 0 72 0 48 144 69
2 6 0 0 0 69 48 72 138
3 6 0 0 72 69 48 144 138
4 6 0 0 0 138 48 72 207
5 6 0 0 72 138 48 144 207
6 7 0 0 144 0 67 228 47
7 7 0 0 144 47 67 228 94
8 2 0 0 144 94 64 227 152
9 2 0 0 144 152 64 227 210
10 9 0 48 0 0 105 45 52
11 9 0 48 45 0 105 90 52
12 9 0 48 90 0 105 135 52
13 8 0 48 0 52 119 46 135
14 8 0 48 46 52 119 92 135
15 8 0 48 92 52 119 138 135
16 8 0 48 0 135 119 46 218
17 8 0 48 46 135 119 92 218
18 8 0 48 92 135 119 138 218
19 3 0 67 138 0 146 233 57
20 3 0 146 138 0 225 233 57
21 3 0 225 138 0 304 233 57
22 12 0 67 138 57 103 208 128
23 12 0 67 138 128 103 208 199
24 4 0 103 138 57 179 201 111
25 4 0 103 138 111 179 201 165
26 4 0 103 138 165 179 201 219
27 14 0 103 201 57 172 229 100
28 14 0 103 201 100 172 229 143
29 14 0 103 201 143 172 229 186
30 10 0 119 0 0 190 99 43
31 10 0 119 0 43 190 99 86
32 1 0 119 0 86 199 90 109
33 1 0 119 0 109 199 90 132
34 1 0 119 0 132 199 90 155
35 1 0 119 0 155 199 90 178
36 1 0 119 0 178 199 90 201
37 14 0 172 201 57 241 229 100
38 12 0 119 99 0 189 135 71
39 12 0 119 99 71 189 135 142
40 9 0 119 90 142 171 135 199
41 13 0 171 90 142 205 132 203
42 2 0 179 135 57 243 193 140
43 5 0 179 135 140 232 231 209
44 2 0 199 0 0 263 83 58
45 5 0 199 0 58 295 69 111
46 5 0 199 0 111 295 69 164
47 5 0 199 0 164 295 69 217
48 8 0 205 83 0 276 129 83
49 4 0 205 69 83 281 132 137
50 2 0 205 69 137 263 133 220
51 11 0 241 193 57 332 233 113
52 11 0 241 193 113 332 233 169
53 11 0 243 133 57 334 189 97
54 11 0 243 133 97 334 189 137
55 11 0 243 133 137 334 189 177
56 0 0 232 133 177 326 232 201
57 0 0 295 0 0 394 94 24
58 0 0 295 0 24 394 94 48
59 0 0 295 0 48 394 94 72
60 26 1 263 69 137 297 130 179
61 26 1 263 69 179 305 130 213
62 18 1 295 0 72 348 69 168
63 18 1 348 0 72 401 69 168
64 22 1 295 0 168 340 57 220
65 22 1 340 0 168 385 57 220
66 25 1 305 94 0 376 130 70
67 27 1 385 0 168 413 69 211
68 21 1 305 69 72 388 115 143
69 21 1 305 69 143 388 115 214
70 27 1 334 115 70 403 143 113
71 27 1 334 115 113 403 143 156
72 23 1 332 189 0 431 232 71
73 23 1 431 189 0 530 232 71
74 26 1 334 115 156 395 149 198
75 23 1 332 189 71 431 232 142
76 26 1 332 189 142 374 223 203
77 26 1 374 189 142 416 223 203
78 25 1 334 149 0 404 185 71
79 24 1 334 149 71 425 189 127
80 24 1 334 149 127 425 189 183
81 25 1 394 69 0 465 105 70
82 24 1 394 69 70 485 109 126
83 24 1 394 69 126 485 109 182
84 26 1 388 69 182 449 111 216
85 25 1 403 111 0 474 147 70
86 25 1 474 111 0 545 147 70
87 26 1 403 111 70 445 145 131
88 26 1 403 111 131 464 145 173
89 17 1 413 0 0 489 54 63
90 17 1 489 0 0 565 54 63
91 17 1 413 0 63 489 54 126
92 17 1 489 0 63 565 54 126
93 17 1 413 0 126 489 54 189
94 17 1 489 0 126 565 54 189
95 22 1 425 111 173 477 168 218
96 29 1 449 0 189 529 90 212
97 15 1 431 168 71 489 232 154
98 15 1 425 168 154 508 232 212
99 15 1 477 109 70 541 167 153
100 22 1 477 109 153 534 161 198
101 22 1 529 54 0 586 106 45
102 22 1 529 54 45 586 106 90
103 22 1 529 54 90 586 106 135
104 21 1 541 54 135 587 125 218
105 17 1 530 167 0 584 230 76
106 16 1 508 167 76 587 224 171
107 19 1 508 161 171 580 230 219
