Utilizacion 66.601728 VolCajasEmpacado 68.332840 Duracion[s] 60.005000 Iteraciones 5744
0 1 0 0 0 0 69 61 86
1 0 0 0 0 86 81 82 157
2 2 1 0 0 157 35 51 212
3 3 1 0 82 0 60 149 25
4 3 1 0 149 0 60 216 25
5 4 2 0 82 25 74 154 60
6 7 3 35 0 157 106 76 218
7 5 3 0 154 25 72 228 60
8 6 3 0 82 60 119 133 148
9 8 4 0 133 60 81 231 86
10 9 4 0 133 86 55 168 137
11 13 5 0 168 86 89 209 147
12 11 5 0 82 148 51 117 203
13 12 5 0 133 147 72 207 182
14 10 5 0 117 182 95 187 212
15 16 6 0 209 86 96 233 126
16 15 6 51 82 148 125 114 208
17 15 6 95 133 0 155 207 32
18 14 6 95 133 32 214 184 120
19 17 7 95 133 120 195 176 170
20 18 8 95 114 170 162 174 195
21 19 9 95 114 195 162 174 220
22 21 9 96 184 32 148 225 86
23 22 9 96 184 86 193 233 139
24 20 9 106 0 0 180 72 35
25 23 10 0 187 182 45 211 219
26 24 10 89 187 139 178 228 200
27 26 11 106 0 35 225 51 123
28 25 11 106 0 123 147 54 175
29 30 12 106 54 35 151 78 72
30 29 12 106 0 175 166 74 207
31 28 12 162 74 0 257 116 74
32 27 12 166 0 123 227 69 209
33 31 12 162 74 74 251 115 135
34 27 12 166 69 135 252 130 204
35 33 13 162 130 170 214 184 211
36 32 13 214 130 0 284 225 30
37 34 14 193 184 30 245 225 84
38 35 14 193 184 84 282 225 145
39 36 14 214 130 30 333 181 118
40 38 15 178 184 145 273 226 219
41 37 15 252 0 0 347 70 30
42 40 16 214 130 118 333 181 206
43 39 16 227 0 30 323 40 54
44 42 17 227 0 54 298 61 130
45 46 17 227 0 130 282 51 165
46 41 17 227 0 165 307 45 213
47 47 17 257 70 0 374 124 30
48 45 17 284 181 0 384 231 43
49 44 17 282 181 43 359 228 126
50 43 17 282 181 126 401 232 214
51 51 18 298 45 30 395 94 83
52 50 18 252 61 83 352 111 126
53 49 18 252 61 126 347 103 200
54 48 18 352 0 83 433 98 109
55 52 19 307 0 109 402 42 183
56 53 19 333 124 0 416 171 77
57 54 20 307 0 183 331 45 220
58 55 20 331 0 183 427 40 207
59 56 20 333 111 77 428 181 107
60 57 20 352 42 109 433 113 191
61 59 21 333 113 107 433 156 157
62 58 21 333 113 157 422 174 198
63 60 22 347 40 191 407 107 216
64 63 22 401 181 0 481 226 48
65 62 22 401 181 48 501 224 98
66 61 22 428 156 98 499 232 159
67 65 23 401 174 159 475 206 219
68 64 23 433 0 0 531 81 26
69 67 23 433 81 0 513 129 45
70 66 23 433 0 26 474 54 78
71 69 24 433 0 78 494 69 164
72 68 24 433 0 164 493 67 189
73 72 25 433 69 45 504 151 126
74 72 25 433 69 126 504 151 207
75 70 25 475 151 159 516 205 211
76 71 25 516 81 0 559 181 50
77 75 26 494 0 26 555 69 112
78 74 26 494 0 112 570 61 183
79 73 26 504 69 50 586 140 131
80 76 27 504 61 131 549 109 211
81 77 28 433 0 189 500 60 214
82 79 28 516 140 50 587 221 132
83 78 28 516 109 132 558 204 206
84 80 29 500 0 183 567 60 208
