Utilizacion 83.433682 VolCajasEmpacado 83.908506 Duracion[s] 60.014000 Iteraciones 3361
0 2 0 0 0 0 105 42 68
1 2 0 105 0 0 210 42 68
2 2 0 210 0 0 315 42 68
3 2 0 315 0 0 420 42 68
4 2 0 0 0 68 105 42 136
5 2 0 105 0 68 210 42 136
6 2 0 210 0 68 315 42 136
7 2 0 315 0 68 420 42 136
8 2 0 0 0 136 105 42 204
9 2 0 105 0 136 210 42 204
10 2 0 210 0 136 315 42 204
11 2 0 315 0 136 420 42 204
12 0 0 0 42 0 24 117 37
13 0 0 24 42 0 48 117 37
14 0 0 48 42 0 72 117 37
15 0 0 72 42 0 96 117 37
16 0 0 96 42 0 120 117 37
17 0 0 120 42 0 144 117 37
18 0 0 144 42 0 168 117 37
19 0 0 168 42 0 192 117 37
20 0 0 192 42 0 216 117 37
21 0 0 216 42 0 240 117 37
22 1 0 0 42 37 79 115 63
23 1 0 0 42 63 79 115 89
24 1 0 0 42 89 79 115 115
25 1 0 0 42 115 79 115 141
26 1 0 0 42 141 79 115 167
27 1 0 0 42 167 79 115 193
28 1 0 0 42 193 79 115 219
29 1 0 0 117 0 79 190 26
30 5 1 79 42 37 184 110 79
31 5 1 79 42 79 184 110 121
32 5 1 79 42 121 184 110 163
33 5 1 79 42 163 184 110 205
34 5 1 0 117 26 68 222 68
35 5 1 0 117 68 68 222 110
36 5 1 0 117 110 68 222 152
37 5 1 0 117 152 68 222 194
38 4 1 0 115 194 73 194 220
39 3 1 0 194 194 75 231 218
40 3 1 75 190 0 150 214 37
41 5 1 79 117 0 184 159 68
42 3 1 73 115 68 110 190 92
43 4 1 73 115 92 146 194 118
44 3 1 73 115 118 148 139 155
45 3 1 73 139 118 148 163 155
46 3 1 73 163 118 148 187 155
47 3 1 73 115 155 148 139 192
48 3 1 73 139 155 148 163 192
49 3 1 73 163 155 148 187 192
50 4 1 73 115 192 146 194 218
51 3 1 75 194 37 150 218 74
52 3 1 75 194 74 150 231 98
53 3 1 75 194 98 150 218 135
54 3 1 75 194 135 150 218 172
55 5 1 150 159 0 255 227 42
56 5 1 150 159 42 255 227 84
57 5 1 150 159 84 255 227 126
58 5 1 150 159 126 255 227 168
59 5 1 150 159 168 255 227 210
60 4 1 184 42 37 263 115 63
61 4 1 184 42 63 263 115 89
62 4 1 184 42 89 263 115 115
63 4 1 184 42 115 263 115 141
64 4 1 184 42 141 263 115 167
65 4 1 184 42 167 263 115 193
66 7 2 184 42 193 263 115 219
67 8 2 184 117 0 289 159 68
68 6 2 255 115 68 279 190 105
69 6 2 255 115 105 279 190 142
70 6 2 255 115 142 279 190 179
71 6 2 255 115 179 279 190 216
72 6 2 148 115 68 223 152 92
73 6 2 148 115 92 223 152 116
74 6 2 148 115 116 223 152 140
75 8 2 148 115 140 253 157 208
76 8 2 255 190 0 360 232 68
77 8 2 360 190 0 465 232 68
78 8 2 465 190 0 570 232 68
79 8 2 255 190 68 360 232 136
80 8 2 360 190 68 465 232 136
81 8 2 465 190 68 570 232 136
82 8 2 255 190 136 360 232 204
83 8 2 360 190 136 465 232 204
84 8 2 465 190 136 570 232 204
85 7 2 263 42 0 342 115 26
86 7 2 263 42 26 342 115 52
87 7 2 263 42 52 342 115 78
88 7 2 263 42 78 342 115 104
89 7 2 263 42 104 342 115 130
90 7 2 263 42 130 342 115 156
91 7 2 263 42 156 342 115 182
92 7 2 263 42 182 342 115 208
93 7 2 289 115 0 368 188 26
94 7 2 289 115 26 368 188 52
95 9 3 279 159 52 354 183 89
96 11 3 289 115 52 394 157 120
97 9 3 279 157 89 354 181 126
98 9 3 279 157 126 354 181 163
99 9 3 279 157 163 354 181 200
100 9 3 279 115 120 354 152 144
101 9 3 279 115 144 354 139 181
102 9 3 279 115 181 354 139 218
103 10 3 342 42 0 421 115 26
104 10 3 421 42 0 500 115 26
105 10 3 500 42 0 579 115 26
106 11 3 342 42 26 447 110 68
107 11 3 447 42 26 552 110 68
108 11 3 342 42 68 447 110 110
109 11 3 447 42 68 552 110 110
110 11 3 342 42 110 447 110 152
111 11 3 447 42 110 552 110 152
112 11 3 342 42 152 447 110 194
113 11 3 447 42 152 552 110 194
114 10 3 342 42 194 421 115 220
115 10 3 421 42 194 500 115 220
116 10 3 500 42 194 579 115 220
117 9 3 354 115 120 378 190 157
118 10 3 394 115 0 473 188 26
119 10 3 394 115 26 473 188 52
120 10 3 394 115 52 473 188 78
121 10 3 394 115 78 473 188 104
122 10 3 394 115 104 473 188 130
123 10 3 394 115 130 473 188 156
124 10 3 394 115 156 473 188 182
125 10 3 394 115 182 473 188 208
126 11 3 420 0 0 525 42 68
127 11 3 420 0 68 525 42 136
128 10 3 473 115 0 552 188 26
129 14 4 420 0 136 525 42 204
130 12 4 473 115 26 497 190 63
131 12 4 497 115 26 521 190 63
132 12 4 521 115 26 545 190 63
133 13 4 473 115 63 552 188 89
134 13 4 473 115 89 552 188 115
135 13 4 473 115 115 552 188 141
136 13 4 473 115 141 552 188 167
137 13 4 473 115 167 552 188 193
138 13 4 473 115 193 552 188 219
139 12 4 552 115 0 576 190 37
140 12 4 552 115 37 576 190 74
141 12 4 552 115 74 576 190 111
142 12 4 552 115 111 576 190 148
143 12 4 552 115 148 576 190 185
