Utilizacion 83.339142 VolCajasEmpacado 84.525015 Duracion[s] 60.000000 Iteraciones 1194
0 7 0 0 0 0 57 63 106
1 7 0 57 0 0 114 63 106
2 7 0 114 0 0 171 63 106
3 7 0 171 0 0 228 63 106
4 7 0 228 0 0 285 63 106
5 7 0 0 0 106 57 63 212
6 7 0 57 0 106 114 63 212
7 7 0 114 0 106 171 63 212
8 7 0 171 0 106 228 63 212
9 7 0 228 0 106 285 63 212
10 6 0 0 63 0 79 118 96
11 6 0 0 118 0 79 173 96
12 6 0 0 173 0 79 228 96
13 6 0 0 63 96 79 118 192
14 6 0 0 118 96 79 173 192
15 6 0 0 173 96 79 228 192
16 1 0 79 63 0 185 101 55
17 1 0 79 63 55 185 101 110
18 1 0 79 63 110 185 101 165
19 1 0 79 63 165 185 101 220
20 5 0 79 101 0 169 165 53
21 5 0 169 101 0 259 165 53
22 5 0 259 101 0 349 165 53
23 5 0 349 101 0 439 165 53
24 5 0 439 101 0 529 165 53
25 5 0 79 165 0 169 229 53
26 5 0 169 165 0 259 229 53
27 5 0 259 165 0 349 229 53
28 5 0 349 165 0 439 229 53
29 5 0 439 165 0 529 229 53
30 2 0 79 101 53 154 140 102
31 2 0 79 140 53 154 179 102
32 2 0 79 179 53 154 218 102
33 2 0 79 101 102 154 140 151
34 2 0 79 140 102 154 179 151
35 2 0 79 179 102 154 218 151
36 4 0 79 101 151 150 167 202
37 4 0 79 167 151 150 233 202
38 3 0 154 101 53 202 151 122
39 3 0 202 101 53 250 151 122
40 3 0 250 101 53 298 151 122
41 3 0 154 101 122 202 151 191
42 3 0 202 101 122 250 151 191
43 3 0 250 101 122 298 151 191
44 0 0 154 151 53 190 192 115
45 0 0 154 192 53 190 233 115
46 0 0 154 151 115 190 192 177
47 0 0 154 192 115 190 233 177
48 0 0 150 151 177 212 192 213
49 0 0 150 192 177 212 233 213
50 1 0 185 63 0 291 101 55
51 1 0 185 63 55 291 101 110
52 1 0 185 63 110 291 101 165
53 1 0 185 63 165 291 101 220
54 5 0 212 151 53 302 204 117
55 6 0 212 151 117 267 230 213
56 1 0 285 0 0 391 55 38
57 12 1 267 151 117 333 222 168
58 12 1 267 151 168 333 222 219
59 15 1 285 0 38 391 63 95
60 15 1 285 0 95 391 63 152
61 15 1 285 0 152 391 63 209
62 14 1 298 63 53 353 142 149
63 9 1 291 63 149 397 101 204
64 10 1 298 101 149 373 140 198
65 13 1 333 142 53 423 195 117
66 13 1 423 142 53 513 195 117
67 13 1 333 142 117 423 195 181
68 13 1 423 142 117 513 195 181
69 8 1 333 195 53 395 231 94
70 10 1 333 140 181 408 189 220
71 8 1 333 195 94 374 231 156
72 8 1 333 195 156 374 231 218
73 10 1 373 101 53 448 140 102
74 10 1 448 101 53 523 140 102
75 10 1 373 101 102 448 140 151
76 10 1 448 101 102 523 140 151
77 10 1 373 101 151 448 140 200
78 10 1 448 101 151 523 140 200
79 8 1 374 195 94 415 231 156
80 8 1 374 195 156 415 231 218
81 10 1 408 140 181 483 189 220
82 10 1 483 140 181 532 215 220
83 8 1 415 195 53 456 231 115
84 9 1 391 0 0 497 38 55
85 9 1 391 0 55 497 38 110
86 9 1 391 0 110 497 38 165
87 9 1 391 0 165 497 38 220
88 15 1 397 38 0 460 95 106
89 15 1 460 38 0 523 95 106
90 15 1 523 38 0 586 95 106
91 15 1 397 38 106 460 95 212
92 15 1 460 38 106 523 95 212
93 15 1 523 38 106 586 95 212
94 8 1 415 195 115 477 231 156
95 8 1 415 195 156 477 231 197
96 10 1 529 95 0 578 134 75
97 11 1 532 95 75 582 164 123
98 11 1 532 95 123 582 164 171
99 11 1 532 95 171 582 164 219
100 11 1 532 164 0 580 233 50
101 11 1 532 164 50 582 233 98
102 11 1 532 164 98 582 233 146
103 11 1 532 164 146 582 212 215
