Utilizacion 86.658549 VolCajasEmpacado 89.244373 Duracion[s] 60.003000 Iteraciones 1888
0 0 0 0 0 0 94 66 39
1 0 0 0 66 0 94 132 39
2 0 0 0 132 0 94 198 39
3 0 0 0 0 39 94 66 78
4 0 0 0 66 39 94 132 78
5 0 0 0 132 39 94 198 78
6 0 0 0 0 78 94 66 117
7 0 0 0 66 78 94 132 117
8 0 0 0 132 78 94 198 117
9 0 0 0 0 117 94 66 156
10 0 0 0 66 117 94 132 156
11 0 0 0 132 117 94 198 156
12 0 0 0 0 156 94 66 195
13 0 0 0 66 156 94 132 195
14 0 0 0 132 156 94 198 195
15 4 0 94 0 0 200 93 70
16 4 0 94 93 0 200 186 70
17 4 0 94 0 70 200 93 140
18 4 0 94 93 70 200 186 140
19 0 0 94 0 140 160 94 179
20 0 0 160 0 140 226 94 179
21 0 0 94 0 179 160 94 218
22 0 0 160 0 179 226 94 218
23 2 0 94 186 0 167 232 65
24 2 0 167 186 0 240 232 65
25 2 0 240 186 0 313 232 65
26 2 0 94 186 65 167 232 130
27 2 0 167 186 65 240 232 130
28 2 0 240 186 65 313 232 130
29 2 0 94 186 130 167 232 195
30 2 0 167 186 130 240 232 195
31 2 0 240 186 130 313 232 195
32 1 0 94 94 140 153 136 206
33 1 0 94 136 140 153 178 206
34 3 0 153 94 140 203 183 218
35 3 0 203 94 0 281 183 50
36 3 0 281 94 0 359 183 50
37 3 0 359 94 0 437 183 50
38 3 0 437 94 0 515 183 50
39 3 0 203 94 50 281 183 100
40 3 0 281 94 50 359 183 100
41 3 0 359 94 50 437 183 100
42 3 0 437 94 50 515 183 100
43 1 0 203 94 100 262 136 166
44 1 0 262 94 100 321 136 166
45 1 0 321 94 100 380 136 166
46 1 0 380 94 100 439 136 166
47 1 0 439 94 100 498 136 166
48 1 0 203 136 100 262 178 166
49 1 0 262 136 100 321 178 166
50 1 0 321 136 100 380 178 166
51 1 0 380 136 100 439 178 166
52 1 0 439 136 100 498 178 166
53 3 0 203 94 166 281 183 216
54 3 0 281 94 166 359 183 216
55 3 0 359 94 166 437 183 216
56 5 1 226 0 0 265 94 66
57 5 1 226 0 66 265 94 132
58 5 1 226 0 132 265 94 198
59 8 1 265 0 0 315 89 78
60 8 1 315 0 0 365 89 78
61 8 1 365 0 0 415 89 78
62 8 1 415 0 0 465 89 78
63 8 1 465 0 0 515 89 78
64 8 1 515 0 0 565 89 78
65 9 1 265 0 78 371 93 148
66 9 1 371 0 78 477 93 148
67 9 1 477 0 78 583 93 148
68 9 1 265 0 148 371 93 218
69 9 1 371 0 148 477 93 218
70 9 1 477 0 148 583 93 218
71 5 1 437 93 166 503 187 205
72 8 1 313 183 0 402 233 78
73 8 1 313 183 78 402 233 156
74 6 1 313 183 156 379 225 215
75 6 1 402 187 0 468 229 59
76 6 1 402 187 59 468 229 118
77 6 1 402 187 118 461 229 184
78 7 1 468 187 0 541 233 65
79 5 1 468 187 65 562 226 131
80 5 1 468 187 131 562 226 197
81 9 1 515 93 0 585 186 106
82 8 1 503 93 106 581 182 156
83 8 1 503 93 156 581 182 206
