Utilizacion 83.295170 VolCajasEmpacado 85.130700 Duracion[s] 60.026000 Iteraciones 653
0 10 0 0 0 0 66 116 71
1 10 0 0 116 0 66 232 71
2 10 0 0 0 71 66 116 142
3 10 0 0 116 71 66 232 142
4 11 0 0 0 142 69 75 215
5 11 0 0 75 142 69 150 215
6 11 0 0 150 142 69 225 215
7 9 0 69 0 0 129 76 91
8 9 0 69 76 0 129 152 91
9 9 0 69 152 0 129 228 91
10 9 0 69 0 91 129 76 182
11 9 0 69 76 91 129 152 182
12 9 0 69 152 91 129 228 182
13 1 0 69 0 182 97 73 215
14 1 0 97 0 182 125 73 215
15 1 0 69 73 182 97 146 215
16 1 0 97 73 182 125 146 215
17 1 0 69 146 182 97 219 215
18 1 0 97 146 182 125 219 215
19 11 0 129 0 0 202 69 75
20 11 0 129 69 0 202 138 75
21 11 0 129 0 75 202 69 150
22 11 0 129 69 75 202 138 150
23 4 0 129 0 150 169 56 216
24 4 0 169 0 150 209 56 216
25 4 0 129 56 150 169 112 216
26 4 0 169 56 150 209 112 216
27 11 0 129 138 0 204 211 69
28 1 0 129 112 150 202 140 183
29 1 0 129 112 183 202 140 216
30 7 0 129 140 69 217 190 144
31 7 0 129 140 144 217 190 219
32 4 0 129 190 69 185 230 135
33 4 0 129 190 135 185 230 201
34 3 0 204 112 0 294 140 52
35 3 0 294 112 0 384 140 52
36 3 0 384 112 0 474 140 52
37 3 0 204 112 52 294 140 104
38 3 0 294 112 52 384 140 104
39 3 0 384 112 52 474 140 104
40 3 0 204 112 104 294 140 156
41 3 0 294 112 104 384 140 156
42 3 0 384 112 104 474 140 156
43 3 0 204 112 156 294 140 208
44 3 0 294 112 156 384 140 208
45 3 0 384 112 156 474 140 208
46 5 0 204 190 0 255 231 64
47 5 0 255 190 0 306 231 64
48 5 0 306 190 0 357 231 64
49 5 0 357 190 0 408 231 64
50 5 0 408 190 0 459 231 64
51 5 0 459 190 0 510 231 64
52 5 0 510 190 0 561 231 64
53 4 0 204 190 64 260 230 130
54 4 0 260 190 64 316 230 130
55 4 0 316 190 64 372 230 130
56 4 0 204 190 130 260 230 196
57 4 0 260 190 130 316 230 196
58 4 0 316 190 130 372 230 196
59 8 0 209 0 0 265 107 81
60 8 0 265 0 0 321 107 81
61 8 0 321 0 0 377 107 81
62 8 0 377 0 0 433 107 81
63 8 0 433 0 0 489 107 81
64 8 0 489 0 0 545 107 81
65 8 0 209 0 81 265 107 162
66 8 0 265 0 81 321 107 162
67 8 0 321 0 81 377 107 162
68 8 0 377 0 81 433 107 162
69 8 0 433 0 81 489 107 162
70 8 0 489 0 81 545 107 162
71 1 0 209 0 162 282 33 190
72 1 0 209 33 162 282 66 190
73 1 0 209 66 162 282 99 190
74 1 0 209 0 190 282 33 218
75 1 0 209 33 190 282 66 218
76 1 0 209 66 190 282 99 218
77 2 0 282 0 162 336 28 207
78 2 0 282 28 162 336 56 207
79 2 0 282 56 162 336 84 207
80 2 0 282 84 162 336 112 207
81 1 0 336 0 162 369 73 190
82 1 0 336 0 190 369 73 218
83 2 0 336 73 162 381 101 216
84 2 0 369 0 162 397 45 216
85 7 0 217 140 0 305 190 75
86 7 0 217 140 75 305 190 150
87 2 0 217 140 150 245 185 204
88 2 0 245 140 150 273 185 204
89 2 0 273 140 150 301 185 204
90 3 0 369 45 162 459 73 214
91 7 0 305 140 0 393 190 75
92 7 0 393 140 0 481 190 75
93 7 0 481 140 0 569 190 75
94 7 0 305 140 75 393 190 150
95 7 0 393 140 75 481 190 150
96 7 0 481 140 75 569 190 150
97 3 0 381 73 162 471 101 214
98 3 0 471 73 162 561 101 214
99 5 0 372 190 64 423 231 128
100 5 0 372 190 128 423 231 192
101 6 0 397 0 162 460 44 215
102 5 0 423 190 64 474 231 128
103 5 0 474 190 64 525 231 128
104 5 0 423 190 128 474 231 192
105 5 0 474 190 128 525 231 192
106 6 0 460 0 162 504 63 215
107 6 0 504 0 162 548 63 215
108 0 0 474 107 150 550 186 170
109 0 0 474 101 170 550 180 190
110 6 0 301 140 150 364 184 203
111 0 0 474 101 190 550 180 210
112 5 0 364 140 150 428 181 201
