Utilizacion 77.406946 VolCajasEmpacado 78.451203 Duracion[s] 60.035000 Iteraciones 795
0 3 0 0 0 0 59 64 63
1 3 0 0 64 0 59 128 63
2 3 0 0 128 0 59 192 63
3 8 0 0 0 63 44 71 141
4 8 0 0 0 141 44 71 219
5 7 0 0 71 63 47 138 114
6 7 0 0 138 63 47 205 114
7 7 0 0 71 114 47 138 165
8 7 0 0 138 114 47 205 165
9 7 0 0 71 165 47 138 216
10 7 0 0 138 165 47 205 216
11 10 0 47 192 0 108 232 70
12 10 0 108 192 0 169 232 70
13 9 0 59 0 0 126 70 42
14 9 0 126 0 0 193 70 42
15 9 0 193 0 0 260 70 42
16 9 0 59 70 0 126 140 42
17 9 0 126 70 0 193 140 42
18 9 0 193 70 0 260 140 42
19 12 0 59 140 0 174 174 59
20 12 0 59 140 59 174 174 118
21 12 0 59 140 118 174 174 177
22 12 0 47 174 70 162 233 104
23 12 0 47 174 104 162 233 138
24 12 0 47 174 138 162 233 172
25 12 0 47 174 172 162 233 206
26 5 0 59 0 42 137 73 90
27 5 0 59 0 90 137 73 138
28 5 0 59 0 138 137 73 186
29 13 0 44 0 186 146 35 220
30 13 0 44 35 186 146 70 220
31 4 0 59 73 42 166 133 91
32 2 0 47 73 91 110 140 151
33 2 0 110 73 91 173 140 151
34 2 0 47 73 151 110 140 211
35 2 0 110 73 151 173 140 211
36 13 0 47 140 177 149 174 212
37 9 0 146 0 42 188 70 109
38 11 0 146 0 109 221 35 163
39 11 0 146 35 109 221 70 163
40 11 0 146 0 163 221 35 217
41 11 0 146 35 163 221 70 217
42 12 0 173 70 42 288 104 101
43 12 0 173 70 101 288 104 160
44 12 0 173 70 160 288 104 219
45 6 0 169 174 0 286 228 48
46 6 0 169 174 48 286 228 96
47 4 0 162 174 96 269 223 156
48 4 0 162 174 156 269 223 216
49 13 0 173 104 42 275 138 77
50 0 0 174 104 77 252 165 104
51 0 0 174 104 104 252 165 131
52 0 0 174 104 131 252 165 158
53 4 0 174 104 158 281 153 218
54 8 0 221 0 42 292 44 120
55 8 0 221 0 120 292 44 198
56 4 0 281 104 0 388 164 49
57 5 0 281 104 49 359 152 122
58 5 0 281 104 122 359 152 195
59 1 0 281 104 195 368 195 220
60 1 0 292 0 0 379 91 25
61 1 0 292 0 25 379 91 50
62 1 0 292 0 50 379 91 75
63 14 0 292 0 75 401 87 107
64 14 0 292 0 107 401 87 139
65 14 0 292 0 139 401 87 171
66 14 0 292 0 171 401 87 203
67 14 0 388 87 0 497 174 32
68 14 0 388 87 32 497 174 64
69 14 0 388 87 64 497 174 96
70 24 1 286 195 0 361 230 54
71 23 1 368 87 96 408 157 157
72 23 1 408 87 96 448 157 157
73 23 1 448 87 96 488 157 157
74 23 1 368 87 157 408 157 218
75 23 1 408 87 157 448 157 218
76 23 1 448 87 157 488 157 218
77 26 1 286 195 54 388 229 89
78 26 1 286 195 89 388 229 124
79 26 1 286 195 124 388 229 159
80 25 1 269 195 159 384 229 218
81 25 1 368 157 96 483 191 155
82 25 1 368 157 155 483 191 214
83 22 1 388 191 0 455 233 70
84 22 1 388 191 70 455 233 140
85 22 1 388 191 140 455 233 210
86 21 1 401 0 0 479 71 44
87 21 1 401 0 44 479 71 88
88 21 1 401 0 88 479 71 132
89 22 1 401 0 132 471 42 199
90 22 1 401 42 132 471 84 199
91 23 1 455 191 0 516 231 70
92 22 1 455 191 70 522 233 140
93 22 1 455 191 140 525 233 207
94 17 1 479 0 0 586 60 49
95 17 1 479 0 49 586 60 98
96 17 1 479 0 98 586 60 147
97 17 1 479 0 147 586 60 196
98 24 1 497 60 0 572 95 54
99 24 1 497 60 54 572 95 108
100 24 1 497 60 108 572 95 162
101 24 1 497 60 162 572 95 216
102 24 1 497 95 0 572 130 54
103 24 1 497 95 54 572 130 108
104 24 1 497 95 108 572 130 162
105 24 1 497 95 162 572 130 216
106 18 1 497 130 0 570 178 78
107 18 1 497 130 78 570 178 156
108 28 1 488 130 156 566 191 183
109 28 1 488 130 183 566 191 210
