Utilizacion 78.624582 VolCajasEmpacado 79.694182 Duracion[s] 60.049000 Iteraciones 881
0 1 0 0 0 0 65 57 86
1 1 0 0 57 0 65 114 86
2 1 0 0 114 0 65 171 86
3 1 0 0 171 0 65 228 86
4 1 0 0 0 86 65 57 172
5 1 0 0 57 86 65 114 172
6 1 0 0 114 86 65 171 172
7 1 0 0 171 86 65 228 172
8 2 0 0 0 172 27 39 205
9 2 0 0 39 172 39 66 205
10 2 0 0 66 172 39 93 205
11 2 0 0 93 172 39 120 205
12 2 0 0 120 172 39 147 205
13 2 0 0 147 172 39 174 205
14 2 0 0 174 172 39 201 205
15 2 0 0 201 172 39 228 205
16 2 0 27 0 172 60 39 199
17 0 0 39 39 172 71 100 209
18 0 0 39 100 172 71 161 209
19 0 0 39 161 172 71 222 209
20 0 0 65 0 0 126 37 32
21 0 0 65 0 32 126 37 64
22 0 0 65 0 64 126 37 96
23 0 0 65 0 96 126 37 128
24 0 0 65 0 128 126 37 160
25 0 0 65 0 160 126 37 192
26 2 0 60 0 192 93 39 219
27 0 0 71 39 0 103 76 61
28 1 0 71 39 61 128 104 147
29 3 1 71 39 147 110 72 174
30 3 1 71 72 147 110 105 174
31 4 1 71 105 0 132 137 37
32 4 1 71 137 0 132 169 37
33 4 1 71 169 0 132 201 37
34 4 1 71 201 0 132 233 37
35 3 1 71 39 174 98 72 213
36 5 1 71 105 37 157 170 94
37 5 1 71 105 94 157 170 151
38 5 1 71 105 151 157 170 208
39 5 1 71 170 37 157 227 102
40 5 1 71 170 102 157 227 167
41 5 1 128 0 0 193 57 86
42 5 1 128 0 86 193 57 172
43 8 2 93 0 192 132 33 219
44 8 2 71 72 174 98 105 213
45 7 2 71 170 167 132 202 204
46 8 2 71 202 167 110 229 200
47 8 2 110 202 167 149 229 200
48 8 2 110 57 147 143 96 174
49 8 2 110 57 174 143 96 201
50 8 2 132 0 172 159 33 211
51 8 2 159 0 172 186 33 211
52 7 2 143 33 172 204 65 209
53 7 2 143 65 0 204 102 32
54 7 2 143 65 32 180 97 93
55 7 2 143 65 93 180 97 154
56 7 2 143 65 154 180 97 215
57 6 2 157 102 0 243 167 57
58 6 2 157 167 0 243 232 57
59 6 2 157 97 57 243 162 114
60 6 2 157 162 57 243 227 114
61 6 2 157 97 114 243 162 171
62 6 2 157 162 114 243 227 171
63 6 2 204 0 0 261 86 65
64 6 2 261 0 0 318 86 65
65 10 3 132 170 171 193 202 208
66 10 3 193 170 171 254 202 208
67 9 3 149 202 171 182 229 210
68 9 3 157 97 171 184 130 210
69 9 3 184 97 171 211 130 210
70 9 3 211 97 171 238 130 210
71 9 3 157 130 171 184 163 210
72 9 3 184 130 171 211 163 210
73 9 3 211 130 171 238 163 210
74 10 3 180 65 65 241 97 102
75 10 3 241 65 65 302 97 102
76 10 3 180 65 102 241 97 139
77 10 3 241 65 102 302 97 139
78 10 3 180 65 139 241 97 176
79 10 3 241 65 139 302 97 176
80 10 3 180 65 176 241 97 213
81 10 3 241 65 176 302 97 213
82 9 3 182 202 171 215 229 210
83 10 3 193 0 65 254 32 102
84 9 3 215 202 171 254 229 204
85 10 3 193 0 102 254 32 139
86 10 3 193 0 139 254 32 176
87 10 3 193 0 176 254 32 213
88 10 3 204 32 65 241 64 126
89 10 3 204 32 126 241 64 187
90 9 3 204 32 187 243 59 220
91 9 3 243 97 0 270 136 33
92 9 3 243 97 33 270 136 66
93 9 3 243 97 66 270 136 99
94 11 3 254 136 0 340 193 65
95 11 3 340 136 0 426 193 65
96 11 3 254 136 65 340 193 130
97 11 3 340 136 65 426 193 130
98 11 3 254 136 130 340 193 195
99 11 3 340 136 130 426 193 195
100 11 3 254 0 65 311 65 151
101 12 4 243 97 99 276 136 126
102 12 4 243 97 126 276 136 153
103 12 4 243 97 153 276 136 180
104 12 4 243 97 180 276 136 207
105 12 4 243 32 151 270 65 190
106 12 4 270 32 151 297 65 190
107 12 4 297 32 151 324 65 190
108 12 4 243 32 190 282 65 217
109 12 4 254 193 0 293 226 27
110 12 4 293 193 0 332 226 27
111 13 4 254 0 151 291 32 212
112 13 4 291 0 151 328 32 212
113 13 4 254 193 27 286 230 88
114 13 4 286 193 27 318 230 88
115 13 4 254 193 88 286 230 149
116 14 4 318 65 0 404 130 57
117 14 4 404 65 0 490 130 57
118 14 4 490 65 0 576 130 57
119 14 4 318 65 57 404 130 114
120 14 4 404 65 57 490 130 114
121 14 4 490 65 57 576 130 114
122 17 5 254 193 149 291 225 210
123 15 5 282 32 190 321 65 217
124 15 5 291 193 88 330 226 115
125 15 5 291 193 115 330 226 142
126 15 5 291 193 142 318 226 181
127 15 5 291 193 181 318 226 220
128 15 5 302 65 114 341 92 147
129 15 5 302 92 114 341 119 147
130 15 5 302 65 147 341 92 180
131 15 5 302 92 147 341 119 180
132 17 5 276 97 180 337 134 212
133 17 5 302 65 180 363 97 217
134 17 5 341 97 114 402 134 146
135 17 5 341 97 146 402 134 178
136 17 5 341 97 178 402 134 210
137 17 5 324 32 0 385 64 37
138 15 5 324 32 37 351 65 76
139 17 5 324 32 76 361 64 137
140 17 5 324 32 137 361 64 198
141 16 5 385 0 0 471 65 57
142 16 5 361 0 57 447 57 122
143 16 5 361 0 122 447 57 187
144 18 6 361 0 187 388 39 220
145 19 6 332 193 0 393 230 32
146 19 6 332 193 32 393 230 64
147 19 6 332 193 64 393 230 96
148 19 6 332 193 96 393 230 128
149 19 6 332 193 128 393 230 160
150 19 6 332 193 160 393 230 192
151 18 6 318 193 192 357 226 219
152 18 6 357 193 192 390 232 219
153 18 6 363 39 187 402 72 214
154 18 6 402 39 187 441 72 214
155 18 6 388 0 187 421 39 214
156 18 6 393 193 0 420 232 33
157 18 6 393 193 33 420 232 66
158 18 6 393 193 66 420 232 99
159 18 6 393 193 99 420 232 132
160 18 6 393 193 132 420 232 165
161 18 6 393 193 165 420 232 198
162 19 6 402 72 114 434 109 175
163 20 6 434 72 114 499 129 200
164 20 6 499 72 114 564 129 200
165 20 6 426 130 0 483 216 65
166 20 6 426 130 65 483 216 130
167 20 6 426 130 130 483 216 195
168 20 6 471 0 0 528 65 86
169 21 7 421 0 187 448 39 220
170 23 7 448 0 86 534 65 143
171 23 7 448 0 143 534 65 200
172 23 7 483 130 0 569 187 65
173 23 7 483 130 65 569 187 130
174 23 7 483 130 130 569 187 195
175 21 7 483 187 0 510 220 39
176 21 7 483 187 39 510 220 78
177 21 7 483 187 78 510 220 117
178 21 7 483 187 117 510 220 156
179 21 7 483 187 156 510 220 195
180 21 7 510 187 0 537 226 33
181 21 7 510 187 33 537 226 66
182 21 7 510 187 66 537 226 99
183 21 7 510 187 99 537 226 132
184 22 7 510 187 132 547 219 193
185 22 7 534 0 0 566 37 61
186 22 7 534 0 61 566 61 98
187 22 7 534 0 98 566 61 135
188 22 7 534 0 135 566 61 172
189 22 7 534 0 172 566 61 209
190 22 7 547 187 0 584 219 61
191 22 7 547 187 61 584 219 122
192 22 7 547 187 122 584 219 183
