Utilizacion 90.384053 VolCajasEmpacado 91.227498 Duracion[s] 60.036000 Iteraciones 1732
0 4 0 0 0 0 49 63 70
1 4 0 0 63 0 49 126 70
2 4 0 0 126 0 49 189 70
3 4 0 0 0 70 49 63 140
4 4 0 0 63 70 49 126 140
5 4 0 0 126 70 49 189 140
6 4 0 0 0 140 49 63 210
7 4 0 0 63 140 49 126 210
8 4 0 0 126 140 49 189 210
9 2 0 0 189 0 89 231 70
10 2 0 89 189 0 178 231 70
11 2 0 178 189 0 267 231 70
12 2 0 267 189 0 356 231 70
13 2 0 356 189 0 445 231 70
14 2 0 445 189 0 534 231 70
15 1 0 0 189 70 114 231 117
16 1 0 114 189 70 228 231 117
17 1 0 228 189 70 342 231 117
18 1 0 342 189 70 456 231 117
19 1 0 456 189 70 570 231 117
20 1 0 0 189 117 114 231 164
21 1 0 114 189 117 228 231 164
22 1 0 228 189 117 342 231 164
23 1 0 342 189 117 456 231 164
24 1 0 456 189 117 570 231 164
25 1 0 0 189 164 114 231 211
26 1 0 114 189 164 228 231 211
27 1 0 228 189 164 342 231 211
28 1 0 342 189 164 456 231 211
29 1 0 456 189 164 570 231 211
30 4 0 49 0 0 119 63 49
31 4 0 49 63 0 119 126 49
32 4 0 49 126 0 119 189 49
33 2 0 49 0 49 138 70 91
34 2 0 49 70 49 138 140 91
35 2 0 49 0 91 138 70 133
36 2 0 49 70 91 138 140 133
37 2 0 49 0 133 138 70 175
38 2 0 49 70 133 138 140 175
39 2 0 49 0 175 138 70 217
40 2 0 49 70 175 138 140 217
41 0 0 49 140 49 129 188 88
42 0 0 49 140 88 129 188 127
43 0 0 49 140 127 129 188 166
44 0 0 49 140 166 129 188 205
45 1 0 129 140 0 243 187 42
46 1 0 129 140 42 243 187 84
47 1 0 129 140 84 243 187 126
48 1 0 129 140 126 243 187 168
49 1 0 129 140 168 243 187 210
50 4 0 138 0 0 201 49 70
51 4 0 201 0 0 264 49 70
52 4 0 264 0 0 327 49 70
53 4 0 327 0 0 390 49 70
54 4 0 390 0 0 453 49 70
55 4 0 453 0 0 516 49 70
56 4 0 516 0 0 579 49 70
57 4 0 138 49 0 201 98 70
58 4 0 201 49 0 264 98 70
59 4 0 264 49 0 327 98 70
60 4 0 327 49 0 390 98 70
61 4 0 390 49 0 453 98 70
62 4 0 453 49 0 516 98 70
63 4 0 516 49 0 579 98 70
64 3 0 138 0 70 222 49 124
65 3 0 222 0 70 306 49 124
66 3 0 306 0 70 390 49 124
67 3 0 390 0 70 474 49 124
68 3 0 474 0 70 558 49 124
69 3 0 138 49 70 222 98 124
70 3 0 222 49 70 306 98 124
71 3 0 306 49 70 390 98 124
72 3 0 390 49 70 474 98 124
73 3 0 474 49 70 558 98 124
74 3 0 138 0 124 222 49 178
75 3 0 222 0 124 306 49 178
76 3 0 306 0 124 390 49 178
77 3 0 390 0 124 474 49 178
78 3 0 474 0 124 558 49 178
79 3 0 138 49 124 222 98 178
80 3 0 222 49 124 306 98 178
81 3 0 306 49 124 390 98 178
82 3 0 390 49 124 474 98 178
83 3 0 474 49 124 558 98 178
84 2 0 138 98 0 227 140 70
85 2 0 138 98 70 227 140 140
86 2 0 138 98 140 227 140 210
87 0 0 138 0 178 218 48 217
88 0 0 138 48 178 218 96 217
89 0 0 218 0 178 298 48 217
90 0 0 298 0 178 378 48 217
91 0 0 378 0 178 458 48 217
92 0 0 458 0 178 538 48 217
93 0 0 218 48 178 298 96 217
94 0 0 298 48 178 378 96 217
95 0 0 378 48 178 458 96 217
96 0 0 458 48 178 538 96 217
97 1 0 227 98 0 341 140 47
98 1 0 227 98 47 341 140 94
99 1 0 227 98 94 341 140 141
100 1 0 227 98 141 341 140 188
101 4 0 243 140 0 306 189 70
102 4 0 243 140 70 306 189 140
103 4 0 243 140 140 306 189 210
104 3 0 306 140 0 360 189 84
105 3 0 360 140 0 414 189 84
106 3 0 414 140 0 468 189 84
107 3 0 468 140 0 522 189 84
108 3 0 522 140 0 576 189 84
109 4 0 306 140 84 376 189 147
110 4 0 306 140 147 376 189 210
111 1 0 341 98 0 455 140 47
112 1 0 341 98 47 455 140 94
113 1 0 341 98 94 455 140 141
114 1 0 341 98 141 455 140 188
115 0 0 376 140 84 456 188 123
116 0 0 456 140 84 536 188 123
117 0 0 376 140 123 456 188 162
118 0 0 456 140 123 536 188 162
119 0 0 376 140 162 456 188 201
120 0 0 456 140 162 536 188 201
121 2 0 455 98 0 544 140 70
122 2 0 455 98 70 544 140 140
123 2 0 455 98 140 544 140 210
124 2 0 544 98 84 586 187 154
125 0 0 544 98 154 583 178 202
