Utilizacion 80.788657 VolCajasEmpacado 82.722840 Duracion[s] 60.008000 Iteraciones 6167
0 0 0 0 0 0 75 110 50
1 0 0 75 0 0 150 110 50
2 0 0 150 0 0 225 110 50
3 0 0 0 110 0 75 220 50
4 0 0 75 110 0 150 220 50
5 0 0 150 110 0 225 220 50
6 1 0 0 0 50 60 110 105
7 1 0 0 0 105 60 110 160
8 1 0 0 0 160 60 110 215
9 2 0 0 110 50 80 181 128
10 2 0 0 110 128 80 181 206
11 2 0 60 0 50 140 71 128
12 3 1 0 181 50 110 231 125
13 4 1 60 0 128 115 110 188
14 3 1 115 0 128 165 110 203
15 3 1 0 181 125 110 231 200
16 5 1 80 110 50 160 181 128
17 5 1 160 110 50 240 181 128
18 5 1 80 110 128 160 181 206
19 5 1 160 110 128 240 181 206
20 3 1 110 181 50 220 231 125
21 3 1 110 181 125 220 231 200
22 4 1 165 0 50 220 110 110
23 4 1 165 0 110 220 110 170
24 6 2 165 0 170 240 110 220
25 6 2 225 181 0 335 231 75
26 8 2 240 0 0 318 71 80
27 8 2 240 71 0 318 142 80
28 8 2 240 0 80 318 71 160
29 8 2 240 71 80 318 142 160
30 7 2 240 0 160 350 55 220
31 8 2 240 142 75 320 220 146
32 8 2 240 142 146 320 220 217
33 7 2 240 55 160 350 110 220
34 7 2 320 110 0 430 170 55
35 7 2 320 110 55 430 170 110
36 7 2 320 110 110 430 170 165
37 7 2 320 110 165 430 170 220
38 10 3 335 170 0 445 230 55
39 10 3 335 170 55 445 230 110
40 10 3 335 170 110 445 230 165
41 10 3 335 170 165 445 230 220
42 9 3 350 0 0 400 110 75
43 9 3 350 0 75 400 110 150
44 9 3 350 0 150 425 110 200
45 11 3 425 0 0 505 78 71
46 11 3 425 0 71 505 78 142
47 11 3 425 0 142 505 78 213
48 11 3 430 78 0 508 158 71
49 11 3 430 78 71 508 158 142
50 11 3 430 78 142 508 158 213
51 9 3 445 158 0 555 208 75
52 11 3 445 158 75 525 229 153
53 12 4 445 158 153 555 233 203
54 14 4 505 0 0 585 78 71
55 14 4 505 0 71 585 78 142
56 14 4 505 0 142 585 78 213
57 14 4 508 78 0 579 156 80
58 14 4 508 78 80 579 156 160
