Utilizacion 71.947097 VolCajasEmpacado 72.560262 Duracion[s] 60.012000 Iteraciones 2017
0 3 0 0 0 0 43 110 37
1 3 0 0 110 0 43 220 37
2 2 0 0 0 37 53 114 72
3 2 0 0 114 37 53 228 72
4 7 0 0 0 72 75 51 138
5 7 0 0 51 72 75 102 138
6 8 0 0 102 72 64 164 171
7 8 0 0 164 72 64 226 171
8 5 0 0 0 138 72 61 186
9 1 0 0 61 138 111 94 183
10 1 0 0 0 186 45 111 219
11 1 0 45 0 186 90 111 219
12 4 0 0 111 171 57 170 216
13 4 0 0 170 171 57 229 216
14 5 0 64 111 0 125 159 72
15 6 0 64 159 0 160 232 50
16 6 0 64 159 50 160 232 100
17 9 0 64 111 100 86 216 127
18 0 0 64 111 127 96 213 173
19 8 0 111 0 0 175 99 62
20 10 1 57 111 173 90 222 218
21 15 1 96 94 72 141 153 129
22 15 1 96 94 129 141 153 186
23 12 1 96 153 100 162 228 151
24 12 1 96 153 151 162 228 202
25 14 1 90 0 62 138 61 134
26 14 1 90 0 134 138 61 206
27 10 1 111 61 62 222 94 107
28 10 1 111 61 107 222 94 152
29 10 1 111 61 152 222 94 197
30 14 1 138 0 62 186 61 134
31 12 1 138 0 134 213 51 200
32 16 1 141 99 0 251 142 37
33 16 1 141 99 37 251 142 74
34 12 1 141 94 74 216 145 140
35 13 1 141 94 140 237 144 213
36 11 1 162 145 0 226 207 99
37 11 1 226 145 0 290 207 99
38 10 1 162 145 99 273 190 132
39 23 2 162 190 99 264 222 145
40 21 2 162 145 132 221 190 189
41 17 2 162 190 145 276 225 198
42 21 2 221 144 132 280 189 189
43 20 2 213 0 0 285 61 48
44 19 2 213 0 48 279 51 123
45 19 2 213 0 123 279 51 198
46 22 2 237 61 0 347 98 43
47 17 2 237 61 43 351 96 96
48 18 2 237 51 96 336 115 158
49 18 2 237 51 158 336 115 220
50 20 2 285 0 0 357 48 61
51 18 2 290 115 0 352 214 64
52 24 3 162 144 189 267 171 211
53 25 3 279 0 61 381 46 93
54 26 3 279 0 93 390 45 126
55 26 3 279 0 126 390 45 159
56 26 3 279 0 159 390 45 192
57 28 3 290 115 64 327 225 107
58 29 3 280 115 107 325 174 164
59 29 3 280 174 107 325 233 164
60 28 3 280 115 164 323 225 201
61 27 3 327 115 64 362 229 117
62 31 3 325 115 117 389 177 216
63 29 3 325 177 117 384 222 174
64 28 3 323 177 174 433 220 211
65 31 3 351 48 0 413 112 99
66 30 3 336 45 99 384 106 171
67 38 4 213 0 198 318 27 220
68 35 4 336 45 171 408 106 219
69 33 4 389 112 0 451 176 99
70 33 4 389 112 99 451 176 198
71 39 4 390 0 0 500 37 43
72 39 4 390 0 43 500 37 86
73 36 4 390 0 86 504 35 139
74 36 4 390 0 139 504 35 192
75 37 4 413 37 0 515 69 46
76 37 4 413 69 0 515 101 46
77 32 4 413 37 46 464 112 112
78 32 4 413 37 112 464 112 178
79 37 4 408 35 178 510 81 210
80 34 4 433 176 0 506 226 96
81 40 5 318 0 192 423 22 219
82 43 5 433 176 96 547 229 131
83 42 5 433 176 131 544 221 164
84 44 5 433 176 164 543 219 201
85 46 5 451 112 0 550 174 64
86 46 5 451 112 64 550 174 128
87 46 5 451 112 128 550 174 192
88 45 5 515 0 0 587 61 48
89 41 5 510 0 48 542 102 94
90 47 6 389 106 198 494 133 220
91 47 6 389 133 198 494 160 220
92 51 6 510 0 94 553 110 131
93 49 6 510 0 131 576 51 206
94 50 6 510 51 131 582 99 192
95 51 6 550 110 0 587 220 43
96 52 6 550 110 43 585 224 96
97 53 6 550 110 96 583 221 141
98 54 6 550 99 141 582 201 187
