Utilizacion 81.246483 VolCajasEmpacado 82.089743 Duracion[s] 60.055000 Iteraciones 799
0 9 0 0 0 0 36 87 53
1 9 0 0 87 0 36 174 53
2 9 0 0 0 53 36 87 106
3 9 0 0 87 53 36 174 106
4 9 0 0 0 106 36 87 159
5 9 0 0 87 106 36 174 159
6 9 0 0 0 159 36 87 212
7 9 0 0 87 159 36 174 212
8 3 0 0 174 0 34 205 53
9 3 0 0 174 53 34 205 106
10 3 0 0 174 106 34 205 159
11 3 0 0 174 159 34 205 212
12 12 0 34 174 0 124 225 55
13 12 0 34 174 55 124 225 110
14 12 0 34 174 110 124 225 165
15 12 0 34 174 165 124 225 220
16 1 0 36 0 0 103 55 27
17 1 0 103 0 0 170 55 27
18 1 0 36 55 0 103 110 27
19 1 0 103 55 0 170 110 27
20 1 0 36 110 0 103 165 27
21 1 0 103 110 0 170 165 27
22 11 0 36 0 27 104 87 67
23 11 0 36 87 27 104 174 67
24 11 0 36 0 67 104 87 107
25 11 0 36 87 67 104 174 107
26 11 0 36 0 107 104 87 147
27 11 0 36 87 107 104 174 147
28 11 0 36 0 147 104 87 187
29 11 0 36 87 147 104 174 187
30 2 0 36 0 187 127 29 220
31 2 0 36 29 187 127 58 220
32 2 0 36 58 187 127 87 220
33 2 0 36 87 187 127 116 220
34 2 0 36 116 187 127 145 220
35 2 0 36 145 187 127 174 220
36 3 0 127 0 27 161 53 58
37 3 0 127 0 58 161 53 89
38 3 0 127 0 89 161 53 120
39 3 0 127 0 120 161 53 151
40 3 0 127 0 151 161 53 182
41 3 0 127 0 182 161 53 213
42 3 0 124 174 0 155 208 53
43 12 0 124 174 53 175 229 143
44 3 0 124 174 143 155 227 177
45 13 0 127 53 27 178 164 91
46 13 0 127 53 91 178 164 155
47 13 0 127 53 155 178 164 219
48 8 0 155 164 143 191 211 214
49 13 0 170 0 0 281 51 64
50 13 0 170 0 64 281 51 128
51 13 0 170 0 128 281 51 192
52 0 0 178 0 192 268 60 217
53 6 0 178 60 0 222 150 35
54 6 0 222 60 0 266 150 35
55 6 0 266 60 0 310 150 35
56 6 0 310 60 0 354 150 35
57 6 0 354 60 0 398 150 35
58 6 0 398 60 0 442 150 35
59 6 0 442 60 0 486 150 35
60 6 0 486 60 0 530 150 35
61 6 0 530 60 0 574 150 35
62 14 0 178 60 35 248 148 110
63 14 0 248 60 35 318 148 110
64 14 0 318 60 35 388 148 110
65 14 0 388 60 35 458 148 110
66 14 0 458 60 35 528 148 110
67 14 0 178 60 110 248 148 185
68 14 0 248 60 110 318 148 185
69 14 0 318 60 110 388 148 185
70 14 0 388 60 110 458 148 185
71 14 0 458 60 110 528 148 185
72 7 0 178 60 185 234 157 220
73 8 0 191 157 0 238 193 71
74 8 0 191 193 0 238 229 71
75 8 0 191 157 71 238 193 142
76 8 0 191 193 71 238 229 142
77 0 0 191 157 142 281 217 167
78 0 0 191 157 167 281 217 192
79 0 0 191 157 192 281 217 217
80 2 0 234 60 185 325 89 218
81 2 0 325 60 185 416 89 218
82 2 0 234 89 185 325 118 218
83 2 0 325 89 185 416 118 218
84 2 0 234 118 185 325 147 218
85 2 0 325 118 185 416 147 218
86 12 0 281 0 0 371 51 55
87 12 0 281 0 55 371 51 110
88 12 0 281 0 110 371 51 165
89 12 0 281 0 165 371 51 220
90 10 0 281 150 0 400 191 38
91 10 0 281 191 0 400 232 38
92 4 0 281 148 38 386 225 69
93 10 0 281 148 69 400 189 107
94 10 0 281 189 69 400 230 107
95 10 0 281 148 107 400 189 145
96 10 0 281 189 107 400 230 145
97 10 0 281 148 145 400 189 183
98 10 0 281 189 145 400 230 183
99 5 0 281 148 183 394 195 217
100 2 0 281 195 183 372 228 212
101 13 0 371 0 0 482 51 64
102 13 0 371 0 64 482 51 128
103 13 0 371 0 128 482 51 192
104 0 0 371 0 192 461 60 217
105 5 0 416 60 185 529 107 219
106 5 0 416 107 185 529 154 219
107 0 0 400 154 0 490 214 25
108 0 0 490 154 0 580 214 25
109 0 0 400 154 25 490 214 50
110 0 0 490 154 25 580 214 50
111 0 0 400 154 50 490 214 75
112 0 0 490 154 50 580 214 75
113 7 0 400 154 75 497 189 131
114 7 0 400 189 75 497 224 131
115 9 0 400 154 131 487 190 184
116 7 0 394 154 184 491 210 219
117 7 0 482 0 0 579 35 56
118 7 0 482 0 56 579 35 112
119 7 0 482 0 112 579 35 168
120 12 0 482 0 168 572 55 219
121 11 0 497 154 75 584 194 143
122 14 0 491 154 143 579 224 218
123 7 0 529 55 35 585 152 70
124 7 0 529 55 70 585 152 105
125 11 0 529 55 105 569 142 173
