Utilizacion 77.011498 VolCajasEmpacado 77.648416 Duracion[s] 60.024000 Iteraciones 1370
0 8 0 0 0 0 85 115 60
1 8 0 85 0 0 170 115 60
2 8 0 0 115 0 85 230 60
3 8 0 85 115 0 170 230 60
4 3 0 0 0 60 83 113 136
5 3 0 0 113 60 83 226 136
6 11 0 0 0 136 41 53 215
7 14 0 0 53 136 68 103 167
8 10 0 0 53 167 88 141 210
9 1 0 0 141 136 104 201 162
10 0 0 0 141 162 96 232 190
11 16 0 0 141 190 70 182 220
12 16 0 0 182 190 70 223 220
13 11 0 41 0 136 94 41 215
14 17 0 70 141 190 106 227 219
15 15 0 88 41 60 192 71 115
16 15 0 88 71 60 192 101 115
17 12 0 88 101 60 180 141 104
18 12 0 88 101 104 180 141 148
19 1 0 88 41 115 192 101 141
20 1 0 88 41 141 192 101 167
21 1 0 88 41 167 192 101 193
22 1 0 88 41 193 192 101 219
23 17 0 88 101 148 174 130 184
24 17 0 88 101 184 174 130 220
25 18 0 94 0 60 208 31 89
26 18 0 94 0 89 208 31 118
27 18 0 94 0 118 208 31 147
28 18 0 94 0 147 208 31 176
29 16 0 94 0 176 164 41 206
30 13 0 164 0 176 237 32 218
31 19 0 106 141 60 150 183 104
32 11 0 106 183 60 159 224 139
33 11 0 106 183 139 159 224 218
34 17 0 106 141 104 192 177 133
35 16 0 106 141 133 176 182 163
36 6 0 192 32 0 260 130 99
37 6 0 192 130 0 260 228 99
38 6 0 192 32 99 260 130 198
39 6 0 192 130 99 260 228 198
40 2 0 260 0 0 350 79 100
41 2 0 260 0 100 350 79 200
42 5 0 260 79 0 333 171 89
43 7 0 260 79 89 333 147 151
44 7 0 260 79 151 333 147 213
45 9 0 260 171 0 350 231 60
46 9 0 260 171 60 350 231 120
47 4 0 260 147 120 354 221 218
48 8 0 333 79 0 418 139 115
49 0 0 354 139 0 450 230 28
50 0 0 354 139 28 450 230 56
51 10 0 354 139 56 442 227 99
52 10 0 354 139 99 442 227 142
53 10 0 354 139 142 442 227 185
54 23 1 333 79 115 448 139 200
55 36 1 354 139 185 390 225 214
56 37 1 350 0 0 464 29 31
57 37 1 350 29 0 464 58 31
58 24 1 350 0 31 418 73 93
59 24 1 350 0 93 418 73 155
60 24 1 350 0 155 418 73 217
61 32 1 390 139 185 432 212 217
62 24 1 418 0 31 480 68 104
63 25 1 418 0 104 517 68 202
64 20 1 448 68 0 490 112 44
65 20 1 448 68 44 490 112 88
66 20 1 448 68 88 490 112 132
67 20 1 448 68 132 490 112 176
68 20 1 448 68 176 490 112 220
69 28 1 450 112 0 533 225 76
70 38 1 442 139 76 538 230 104
71 38 1 442 139 104 538 230 132
72 38 1 442 139 132 538 230 160
73 38 1 442 139 160 538 230 188
74 39 1 432 139 188 536 199 214
75 31 1 490 68 0 582 112 40
76 33 1 490 68 40 558 99 90
77 36 1 490 99 76 576 135 105
78 35 1 490 68 105 531 138 135
79 30 1 490 68 135 569 109 188
80 35 1 490 68 188 531 138 218
81 35 1 517 0 0 587 41 30
82 35 1 517 0 30 587 41 60
83 35 1 517 0 60 587 41 90
84 35 1 517 0 90 587 41 120
85 24 1 517 0 120 579 68 193
86 32 1 536 68 188 578 141 220
