Utilizacion 72.416322 VolCajasEmpacado 73.195256 Duracion[s] 60.020000 Iteraciones 4903
0 0 0 0 0 0 68 105 42
1 0 0 68 0 0 136 105 42
2 0 0 0 105 0 68 210 42
3 0 0 68 105 0 136 210 42
4 1 0 0 0 42 75 24 79
5 2 1 0 24 42 105 66 110
6 2 1 0 24 110 105 66 178
7 3 1 0 0 178 73 79 204
8 4 2 73 0 178 110 75 202
9 7 3 0 79 42 105 147 84
10 7 3 0 147 42 105 215 84
11 6 3 0 79 84 73 158 110
12 5 3 0 158 84 75 182 121
13 9 4 0 79 110 73 158 136
14 10 4 0 182 84 105 224 152
15 10 4 0 182 152 105 224 220
16 8 4 0 158 121 75 182 158
17 8 4 0 158 158 75 182 195
18 8 4 0 79 136 37 154 160
19 11 5 0 79 160 73 158 186
20 12 5 75 75 84 117 180 152
21 15 6 0 79 186 75 116 210
22 15 6 0 116 186 75 153 210
23 13 6 75 75 152 117 180 220
24 15 6 110 0 42 147 75 66
25 15 6 110 0 66 147 75 90
26 14 6 136 75 0 209 154 26
27 16 7 136 75 26 209 154 52
28 16 7 117 75 52 190 154 78
29 17 8 110 0 90 147 75 114
30 18 8 117 75 78 196 148 104
31 19 9 110 0 114 147 75 138
32 19 9 110 0 138 134 75 175
33 20 9 117 75 104 190 154 130
34 20 9 117 75 130 190 154 156
35 20 9 117 75 156 190 154 182
36 21 9 136 154 0 241 222 42
37 22 10 110 0 175 134 75 212
38 23 10 117 75 182 190 154 208
39 23 10 147 0 0 226 73 26
40 24 11 134 0 138 158 75 175
41 25 11 158 0 26 263 68 68
42 27 12 158 0 68 237 73 94
43 26 12 158 0 94 263 68 136
44 28 13 117 154 42 154 229 66
45 29 13 117 154 66 190 233 92
46 30 13 105 180 92 210 222 160
47 31 14 117 154 160 196 227 186
48 31 14 117 154 186 196 227 212
49 32 14 158 0 136 263 68 178
50 32 14 158 0 178 263 68 220
51 32 14 209 73 0 314 115 68
52 33 15 196 73 68 301 141 110
53 34 16 190 68 110 214 143 147
54 34 16 190 68 147 214 143 184
55 34 16 190 68 184 227 143 208
56 35 16 227 68 110 306 141 136
57 36 16 227 68 136 332 110 204
58 38 17 227 110 136 332 152 204
59 38 17 241 152 0 346 220 42
60 38 17 263 0 0 368 68 42
61 37 17 332 68 0 405 147 26
62 40 18 263 0 42 368 68 84
63 39 18 332 68 26 411 141 52
64 39 18 332 68 52 405 147 78
65 41 19 196 152 160 220 227 197
66 43 19 263 0 84 368 68 126
67 43 19 263 0 126 368 68 168
68 41 19 220 152 42 244 227 79
69 41 19 244 152 42 268 227 79
70 42 19 220 152 79 293 231 105
71 42 19 220 152 105 293 231 131
72 44 20 220 152 131 244 227 168
73 46 20 263 0 168 368 68 210
74 45 20 244 152 131 317 231 157
75 47 21 244 152 157 317 231 183
76 48 21 332 68 78 437 110 146
77 48 21 332 110 78 437 152 146
78 48 21 332 68 146 437 110 214
79 48 21 332 110 146 437 152 214
80 49 22 346 152 0 451 220 42
81 52 23 220 152 183 295 176 220
82 50 23 368 0 0 473 68 42
83 50 23 368 0 42 473 68 84
84 50 23 368 0 84 473 68 126
85 51 23 437 68 0 510 147 26
86 53 24 220 176 183 295 213 207
87 54 25 368 0 126 473 42 194
88 55 26 368 0 194 443 37 218
89 55 26 295 152 183 332 227 207
90 56 26 332 152 42 405 231 68
91 56 26 332 152 68 405 231 94
92 57 26 332 152 94 437 220 136
93 58 27 332 152 136 405 231 162
94 58 27 332 152 162 405 231 188
95 58 27 332 152 188 405 231 214
96 58 27 437 68 26 510 147 52
97 59 27 437 68 52 542 136 94
98 60 28 368 42 126 443 66 163
99 61 28 437 68 94 516 141 120
100 61 28 437 68 120 516 141 146
101 62 29 437 66 146 516 139 172
102 63 30 437 42 172 510 121 198
103 65 31 405 152 136 429 227 173
104 65 31 405 152 173 429 227 210
105 64 31 451 147 0 530 220 26
106 66 32 437 121 172 512 145 209
107 66 32 437 147 42 461 222 79
108 66 32 437 145 79 474 220 103
109 67 32 437 145 103 510 224 129
110 68 32 437 145 129 542 213 171
111 68 32 437 145 171 542 213 213
112 69 33 473 0 0 548 37 24
113 70 34 473 0 24 578 42 92
114 70 34 473 0 92 578 42 160
115 71 35 473 0 160 548 37 184
116 71 35 473 0 184 548 37 208
117 71 35 510 42 0 585 66 37
118 71 35 510 42 37 585 66 74
119 71 35 510 42 74 585 66 111
120 73 35 542 66 0 584 171 68
121 73 35 542 66 68 584 171 136
