Utilizacion 72.701942 VolCajasEmpacado 73.833909 Duracion[s] 60.019000 Iteraciones 1806
0 3 0 0 0 0 37 119 63
1 3 0 37 0 0 74 119 63
2 4 0 0 0 63 54 38 112
3 4 0 0 0 112 54 38 161
4 4 0 0 0 161 54 38 210
5 1 0 0 119 0 55 227 29
6 1 0 0 119 29 55 227 58
7 1 0 0 119 58 55 227 87
8 8 0 0 38 63 66 119 141
9 8 0 0 38 141 66 119 219
10 9 0 0 119 87 49 230 108
11 2 0 0 119 108 72 149 158
12 5 0 0 149 108 58 189 166
13 5 0 0 189 108 58 229 166
14 9 0 0 119 166 49 230 187
15 9 0 0 119 187 49 230 208
16 8 0 58 149 0 139 215 78
17 7 0 58 149 78 146 220 139
18 4 0 58 149 139 96 198 193
19 9 0 49 119 193 98 230 214
20 6 0 74 0 0 120 44 69
21 5 0 66 0 69 106 58 127
22 5 0 66 0 127 106 58 185
23 0 0 106 44 0 200 144 28
24 0 0 106 44 28 200 144 56
25 10 1 66 0 185 121 108 214
26 16 1 98 108 139 135 227 202
27 13 1 121 0 0 190 44 46
28 13 1 121 0 46 190 44 92
29 12 1 121 0 92 209 71 153
30 12 1 121 0 153 209 71 214
31 17 1 121 71 56 193 101 106
32 17 1 121 71 106 193 101 156
33 17 1 121 71 156 193 101 206
34 15 1 135 101 56 184 139 110
35 15 1 135 101 110 184 139 164
36 15 1 135 101 164 184 139 218
37 12 1 146 144 0 217 232 61
38 18 1 146 139 61 246 233 89
39 18 1 146 139 89 246 233 117
40 18 1 146 139 117 246 233 145
41 18 1 146 139 145 246 233 173
42 18 1 146 139 173 246 233 201
43 17 1 200 71 0 272 101 50
44 17 1 200 101 0 272 131 50
45 11 1 200 71 50 281 137 128
46 11 1 200 71 128 281 137 206
47 11 1 209 0 0 287 66 81
48 10 1 209 0 81 317 55 110
49 10 1 209 0 110 317 55 139
50 14 1 209 0 139 267 58 179
51 14 1 209 0 179 267 58 219
52 16 1 246 137 0 365 174 63
53 16 1 246 174 0 365 211 63
54 19 1 246 137 63 357 186 84
55 16 1 246 186 63 365 223 126
56 16 1 246 186 126 365 223 189
57 15 1 246 137 84 300 175 133
58 29 2 246 137 133 284 186 187
59 24 2 267 0 139 325 58 179
60 24 2 267 0 179 325 58 219
61 29 2 281 66 0 319 120 49
62 29 2 281 66 49 319 120 98
63 29 2 281 66 98 319 120 147
64 29 2 281 66 147 319 120 196
65 28 2 281 58 196 330 169 217
66 26 2 246 169 189 318 219 219
67 24 2 325 0 0 365 58 58
68 24 2 325 0 58 365 58 116
69 23 2 325 0 116 394 44 162
70 23 2 325 0 162 394 44 208
71 21 2 330 58 0 396 136 81
72 21 2 330 58 81 396 136 162
73 20 2 330 44 162 385 152 191
74 20 2 330 44 191 385 152 220
75 23 2 365 152 0 409 198 69
76 23 2 365 152 69 409 198 138
77 20 2 330 152 138 438 181 193
78 28 2 330 152 193 441 201 214
79 20 2 365 201 0 473 230 55
80 20 2 473 201 0 581 230 55
81 20 2 365 201 55 473 230 110
82 25 2 394 0 0 513 37 63
83 25 2 394 0 63 513 37 126
84 27 2 396 37 0 490 137 28
85 22 2 396 37 28 484 108 89
86 22 2 396 37 89 484 108 150
87 22 2 396 37 150 484 108 211
88 27 2 490 37 0 584 137 28
89 21 2 513 0 28 579 81 106
90 27 2 484 81 28 584 175 56
91 27 2 484 81 56 584 175 84
92 27 2 484 81 84 584 175 112
93 27 2 484 81 112 584 175 140
94 27 2 484 81 140 584 175 168
95 27 2 484 81 168 584 175 196
96 39 3 441 108 196 552 157 217
97 36 3 365 201 110 437 231 160
98 36 3 365 201 160 437 231 210
99 35 3 394 0 126 513 37 189
100 36 3 437 201 110 509 231 160
101 36 3 437 201 160 509 231 210
102 36 3 484 0 189 534 72 219
103 34 3 509 175 55 567 233 95
104 34 3 509 175 95 567 233 135
105 30 3 509 175 135 547 224 189
106 30 3 547 175 135 585 224 189
107 36 3 509 175 189 581 225 219
108 36 3 534 0 106 584 72 136
109 33 3 534 0 136 580 44 205
