Utilizacion 70.293955 VolCajasEmpacado 70.659355 Duracion[s] 60.065000 Iteraciones 1341
0 1 0 0 0 0 22 55 37
1 1 0 0 0 37 22 55 74
2 2 0 0 0 74 36 61 130
3 0 0 0 0 130 55 72 161
4 0 0 0 0 161 55 72 192
5 0 0 0 72 0 72 127 31
6 0 0 0 127 0 72 182 31
7 3 1 0 0 192 55 37 214
8 3 1 0 37 192 55 74 214
9 5 1 0 182 0 72 213 55
10 5 1 0 182 55 72 213 110
11 5 1 0 182 110 72 213 165
12 4 1 0 74 31 36 135 87
13 3 1 0 135 31 55 157 68
14 8 2 0 74 87 61 110 143
15 8 2 0 74 143 61 110 199
16 6 2 0 110 87 55 147 109
17 7 2 0 110 109 55 182 140
18 7 2 0 110 140 55 182 171
19 7 2 0 110 171 55 182 202
20 8 2 55 0 0 91 61 56
21 9 3 0 182 165 72 213 220
22 10 3 55 0 56 116 36 112
23 10 3 55 36 56 116 72 112
24 10 3 55 0 112 116 36 168
25 11 4 55 110 31 86 182 86
26 12 4 55 0 168 111 61 204
27 15 5 55 110 86 116 146 142
28 15 5 55 146 86 116 182 142
29 15 5 55 110 142 111 171 178
30 15 5 55 110 178 111 171 214
31 13 5 61 61 112 116 83 149
32 13 5 61 61 149 116 83 186
33 13 5 61 61 186 116 98 208
34 13 5 72 171 142 127 193 179
35 14 5 72 193 0 144 224 55
36 14 5 72 193 55 144 224 110
37 16 6 72 171 179 127 193 216
38 18 6 72 193 110 128 229 171
39 16 6 72 193 171 127 230 193
40 16 6 72 193 193 127 230 215
41 17 6 116 0 0 171 72 31
42 18 6 116 0 31 177 36 87
43 20 7 116 0 87 152 56 148
44 20 7 116 0 148 152 56 209
45 21 7 152 0 87 189 55 109
46 21 7 116 56 31 171 78 68
47 19 7 116 78 0 188 109 55
48 19 7 116 109 0 188 140 55
49 23 8 116 56 68 188 87 123
50 23 8 116 56 123 188 87 178
51 22 8 116 56 178 171 93 200
52 23 8 152 0 109 224 55 140
53 22 8 152 0 140 207 22 177
54 22 8 152 0 177 207 22 214
55 24 8 116 93 55 152 154 111
56 26 9 152 22 140 224 53 195
57 25 9 171 22 195 226 59 217
58 25 9 171 59 178 193 114 215
59 25 9 116 93 111 171 115 148
60 25 9 116 115 111 171 137 148
61 25 9 116 137 111 171 159 148
62 26 9 111 98 148 166 170 179
63 26 9 111 98 179 166 170 210
64 27 9 144 170 0 200 231 36
65 28 10 128 170 110 150 225 147
66 30 10 128 170 147 164 231 203
67 30 10 164 170 36 220 231 72
68 30 10 164 170 72 220 231 108
69 30 10 164 170 108 220 231 144
70 29 10 164 170 144 236 201 199
71 29 10 164 201 144 236 232 199
72 29 10 188 114 0 260 169 31
73 31 11 171 140 31 226 162 68
74 31 11 171 140 68 226 162 105
75 31 11 171 140 105 226 162 142
76 31 11 171 140 142 226 162 179
77 33 11 166 114 179 227 170 215
78 33 11 193 59 0 249 95 61
79 33 11 249 59 0 305 95 61
80 32 11 193 59 61 265 114 92
81 35 12 193 59 92 265 114 123
82 35 12 193 59 123 265 114 154
83 35 12 193 59 154 265 114 185
84 36 12 193 59 185 230 114 207
85 34 12 226 0 0 287 56 36
86 37 13 224 0 36 279 22 73
87 37 13 224 0 73 279 22 110
88 37 13 224 0 110 279 22 147
89 37 13 224 0 147 279 22 184
90 37 13 226 22 36 281 59 58
91 38 13 226 22 58 282 58 119
92 38 13 226 22 119 282 58 180
93 39 13 236 114 31 267 186 86
94 39 13 236 114 86 267 186 141
95 39 13 236 114 141 267 186 196
96 39 13 236 186 0 308 217 55
97 40 14 227 114 196 264 169 218
98 40 14 226 0 184 281 37 206
99 41 14 230 37 185 285 109 216
100 42 14 236 186 55 292 222 116
101 42 14 236 186 116 297 222 172
102 42 14 267 109 0 323 170 36
103 43 15 236 186 172 291 208 209
104 43 15 236 208 172 291 230 209
105 44 15 267 109 36 322 181 67
106 44 15 267 109 67 322 181 98
107 45 16 267 109 98 322 146 120
108 45 16 267 146 98 322 183 120
109 45 16 267 109 120 322 146 142
110 45 16 267 146 120 322 183 142
111 47 16 267 109 142 323 145 203
112 47 16 267 145 142 323 181 203
113 46 16 287 0 0 359 55 31
114 46 16 287 0 31 359 55 62
115 48 17 281 0 62 336 22 99
116 48 17 281 0 99 336 22 136
117 48 17 281 0 136 336 22 173
118 49 17 285 22 62 357 77 93
119 49 17 285 22 93 357 77 124
120 49 17 285 22 124 357 77 155
121 50 18 285 22 155 357 77 186
122 50 18 285 22 186 357 77 217
123 53 19 281 0 173 336 22 210
124 52 19 305 77 0 377 108 55
125 52 19 305 77 55 377 108 110
126 53 19 285 77 110 340 99 147
127 51 19 340 77 110 376 133 171
128 51 19 308 183 0 369 219 56
129 51 19 369 183 0 430 219 56
130 51 19 430 183 0 491 219 56
131 54 20 297 183 56 352 205 93
132 54 20 297 205 56 352 227 93
133 54 20 297 183 93 352 205 130
134 54 20 297 205 93 352 227 130
135 54 20 297 183 130 352 220 152
136 55 20 297 181 152 369 212 207
137 56 20 323 77 171 384 133 207
138 56 20 323 133 0 379 169 61
139 56 20 323 133 61 379 169 122
140 56 20 323 133 122 379 169 183
141 56 20 359 0 0 415 61 36
142 58 21 359 0 36 415 36 97
143 58 21 359 36 36 415 72 97
144 57 21 357 0 97 412 72 128
145 59 22 323 133 183 378 155 220
146 59 22 323 155 183 378 177 220
147 60 22 357 0 128 412 72 159
148 60 22 357 0 159 412 72 190
149 60 22 369 177 56 441 208 111
150 61 23 357 0 190 412 37 212
151 61 23 357 37 190 412 74 212
152 61 23 369 177 111 406 232 133
153 62 23 369 177 133 441 232 164
154 62 23 369 177 164 441 232 195
155 63 23 379 133 0 435 169 61
156 64 24 369 177 195 406 232 217
157 66 24 379 133 61 435 169 122
158 66 24 379 133 122 435 169 183
159 65 24 384 74 0 456 129 31
160 65 24 384 74 31 456 129 62
161 64 24 384 74 62 439 96 99
162 67 25 384 96 62 440 132 123
163 69 25 384 74 123 406 129 160
164 69 25 406 74 123 428 129 160
165 68 25 384 74 160 456 129 191
166 68 25 415 0 0 446 72 55
167 68 25 446 0 0 477 72 55
168 70 26 384 74 191 421 129 213
169 70 26 421 74 191 458 129 213
170 70 26 384 129 183 439 151 220
171 70 26 384 151 183 439 173 220
172 70 26 406 173 195 461 210 217
173 71 26 415 0 55 471 61 91
174 71 26 415 0 91 471 61 127
175 71 26 415 0 127 471 61 163
176 72 26 412 0 163 467 72 194
177 73 27 412 0 194 467 37 216
178 73 27 412 37 194 467 74 216
179 75 27 439 132 0 495 168 61
180 75 27 495 132 0 551 168 61
181 74 27 439 132 61 511 163 116
182 74 27 439 132 116 511 163 171
183 75 27 461 168 56 497 229 112
184 76 28 439 129 171 494 166 193
185 76 28 439 129 193 494 166 215
186 78 28 461 166 112 522 202 168
187 77 28 458 74 0 530 129 31
188 77 28 458 74 31 530 129 62
189 78 28 458 74 62 519 110 118
190 79 29 441 210 112 496 232 149
191 80 29 461 166 168 533 221 199
192 79 29 458 74 118 480 129 155
193 80 29 477 0 0 532 72 31
194 80 29 477 0 31 532 72 62
195 81 30 458 74 155 480 129 192
196 81 30 458 74 192 495 129 214
197 82 30 471 0 62 532 56 98
198 85 31 471 0 98 532 56 134
199 85 31 471 0 134 532 56 170
200 85 31 471 0 170 532 56 206
201 84 31 495 56 118 526 128 173
202 83 31 495 56 173 532 111 195
203 83 31 495 56 195 532 111 217
204 85 31 511 129 61 572 165 117
205 85 31 511 129 117 572 165 173
206 84 31 532 0 0 587 72 31
207 84 31 532 0 31 587 72 62
208 84 31 532 0 62 587 72 93
209 84 31 532 0 93 587 72 124
210 88 32 494 129 173 549 166 195
211 88 32 494 129 195 549 166 217
212 87 32 532 72 0 568 128 61
213 87 32 532 72 61 568 128 122
214 87 32 532 72 122 568 128 183
215 86 32 532 0 124 587 72 155
216 86 32 532 0 155 587 72 186
217 86 32 532 0 186 587 72 217
218 87 32 533 168 0 569 229 56
219 89 33 532 72 183 554 127 220
220 89 33 554 72 183 576 127 220
221 91 33 533 168 56 569 229 112
222 91 33 533 166 112 569 227 168
