Utilizacion 72.794386 VolCajasEmpacado 74.605571 Duracion[s] 60.005000 Iteraciones 4116
0 3 0 0 0 0 52 87 42
1 3 0 0 0 42 52 87 84
2 1 0 0 87 0 116 123 53
3 1 0 0 123 0 116 159 53
4 1 0 0 159 0 116 195 53
5 6 0 0 0 84 91 106 108
6 6 0 0 0 108 91 106 132
7 2 0 0 195 0 100 233 56
8 5 0 0 0 132 71 82 212
9 4 0 0 106 53 86 173 146
10 0 0 0 82 146 76 171 176
11 7 1 0 82 176 35 135 218
12 7 1 35 82 176 70 135 218
13 10 1 0 173 56 100 229 94
14 9 1 0 135 176 87 187 218
15 11 1 0 187 94 116 223 147
16 8 1 91 0 0 177 67 93
17 8 1 177 0 0 263 67 93
18 12 1 91 0 93 182 106 117
19 12 1 91 0 117 182 106 141
20 18 2 0 187 147 66 214 184
21 16 2 66 187 147 166 225 203
22 20 2 71 0 141 187 36 194
23 15 2 71 36 141 158 78 193
24 14 2 187 0 93 254 98 183
25 13 2 116 106 0 198 186 71
26 13 2 116 106 71 198 186 142
27 19 2 87 78 142 178 184 166
28 17 2 87 78 166 163 167 196
29 28 3 71 36 193 137 73 220
30 29 3 87 73 196 178 179 220
31 27 3 166 186 0 219 228 35
32 25 3 166 186 35 253 228 87
33 25 3 166 186 87 253 228 139
34 24 3 166 186 139 251 232 218
35 22 3 198 98 0 269 178 82
36 22 3 198 98 82 269 178 164
37 26 3 178 98 164 278 136 220
38 26 3 178 136 164 278 174 220
39 24 3 253 178 0 338 224 79
40 21 3 263 0 0 330 98 90
41 23 3 263 0 90 330 86 183
42 21 3 278 98 0 368 165 98
43 33 4 178 36 183 294 89 219
44 32 4 294 0 183 336 53 218
45 34 4 278 165 79 371 232 165
46 31 4 278 89 98 367 165 128
47 34 4 278 89 128 371 156 214
48 30 4 371 0 0 462 106 24
49 30 4 371 106 0 462 212 24
50 41 5 251 174 165 367 210 218
51 41 5 330 53 24 446 89 77
52 42 5 330 53 77 372 88 130
53 42 5 330 53 130 372 88 183
54 44 5 336 0 24 423 52 66
55 43 5 372 0 77 463 106 101
56 43 5 372 0 101 463 106 125
57 43 5 372 0 125 463 106 149
58 43 5 372 0 149 463 106 173
59 37 5 371 106 24 461 173 122
60 40 5 371 173 24 471 229 62
61 39 5 371 173 62 450 219 147
62 36 5 372 0 173 448 89 203
63 38 5 371 106 122 464 173 208
64 38 5 463 0 0 549 93 67
65 35 5 463 0 67 534 82 147
66 36 5 463 0 147 552 76 177
67 46 6 448 0 177 483 53 219
68 45 6 371 173 147 437 210 174
69 46 6 367 173 174 409 226 209
70 45 6 448 53 177 514 80 214
71 49 6 464 93 0 549 172 46
72 48 6 483 0 177 570 52 219
73 50 6 464 93 46 535 173 128
74 49 6 464 82 128 543 128 213
75 48 6 464 128 128 516 215 170
76 47 6 437 173 170 537 229 208
77 57 7 464 128 170 517 170 205
78 56 7 549 76 0 585 192 53
79 51 7 537 128 53 583 213 132
80 59 7 537 128 132 579 215 184
