Utilizacion 75.258019 VolCajasEmpacado 76.390100 Duracion[s] 60.036000 Iteraciones 1411
0 1 0 0 0 0 64 72 31
1 1 0 64 0 0 128 72 31
2 1 0 128 0 0 192 72 31
3 1 0 192 0 0 256 72 31
4 1 0 256 0 0 320 72 31
5 1 0 320 0 0 384 72 31
6 1 0 384 0 0 448 72 31
7 1 0 448 0 0 512 72 31
8 1 0 512 0 0 576 72 31
9 5 0 0 0 31 63 68 84
10 5 0 0 0 84 63 68 137
11 2 0 0 0 137 34 90 178
12 2 0 0 0 178 34 90 219
13 2 0 0 90 0 41 180 34
14 3 0 34 0 137 68 75 193
15 6 0 0 90 34 21 145 64
16 6 0 0 90 64 21 145 94
17 3 0 0 90 94 34 165 150
18 3 0 0 90 150 34 165 206
19 4 0 68 0 31 162 90 75
20 0 0 68 0 75 99 31 117
21 0 0 68 31 75 99 62 117
22 4 0 41 90 0 131 184 44
23 11 1 0 165 44 90 199 85
24 11 1 0 165 85 90 199 126
25 11 1 0 165 126 90 199 167
26 14 1 34 0 193 89 30 214
27 14 1 34 30 193 89 60 214
28 13 1 0 199 0 64 227 32
29 13 1 0 199 32 64 227 64
30 7 1 0 165 167 42 196 198
31 7 1 0 199 64 42 230 95
32 7 1 0 199 95 42 230 126
33 7 1 0 199 126 42 230 157
34 10 1 0 199 157 75 233 213
35 8 1 34 90 44 102 153 97
36 9 1 34 75 97 128 165 141
37 9 1 34 75 141 128 165 185
38 12 1 34 75 185 106 139 216
39 10 1 99 0 75 155 75 109
40 10 1 75 199 0 150 233 56
41 10 1 150 199 0 225 233 56
42 12 1 99 0 109 163 72 140
43 12 1 89 0 140 153 72 171
44 12 1 89 0 171 161 64 202
45 8 1 90 165 56 143 233 119
46 8 1 90 165 119 143 233 182
47 12 1 75 165 182 147 229 213
48 19 2 34 139 185 89 160 215
49 19 2 89 139 185 144 160 215
50 20 2 106 64 185 134 128 217
51 17 2 134 90 0 224 131 34
52 17 2 224 90 0 314 131 34
53 19 2 134 90 34 189 111 64
54 18 2 134 90 64 165 132 95
55 20 2 134 75 95 162 139 127
56 16 2 134 72 127 187 135 195
57 15 2 187 111 34 262 145 90
58 15 2 187 111 90 262 145 146
59 21 2 163 0 31 235 64 62
60 16 2 147 145 0 215 198 63
61 16 2 147 145 63 210 213 116
62 21 2 147 145 116 211 217 147
63 21 2 147 145 147 211 217 178
64 16 2 163 0 62 231 63 115
65 16 2 163 0 115 216 68 178
66 29 3 134 64 195 189 94 216
67 29 3 134 94 195 189 124 216
68 29 3 144 135 178 199 165 199
69 29 3 144 135 199 199 165 220
70 27 3 147 165 178 189 196 209
71 25 3 147 196 178 237 230 219
72 24 3 161 0 178 236 56 212
73 25 3 211 68 146 252 158 180
74 25 3 211 68 180 252 158 214
75 24 3 215 158 0 290 192 56
76 24 3 215 158 56 290 192 112
77 28 3 211 158 112 275 190 140
78 28 3 211 158 140 275 190 168
79 28 3 211 158 168 275 190 196
80 22 3 236 0 31 299 68 84
81 22 3 236 0 84 299 68 137
82 26 3 236 0 137 308 64 168
83 26 3 236 0 168 308 64 199
84 23 3 262 68 34 356 158 78
85 30 4 236 0 199 266 55 220
86 30 4 266 0 199 296 55 220
87 30 4 189 165 196 244 195 217
88 34 4 252 68 78 327 102 134
89 31 4 237 195 0 301 227 28
90 34 4 237 195 28 312 229 84
91 33 4 237 195 84 327 229 125
92 33 4 237 195 125 327 229 166
93 33 4 237 195 166 327 229 207
94 33 4 252 68 134 342 109 168
95 32 4 252 64 168 294 95 199
96 31 4 252 95 168 316 123 200
97 34 4 262 123 78 337 157 134
98 33 4 262 123 134 352 157 175
99 33 4 262 123 175 352 157 216
100 33 4 290 158 0 380 192 41
101 33 4 290 158 41 380 192 82
102 33 4 290 158 82 380 192 123
103 32 4 275 157 123 306 188 165
104 32 4 275 157 165 306 188 207
105 34 4 306 157 123 381 191 179
106 36 4 308 0 31 361 63 99
107 34 4 308 0 99 383 56 133
108 34 4 308 0 133 383 56 167
109 35 4 381 72 0 475 162 44
110 35 4 475 72 0 569 162 44
111 35 4 356 63 44 446 157 88
112 43 5 252 55 199 307 85 220
113 38 5 306 157 179 370 189 207
114 42 5 307 64 168 349 95 199
115 41 5 308 0 167 380 64 198
116 44 5 327 192 0 417 233 34
117 44 5 327 192 34 417 233 68
118 44 5 327 192 68 417 233 102
119 44 5 327 192 102 417 233 136
120 44 5 327 192 136 417 233 170
121 44 5 327 192 170 417 233 204
122 38 5 342 95 88 406 123 120
123 38 5 342 95 120 406 123 152
124 42 5 349 64 88 380 95 130
125 37 5 352 64 152 405 127 220
126 40 5 381 127 88 456 183 122
127 41 5 381 127 122 453 191 153
128 41 5 381 127 153 453 191 184
129 41 5 381 127 184 453 191 215
130 37 5 383 0 31 451 63 84
131 44 5 383 0 84 473 41 118
132 39 5 456 41 44 546 135 88
133 45 6 308 0 198 338 55 219
134 45 6 338 0 198 368 55 219
135 48 6 383 0 118 455 64 149
136 48 6 383 0 149 455 64 180
137 48 6 383 0 180 455 64 211
138 47 6 455 0 118 486 42 149
139 47 6 455 0 149 486 42 180
140 47 6 455 0 180 486 42 211
141 46 6 405 64 88 469 92 120
142 46 6 405 64 120 469 92 152
143 49 6 406 92 88 496 126 129
144 49 6 496 92 88 586 126 129
145 49 6 406 92 129 496 126 170
146 49 6 496 92 129 586 126 170
147 49 6 406 92 170 496 126 211
148 49 6 496 92 170 586 126 211
149 45 6 405 64 152 460 85 182
150 50 6 417 191 0 492 225 56
151 50 6 417 191 56 492 225 112
152 50 6 417 191 112 492 225 168
153 51 6 486 0 88 580 90 132
154 51 6 486 0 132 580 90 176
155 51 6 486 0 176 580 90 220
156 52 6 456 135 44 519 188 112
157 52 6 456 135 112 519 188 180
158 56 7 417 191 168 448 233 199
159 56 7 448 191 168 479 233 199
160 58 7 417 191 199 472 221 220
161 57 7 453 126 180 517 158 208
162 58 7 453 158 180 508 179 210
163 59 7 492 188 0 582 229 34
164 59 7 492 188 34 582 229 68
165 59 7 492 188 68 582 229 102
166 58 7 492 188 102 547 209 132
167 58 7 492 209 102 547 230 132
168 55 7 492 188 132 567 222 188
169 54 7 519 135 44 582 188 112
170 54 7 519 135 112 582 188 180
