Utilizacion 74.437457 VolCajasEmpacado 75.079874 Duracion[s] 60.010000 Iteraciones 2513
0 6 0 0 0 0 120 74 67
1 6 0 0 74 0 120 148 67
2 6 0 0 148 0 120 222 67
3 3 0 0 0 67 60 49 137
4 3 0 0 0 137 60 49 207
5 2 0 0 49 67 57 97 121
6 4 0 0 49 121 55 111 174
7 0 0 0 49 174 75 101 211
8 0 0 0 111 67 52 186 104
9 1 0 0 186 67 100 226 139
10 8 0 0 111 104 83 184 140
11 6 0 0 111 140 67 231 214
12 7 0 75 0 67 155 78 138
13 7 0 75 0 138 155 78 209
14 5 0 120 78 0 175 188 60
15 17 1 67 101 140 99 204 200
16 15 1 99 78 67 139 178 139
17 9 1 120 188 0 195 225 52
18 9 1 120 188 52 195 225 104
19 14 1 100 178 104 157 232 152
20 12 1 99 78 139 161 150 219
21 13 1 99 150 152 209 210 207
22 11 1 155 0 0 222 74 120
23 11 1 222 0 0 289 74 120
24 11 1 289 0 0 356 74 120
25 12 1 155 0 120 217 72 200
26 16 1 217 0 120 290 83 156
27 16 1 290 0 120 363 83 156
28 16 1 217 0 156 290 83 192
29 16 1 290 0 156 363 83 192
30 13 1 175 83 0 285 143 55
31 10 1 209 83 55 280 161 135
32 26 2 161 83 135 264 115 195
33 26 2 161 115 135 264 147 195
34 19 2 209 161 0 289 232 78
35 23 2 209 161 78 263 218 126
36 21 2 209 161 126 281 223 206
37 19 2 285 83 0 365 154 78
38 19 2 285 83 78 365 154 156
39 25 2 264 83 156 347 156 192
40 21 2 289 156 0 369 218 72
41 25 2 289 156 72 372 229 108
42 25 2 289 156 108 372 229 144
43 27 2 281 156 144 341 205 214
44 18 2 341 156 144 396 218 197
45 19 2 363 0 0 434 80 78
46 20 2 363 0 78 430 74 198
47 24 2 365 80 0 465 152 40
48 24 2 365 80 40 465 152 80
49 24 2 365 80 80 465 152 120
50 22 2 365 74 120 475 149 170
51 35 3 347 83 170 401 140 218
52 35 3 401 83 170 455 140 218
53 34 3 396 152 0 466 212 49
54 34 3 396 152 49 466 212 98
55 34 3 396 152 98 466 212 147
56 37 3 396 149 147 469 232 183
57 37 3 396 140 183 469 223 219
58 30 3 434 0 0 554 74 67
59 30 3 434 0 67 554 74 134
60 30 3 434 0 134 554 74 201
61 29 3 469 149 0 540 229 78
62 37 3 469 149 78 552 222 114
63 37 3 469 149 114 552 222 150
64 31 3 469 149 150 579 204 210
65 36 3 475 74 0 575 146 40
66 28 3 475 74 40 555 146 102
67 33 3 475 74 102 585 149 152
68 38 3 475 74 152 578 134 184
69 38 3 475 74 184 578 134 216
