Utilizacion 71.776453 VolCajasEmpacado 72.868413 Duracion[s] 60.006000 Iteraciones 7685
0 1 0 0 0 0 37 110 43
1 1 0 0 110 0 37 220 43
2 0 0 0 0 43 64 99 105
3 1 0 0 0 105 37 110 148
4 4 1 0 110 43 43 220 80
5 4 1 0 110 80 43 220 117
6 2 1 0 110 117 50 183 213
7 3 1 0 0 148 62 99 212
8 2 1 0 183 117 73 233 213
9 6 2 50 99 0 149 161 64
10 6 2 50 99 64 149 161 128
11 5 2 50 99 128 160 142 165
12 7 3 50 99 165 160 142 202
13 8 3 64 0 0 128 99 62
14 8 3 64 0 62 126 99 126
15 8 3 64 0 126 126 99 190
16 10 4 73 161 0 135 225 99
17 9 4 73 161 99 169 211 172
18 12 5 128 0 0 190 99 64
19 12 5 128 0 64 190 99 128
20 11 5 126 0 128 176 96 201
21 13 6 160 99 0 233 149 96
22 13 6 160 99 96 256 149 169
23 14 7 73 142 172 183 185 209
24 15 7 183 149 0 233 222 96
25 15 7 233 149 0 283 222 96
26 16 7 183 149 96 282 213 158
27 17 8 183 149 158 282 213 220
28 18 8 190 0 0 240 96 73
29 18 8 190 0 73 240 96 146
30 18 8 190 0 146 240 96 219
31 18 8 240 0 0 336 50 73
32 19 9 240 0 73 313 96 123
33 20 10 240 0 123 304 99 185
34 21 11 160 99 169 270 142 206
35 21 11 270 99 0 380 136 43
36 22 11 283 136 0 382 200 62
37 23 12 283 99 62 320 209 105
38 24 13 282 99 105 325 209 142
39 25 14 282 99 142 346 198 204
40 26 15 313 50 0 423 87 43
41 26 15 423 50 0 533 87 43
42 27 15 382 87 0 444 151 99
43 27 15 382 151 0 444 215 99
44 28 16 313 50 43 423 87 86
45 29 16 336 0 0 409 50 96
46 30 16 313 0 96 412 64 158
47 30 16 313 0 158 412 64 220
48 31 17 346 64 99 445 126 163
49 32 18 346 126 99 445 188 163
50 33 19 346 64 163 456 101 206
51 33 19 346 101 163 456 138 206
52 34 20 346 138 163 456 175 206
53 35 20 456 87 0 555 149 64
54 36 21 412 0 0 485 50 96
55 37 22 346 188 99 456 231 136
56 37 22 346 188 136 456 231 173
57 38 22 412 0 96 485 50 192
58 39 23 346 175 173 456 212 216
59 41 24 456 149 0 552 222 50
60 42 24 456 50 64 520 149 126
61 41 24 456 50 126 552 100 199
62 40 24 456 100 126 566 143 163
63 43 25 456 149 50 555 213 112
64 43 25 456 149 112 518 213 211
65 44 26 456 100 163 566 143 200
66 46 26 485 0 0 581 50 73
67 45 26 518 149 112 582 211 211
68 47 27 485 0 73 581 50 146
69 47 27 485 0 146 581 50 219
