Utilizacion 70.152531 VolCajasEmpacado 70.625706 Duracion[s] 60.014000 Iteraciones 3723
0 6 0 0 0 0 55 22 37
1 3 0 0 0 37 56 36 98
2 3 0 0 0 98 56 36 159
3 3 0 0 0 159 56 36 220
4 2 0 0 36 0 55 108 31
5 2 0 0 108 0 55 180 31
6 5 0 0 36 31 66 97 105
7 5 0 0 36 105 66 97 179
8 4 0 0 36 179 97 128 219
9 1 0 0 128 31 108 226 58
10 0 0 0 128 58 76 200 80
11 5 0 0 128 80 61 194 154
12 11 1 0 200 58 43 232 97
13 11 1 43 200 58 86 232 97
14 11 1 86 200 58 129 232 97
15 9 1 0 128 154 61 202 220
16 12 1 0 202 97 55 224 134
17 12 1 0 202 134 55 224 171
18 10 1 97 0 0 211 41 43
19 10 1 97 41 0 211 82 43
20 10 1 97 82 0 211 123 43
21 7 1 97 0 43 195 108 70
22 8 1 97 0 70 170 109 135
23 8 1 97 0 135 170 109 200
24 18 2 0 202 171 55 224 208
25 18 2 55 202 97 110 224 134
26 18 2 55 202 134 110 224 171
27 20 2 76 128 58 131 200 89
28 13 2 61 128 89 141 190 198
29 19 2 61 128 198 133 204 220
30 16 2 133 190 0 165 233 39
31 16 2 165 190 0 197 233 39
32 15 2 170 0 70 213 114 111
33 20 2 133 190 39 205 221 94
34 14 2 141 123 0 250 188 73
35 17 2 213 0 0 321 98 27
36 17 2 213 0 27 321 98 54
37 21 3 170 0 111 250 62 220
38 27 3 133 190 94 189 226 155
39 27 3 133 190 155 189 226 216
40 22 3 141 114 73 206 187 182
41 29 3 141 109 182 213 185 204
42 24 3 170 62 111 227 107 168
43 28 3 170 62 168 202 105 207
44 25 3 205 188 0 319 231 41
45 25 3 205 188 41 319 231 82
46 23 3 213 107 73 279 168 147
47 23 3 213 107 147 287 168 213
48 26 3 250 0 54 347 92 94
49 26 3 250 0 94 347 92 134
50 26 3 250 0 134 347 92 174
51 32 4 202 62 174 316 105 215
52 30 4 250 0 174 305 22 211
53 32 4 205 187 82 319 230 123
54 33 4 189 187 123 246 232 180
55 34 4 246 168 123 355 230 203
56 34 4 287 105 0 367 167 109
57 34 4 287 105 109 367 167 218
58 31 4 347 0 0 455 98 27
59 37 5 250 22 174 282 61 217
60 41 5 282 22 174 337 59 196
61 40 5 347 0 27 461 41 70
62 40 5 347 0 70 461 41 113
63 36 5 347 41 27 456 103 107
64 36 5 347 41 107 456 103 187
65 42 5 337 0 187 445 98 214
66 39 5 355 167 0 411 228 36
67 38 5 355 167 36 429 233 97
68 38 5 355 167 97 429 233 158
69 38 5 355 167 158 429 233 219
70 36 5 367 103 0 476 165 80
71 35 5 429 165 0 538 230 73
72 42 5 461 0 0 569 98 27
73 48 6 367 103 80 423 164 116
74 51 6 367 103 116 433 164 190
75 43 6 367 98 190 404 153 212
76 53 6 429 165 73 538 230 146
77 53 6 429 165 146 538 230 219
78 52 6 433 103 80 513 165 189
79 46 6 433 98 189 505 153 220
80 47 6 445 0 113 477 39 156
81 50 6 456 41 27 570 82 70
82 45 6 477 0 70 585 98 97
83 53 6 477 0 97 586 65 170
84 44 6 456 0 170 528 76 192
85 44 6 445 0 192 521 72 214
