Utilizacion 71.791565 VolCajasEmpacado 74.165258 Duracion[s] 60.013000 Iteraciones 3821
0 5 0 0 0 0 81 55 92
1 5 0 0 0 92 81 55 184
2 8 0 0 0 184 34 25 220
3 1 0 0 25 184 81 53 217
4 2 0 0 55 0 108 131 30
5 2 0 0 131 0 108 207 30
6 6 0 0 55 30 74 159 95
7 0 0 0 207 0 95 233 27
8 0 0 0 207 27 95 233 54
9 7 0 0 55 95 99 128 215
10 4 0 0 128 95 98 174 167
11 3 0 0 128 167 85 212 197
12 13 1 81 0 0 158 46 83
13 16 1 81 0 83 191 43 108
14 15 1 81 0 108 162 28 141
15 12 1 108 46 0 175 108 97
16 10 1 99 43 97 198 116 217
17 9 1 108 116 0 184 224 30
18 9 1 108 116 30 184 224 60
19 9 1 108 116 60 184 224 90
20 11 1 98 128 90 202 202 155
21 11 1 98 128 155 172 232 220
22 14 1 198 0 0 276 104 34
23 26 2 34 0 184 105 25 216
24 23 2 172 116 155 211 154 196
25 18 2 198 0 34 271 99 154
26 19 2 198 0 154 265 97 216
27 21 2 202 154 0 285 231 46
28 17 2 202 154 46 297 220 77
29 21 2 202 154 77 248 231 160
30 24 2 172 154 160 276 232 194
31 22 2 211 104 0 305 148 81
32 20 2 211 99 81 292 154 173
33 25 2 276 0 0 360 85 30
34 27 3 172 154 194 282 197 219
35 30 3 211 97 173 249 136 214
36 30 3 249 97 173 287 136 214
37 31 3 276 0 30 357 94 74
38 31 3 276 0 74 357 94 118
39 31 3 276 0 118 357 94 162
40 29 3 265 0 162 331 95 193
41 33 3 297 148 0 380 225 46
42 28 3 297 148 46 381 233 76
43 32 3 297 148 76 395 220 122
44 40 4 172 197 194 208 231 219
45 41 4 331 0 162 369 39 203
46 35 4 282 154 122 344 221 219
47 34 4 305 95 0 388 141 77
48 34 4 305 95 77 388 141 154
49 36 4 344 141 122 399 233 203
50 37 4 360 39 0 454 83 81
51 39 4 369 0 81 454 84 111
52 38 4 369 0 111 435 95 142
53 35 4 369 0 142 466 62 209
54 44 5 265 62 193 360 88 220
55 46 5 292 95 154 328 136 206
56 46 5 328 95 154 380 136 190
57 42 5 328 95 190 361 118 215
58 43 5 360 62 142 470 87 185
59 48 5 388 95 0 486 141 72
60 48 5 388 95 72 486 141 144
61 46 5 388 87 144 429 139 180
62 45 5 399 141 0 507 217 30
63 45 5 399 141 30 507 217 60
64 49 5 399 141 60 498 214 180
65 47 5 466 0 0 560 44 81
66 57 6 360 62 185 431 94 210
67 56 6 399 94 180 442 204 205
68 56 6 442 87 180 485 197 205
69 51 6 466 0 81 563 62 148
70 53 6 466 0 148 577 48 218
71 56 6 470 48 148 580 73 191
72 58 6 486 73 0 584 119 72
73 54 6 486 73 72 580 117 153
74 52 6 507 119 0 562 211 81
75 53 6 498 117 81 568 228 129
76 53 6 498 117 129 568 228 177
77 55 6 498 73 177 576 177 211
