Utilizacion 80.868379 VolCajasEmpacado 82.168845 Duracion[s] 60.040000 Iteraciones 449
0 2 0 0 0 0 79 57 24
1 2 0 0 57 0 79 114 24
2 2 0 0 114 0 79 171 24
3 2 0 0 171 0 79 228 24
4 2 0 0 0 24 79 57 48
5 2 0 0 57 24 79 114 48
6 2 0 0 114 24 79 171 48
7 2 0 0 171 24 79 228 48
8 2 0 0 0 48 79 57 72
9 2 0 0 57 48 79 114 72
10 2 0 0 114 48 79 171 72
11 2 0 0 171 48 79 228 72
12 6 0 0 0 72 36 64 138
13 6 0 36 0 72 72 64 138
14 6 0 0 64 72 36 128 138
15 6 0 36 64 72 72 128 138
16 6 0 0 0 138 36 64 204
17 6 0 36 0 138 72 64 204
18 6 0 0 64 138 36 128 204
19 6 0 36 64 138 72 128 204
20 8 0 0 128 72 39 178 137
21 8 0 0 178 72 39 228 137
22 8 0 0 128 137 39 178 202
23 8 0 0 178 137 39 228 202
24 0 0 39 128 72 91 165 92
25 0 0 39 165 72 91 202 92
26 0 0 39 128 92 91 165 112
27 0 0 39 165 92 91 202 112
28 0 0 39 128 112 91 165 132
29 0 0 39 165 112 91 202 132
30 0 0 39 128 132 91 165 152
31 0 0 39 165 132 91 202 152
32 0 0 39 128 152 91 165 172
33 0 0 39 165 152 91 202 172
34 0 0 39 128 172 91 165 192
35 0 0 39 165 172 91 202 192
36 0 0 39 128 192 91 165 212
37 0 0 39 165 192 91 202 212
38 4 0 39 202 72 116 233 105
39 4 0 39 202 105 116 233 138
40 4 0 39 202 138 116 233 171
41 4 0 39 202 171 116 233 204
42 14 0 79 0 0 180 62 68
43 14 0 180 0 0 281 62 68
44 14 0 281 0 0 382 62 68
45 14 0 382 0 0 483 62 68
46 14 0 483 0 0 584 62 68
47 14 0 79 62 0 180 124 68
48 14 0 180 62 0 281 124 68
49 14 0 281 62 0 382 124 68
50 14 0 382 62 0 483 124 68
51 14 0 483 62 0 584 124 68
52 10 0 79 0 68 125 82 132
53 10 0 79 0 132 125 82 196
54 2 0 72 0 196 129 79 220
55 10 0 79 82 68 161 128 132
56 9 0 72 82 132 132 125 201
57 3 0 91 128 0 189 170 30
58 3 0 91 128 30 189 170 60
59 3 0 91 128 60 189 170 90
60 3 0 91 128 90 189 170 120
61 3 0 91 128 120 189 170 150
62 3 0 91 128 150 189 170 180
63 3 0 91 128 180 189 170 210
64 3 0 91 170 0 189 200 42
65 3 0 91 170 42 189 200 84
66 3 0 91 170 84 189 200 126
67 3 0 91 170 126 189 200 168
68 3 0 91 170 168 189 200 210
69 4 0 116 200 0 193 231 33
70 4 0 116 200 33 193 231 66
71 4 0 116 200 66 193 231 99
72 4 0 116 200 99 193 231 132
73 4 0 116 200 132 193 231 165
74 8 0 129 0 68 194 39 118
75 8 0 129 39 68 194 78 118
76 8 0 129 0 118 194 39 168
77 8 0 129 39 118 194 78 168
78 8 0 129 0 168 194 39 218
79 8 0 129 39 168 194 78 218
80 5 0 132 78 132 168 118 185
81 8 0 168 78 68 207 128 133
82 11 0 168 78 133 224 127 199
83 1 0 194 0 68 289 72 90
84 1 0 289 0 68 384 72 90
85 1 0 384 0 68 479 72 90
86 1 0 479 0 68 574 72 90
87 1 0 194 0 90 289 72 112
88 1 0 289 0 90 384 72 112
89 1 0 384 0 90 479 72 112
90 1 0 479 0 90 574 72 112
91 1 0 194 0 112 289 72 134
92 1 0 289 0 112 384 72 134
93 1 0 384 0 112 479 72 134
94 1 0 479 0 112 574 72 134
95 1 0 194 0 134 289 72 156
96 1 0 289 0 134 384 72 156
97 1 0 384 0 134 479 72 156
98 1 0 479 0 134 574 72 156
99 9 0 189 128 0 232 197 60
100 11 0 194 0 156 243 66 212
101 11 0 243 0 156 292 66 212
102 11 0 292 0 156 341 66 212
103 11 0 341 0 156 390 66 212
104 11 0 390 0 156 439 66 212
105 11 0 439 0 156 488 66 212
106 11 0 488 0 156 537 66 212
107 11 0 537 0 156 586 66 212
108 5 0 189 128 60 242 164 100
109 5 0 189 164 60 242 200 100
110 5 0 189 128 100 242 164 140
111 5 0 189 164 100 242 200 140
112 5 0 189 128 140 242 164 180
113 5 0 189 164 140 242 200 180
114 5 0 189 128 180 242 164 220
115 5 0 189 164 180 242 200 220
116 13 0 224 72 68 306 126 119
117 13 0 306 72 68 388 126 119
118 13 0 388 72 68 470 126 119
119 13 0 470 72 68 552 126 119
120 13 0 224 72 119 278 123 201
121 13 0 278 72 119 332 123 201
122 13 0 332 72 119 386 123 201
123 13 0 386 72 119 440 123 201
124 13 0 440 72 119 494 123 201
125 13 0 494 72 119 548 123 201
126 7 0 242 126 0 351 189 37
127 7 0 242 126 37 351 189 74
128 7 0 242 126 74 351 189 111
129 7 0 242 126 111 351 189 148
130 7 0 242 126 148 351 189 185
131 1 0 242 123 185 314 218 207
132 5 0 314 189 0 350 229 53
133 5 0 314 189 53 350 229 106
134 9 0 314 189 106 374 232 175
135 13 0 351 126 0 433 177 54
136 13 0 351 126 54 433 177 108
137 11 0 351 126 108 417 175 164
138 11 0 351 126 164 417 175 220
139 11 0 374 177 0 423 233 66
140 9 0 374 177 66 443 220 126
141 10 0 374 175 126 438 221 208
142 10 0 433 126 0 497 172 82
143 12 0 433 126 82 506 175 179
144 7 0 438 123 179 547 186 216
145 10 0 443 186 0 507 232 82
146 10 0 443 186 82 525 232 146
147 10 0 443 186 146 525 232 210
148 9 0 525 186 0 585 229 69
149 9 0 525 186 69 585 229 138
150 9 0 525 186 138 585 229 207
