Utilizacion 84.936317 VolCajasEmpacado 85.794864 Duracion[s] 60.024000 Iteraciones 1199
0 11 0 0 0 0 72 93 109
1 11 0 72 0 0 144 93 109
2 11 0 144 0 0 216 93 109
3 11 0 0 0 109 72 93 218
4 11 0 72 0 109 144 93 218
5 11 0 144 0 109 216 93 218
6 5 0 0 93 0 95 160 32
7 5 0 95 93 0 190 160 32
8 5 0 190 93 0 285 160 32
9 5 0 285 93 0 380 160 32
10 5 0 0 160 0 95 227 32
11 5 0 95 160 0 190 227 32
12 5 0 190 160 0 285 227 32
13 5 0 285 160 0 380 227 32
14 7 0 0 93 32 119 129 77
15 7 0 0 129 32 119 165 77
16 7 0 0 165 32 119 201 77
17 7 0 0 93 77 119 129 122
18 7 0 0 129 77 119 165 122
19 7 0 0 165 77 119 201 122
20 7 0 0 93 122 119 129 167
21 7 0 0 129 122 119 165 167
22 7 0 0 165 122 119 201 167
23 7 0 0 93 167 119 129 212
24 7 0 0 129 167 119 165 212
25 7 0 0 165 167 119 201 212
26 4 0 0 201 32 41 233 87
27 4 0 0 201 87 41 233 142
28 4 0 0 201 142 41 233 197
29 4 0 41 201 32 96 233 73
30 4 0 41 201 73 96 233 114
31 4 0 41 201 114 96 233 155
32 4 0 41 201 155 96 233 196
33 4 0 96 201 32 151 233 73
34 4 0 151 201 32 206 233 73
35 3 0 96 201 73 202 232 125
36 3 0 96 201 125 202 232 177
37 3 0 119 93 32 150 199 84
38 3 0 150 93 32 181 199 84
39 3 0 181 93 32 212 199 84
40 3 0 119 93 84 150 199 136
41 3 0 150 93 84 181 199 136
42 3 0 181 93 84 212 199 136
43 3 0 119 93 136 150 199 188
44 3 0 150 93 136 181 199 188
45 3 0 181 93 136 212 199 188
46 0 0 119 93 188 191 144 212
47 0 0 119 144 188 191 195 212
48 3 0 206 199 32 312 230 84
49 1 0 212 93 32 314 181 58
50 1 0 212 93 58 314 181 84
51 1 0 212 93 84 314 181 110
52 1 0 212 93 110 314 181 136
53 1 0 212 93 136 314 181 162
54 1 0 212 93 162 314 181 188
55 1 0 212 93 188 314 181 214
56 9 0 212 181 84 311 225 131
57 9 0 212 181 131 311 228 175
58 0 0 212 181 175 284 232 199
59 9 0 312 181 32 411 225 79
60 9 0 312 181 79 411 225 126
61 9 0 312 181 126 411 225 173
62 9 0 312 181 173 411 225 220
63 6 0 216 0 0 332 89 32
64 6 0 216 0 32 332 89 64
65 6 0 216 0 64 332 89 96
66 6 0 216 0 96 332 89 128
67 6 0 216 0 128 332 89 160
68 6 0 216 0 160 332 89 192
69 1 0 216 0 192 318 88 218
70 10 0 314 89 32 409 167 94
71 10 0 314 89 94 409 167 156
72 10 0 314 89 156 409 167 218
73 1 0 332 0 0 434 88 26
74 0 0 332 0 26 383 72 50
75 0 0 332 0 50 383 72 74
76 0 0 332 0 74 383 72 98
77 0 0 332 0 98 383 72 122
78 0 0 332 0 122 383 72 146
79 0 0 332 0 146 383 72 170
80 0 0 332 0 170 383 72 194
81 0 0 332 0 194 383 72 218
82 9 0 383 0 26 482 44 73
83 9 0 383 44 26 482 88 73
84 9 0 383 0 73 482 44 120
85 9 0 383 44 73 482 88 120
86 6 0 383 0 120 499 89 152
87 0 0 383 0 152 455 51 176
88 0 0 383 0 176 455 51 200
89 8 0 383 51 152 481 89 217
90 8 0 409 89 0 507 127 65
91 8 0 409 89 65 507 127 130
92 8 0 409 89 130 507 127 195
93 0 0 409 89 195 481 140 219
94 8 0 409 140 0 507 178 65
95 8 0 409 140 65 507 178 130
96 8 0 409 140 130 507 178 195
97 8 0 411 178 0 509 216 65
98 8 0 411 178 65 509 216 130
99 8 0 411 178 130 509 216 195
100 10 0 499 0 0 577 62 95
101 10 0 499 0 95 577 62 190
102 2 0 481 0 190 552 65 219
103 10 0 507 65 0 585 127 95
104 10 0 507 65 95 585 127 190
105 2 0 507 65 190 572 136 219
106 2 0 509 136 0 580 201 29
107 2 0 509 136 29 580 201 58
108 2 0 509 136 58 580 201 87
109 2 0 509 136 87 580 201 116
110 2 0 509 136 116 580 201 145
111 2 0 509 136 145 580 201 174
112 2 0 509 136 174 580 201 203
