Utilizacion 79.522450 VolCajasEmpacado 80.489348 Duracion[s] 60.060000 Iteraciones 1016
0 8 0 0 0 0 114 77 69
1 8 0 0 77 0 114 154 69
2 8 0 0 0 69 114 77 138
3 8 0 0 77 69 114 154 138
4 8 0 0 0 138 114 77 207
5 8 0 0 77 138 114 154 207
6 0 0 0 154 0 21 190 40
7 0 0 0 154 40 21 190 80
8 0 0 0 154 80 21 190 120
9 0 0 0 154 120 21 190 160
10 0 0 0 154 160 21 190 200
11 9 0 0 190 0 92 226 20
12 9 0 0 190 20 92 226 40
13 9 0 0 190 40 92 226 60
14 9 0 0 190 60 92 226 80
15 3 0 0 190 80 57 225 115
16 3 0 57 190 80 114 225 115
17 3 0 0 190 115 57 225 150
18 3 0 57 190 115 114 225 150
19 3 0 0 190 150 57 225 185
20 3 0 57 190 150 114 225 185
21 3 0 0 190 185 57 225 220
22 3 0 57 190 185 114 225 220
23 2 0 21 154 0 97 185 45
24 2 0 97 154 0 173 185 45
25 2 0 173 154 0 249 185 45
26 2 0 249 154 0 325 185 45
27 0 0 21 154 45 42 190 85
28 0 0 21 154 85 42 190 125
29 6 0 114 0 0 168 51 63
30 6 0 168 0 0 222 51 63
31 6 0 114 51 0 168 102 63
32 6 0 168 51 0 222 102 63
33 6 0 114 102 0 168 153 63
34 6 0 168 102 0 222 153 63
35 4 0 114 185 0 198 232 90
36 4 0 114 185 90 198 232 180
37 5 0 114 0 63 190 50 141
38 5 0 114 50 63 190 100 141
39 5 0 114 100 63 190 150 141
40 5 0 114 0 141 190 50 219
41 5 0 114 50 141 190 100 219
42 5 0 114 100 141 190 150 219
43 4 0 190 0 63 237 90 147
44 4 0 190 90 63 237 180 147
45 1 0 190 0 147 259 84 171
46 1 0 190 0 171 259 84 195
47 1 0 190 0 195 259 84 219
48 6 0 190 84 147 244 135 210
49 6 0 198 135 147 252 186 210
50 4 0 198 186 0 288 233 84
51 4 0 198 186 84 288 233 168
52 4 0 244 84 0 328 131 90
53 4 0 244 84 90 328 131 180
54 7 0 252 131 45 347 184 102
55 7 0 252 131 102 347 184 159
56 7 0 252 131 159 347 184 216
57 1 0 259 0 0 328 84 24
58 1 0 259 0 24 328 84 48
59 1 0 259 0 48 328 84 72
60 1 0 259 0 72 328 84 96
61 1 0 259 0 96 328 84 120
62 1 0 259 0 120 328 84 144
63 7 0 259 0 144 354 57 197
64 4 0 288 185 0 378 232 84
65 18 1 259 0 197 299 36 218
66 18 1 299 0 197 339 36 218
67 18 1 259 36 197 299 72 218
68 18 1 299 36 197 339 72 218
69 19 1 114 186 180 206 222 200
70 19 1 114 186 200 206 222 220
71 16 1 206 186 168 282 231 199
72 18 1 206 186 199 246 222 220
73 19 1 244 84 180 336 120 200
74 19 1 244 84 200 336 120 220
75 14 1 288 184 84 378 231 168
76 12 1 336 72 0 399 123 54
77 12 1 336 72 54 399 123 108
78 12 1 336 72 108 399 123 162
79 12 1 336 72 162 399 123 216
80 11 1 347 123 0 442 180 53
81 11 1 442 123 0 537 180 53
82 11 1 347 123 53 442 180 106
83 11 1 442 123 53 537 180 106
84 11 1 347 123 106 442 180 159
85 11 1 442 123 106 537 180 159
86 11 1 347 123 159 442 180 212
87 11 1 442 123 159 537 180 212
88 15 1 347 180 168 404 215 203
89 15 1 282 184 168 339 219 203
90 11 1 354 0 0 449 57 53
91 11 1 354 0 53 449 57 106
92 11 1 354 0 106 449 57 159
93 15 1 354 0 159 389 35 216
94 15 1 354 35 159 389 70 216
95 17 1 389 0 159 473 69 183
96 17 1 389 0 183 473 69 207
97 12 1 399 69 0 462 123 51
98 12 1 399 69 51 462 123 102
99 13 1 399 69 102 477 119 178
100 19 1 399 69 178 491 89 214
101 19 1 399 89 178 491 109 214
102 13 1 404 180 0 480 230 78
103 14 1 404 180 78 494 227 162
104 15 1 404 180 162 439 215 219
105 16 1 439 180 162 515 211 207
106 19 1 439 211 162 531 231 198
107 10 1 473 0 0 587 69 77
108 10 1 473 0 77 587 69 154
109 16 1 473 0 154 549 31 199
110 15 1 473 31 154 530 66 189
111 16 1 491 31 189 567 76 220
112 14 1 491 76 0 575 123 90
113 14 1 491 76 90 575 123 180
114 16 1 491 76 180 567 121 211
115 16 1 537 123 0 582 199 31
116 13 1 537 123 31 587 201 107
117 13 1 537 123 107 587 201 183
118 16 1 537 121 183 582 197 214
