Utilizacion 69.102767 VolCajasEmpacado 69.305811 Duracion[s] 60.009000 Iteraciones 973
0 8 0 0 0 0 54 35 25
1 8 0 0 35 0 54 70 25
2 6 0 0 0 25 56 45 114
3 6 0 0 45 25 56 90 114
4 6 0 0 0 114 56 45 203
5 6 0 0 45 114 56 90 203
6 0 0 0 90 0 97 154 28
7 0 0 0 154 0 97 218 28
8 4 0 0 90 28 73 129 66
9 4 0 0 129 28 73 168 66
10 3 0 0 90 66 37 143 100
11 3 0 37 90 66 74 143 100
12 7 0 0 168 28 54 230 87
13 2 0 0 90 100 31 184 132
14 2 0 31 90 100 62 184 132
15 1 0 0 90 132 29 132 182
16 2 0 0 132 132 32 226 163
17 0 0 0 132 163 64 229 191
18 5 0 56 0 0 154 44 53
19 16 1 0 90 191 64 187 219
20 17 1 0 187 191 54 222 216
21 14 1 56 0 53 90 37 106
22 14 1 56 0 106 90 37 159
23 14 1 56 0 159 90 37 212
24 11 1 56 44 0 112 89 89
25 11 1 56 44 89 112 89 178
26 17 1 56 37 178 110 62 213
27 17 1 56 62 178 110 87 213
28 10 1 64 168 28 126 227 82
29 11 1 64 143 82 109 232 138
30 17 1 74 89 28 99 143 63
31 17 1 74 89 63 99 143 98
32 13 1 74 89 98 112 128 171
33 15 1 64 89 171 97 162 210
34 15 1 64 162 138 137 201 171
35 16 1 64 162 171 161 226 199
36 9 1 90 0 53 184 31 85
37 12 1 110 0 85 208 44 138
38 12 1 110 0 138 208 44 191
39 16 1 110 0 191 207 64 219
40 12 1 112 64 0 165 162 44
41 12 1 165 64 0 218 162 44
42 13 1 112 64 44 151 137 82
43 13 1 151 64 44 190 137 82
44 13 1 190 64 44 229 137 82
45 24 2 97 89 171 122 143 206
46 24 2 112 64 82 166 89 117
47 25 2 122 89 82 164 139 111
48 25 2 122 89 111 164 139 140
49 26 2 122 64 140 186 161 168
50 26 2 122 64 168 186 161 196
51 27 2 161 162 0 198 196 53
52 27 2 161 196 0 198 230 53
53 27 2 161 162 53 198 196 106
54 27 2 161 196 53 198 230 106
55 22 2 161 161 106 234 200 144
56 22 2 161 161 144 234 200 182
57 22 2 161 161 182 234 200 220
58 23 2 161 200 106 234 233 145
59 23 2 161 200 145 234 233 184
60 18 2 161 200 184 255 231 216
61 20 2 186 64 82 242 153 127
62 20 2 186 64 127 242 153 172
63 20 2 186 64 172 242 153 217
64 19 2 208 0 0 262 62 59
65 19 2 208 0 59 262 62 118
66 19 2 208 0 118 262 62 177
67 27 2 208 0 177 261 34 214
68 21 2 234 153 0 332 197 53
69 21 2 234 153 53 332 197 106
70 34 3 208 34 177 258 63 219
71 29 3 234 153 106 323 198 162
72 30 3 234 153 162 332 197 215
73 32 3 242 63 0 279 116 34
74 32 3 242 63 34 279 116 68
75 36 3 242 116 0 296 151 25
76 36 3 296 116 0 350 151 25
77 36 3 350 116 0 404 151 25
78 28 3 242 116 25 315 149 64
79 28 3 242 116 64 315 149 103
80 28 3 242 116 103 315 149 142
81 28 3 242 116 142 315 149 181
82 28 3 242 116 181 315 149 220
83 31 3 242 63 68 281 101 141
84 31 3 242 63 141 281 101 214
85 33 3 255 198 0 349 230 31
86 33 3 255 198 31 349 230 62
87 33 3 255 198 62 349 230 93
88 33 3 255 198 93 349 230 124
89 33 3 255 198 124 349 230 155
90 31 3 262 0 0 335 38 39
91 29 3 262 0 39 351 56 84
92 35 3 281 0 84 378 64 112
93 41 4 255 198 155 308 232 192
94 45 4 255 197 192 309 232 217
95 37 4 262 0 112 316 62 171
96 42 4 262 0 171 356 31 203
97 42 4 262 31 171 356 62 203
98 43 4 281 64 0 323 114 29
99 38 4 281 64 29 337 109 118
100 38 4 281 64 118 337 109 207
101 46 4 309 198 155 382 231 194
102 45 4 309 197 194 363 232 219
103 40 4 315 114 25 388 152 64
104 41 4 315 109 64 352 143 117
105 40 4 315 109 117 388 148 155
106 39 4 315 109 155 413 153 208
107 46 4 332 153 0 405 186 39
108 38 4 337 64 0 393 109 89
109 38 4 393 64 0 449 109 89
110 38 4 449 64 0 505 109 89
111 37 4 378 0 0 437 62 54
112 37 4 378 0 54 437 62 108
113 37 4 378 0 108 437 62 162
114 44 4 356 0 162 453 64 190
115 44 4 356 0 190 453 64 218
116 50 5 332 153 39 405 192 77
117 50 5 332 153 77 405 192 115
118 52 5 332 153 115 426 185 146
119 47 5 332 153 146 385 187 183
120 47 5 332 153 183 385 187 220
121 49 5 337 64 89 426 109 145
122 49 5 426 64 89 515 109 145
123 49 5 337 64 145 426 109 201
124 49 5 426 64 145 515 109 201
125 52 5 382 192 0 476 223 32
126 54 5 385 153 146 410 207 181
127 54 5 385 153 181 410 207 216
128 51 5 410 185 32 483 224 65
129 51 5 410 185 65 483 224 98
130 51 5 410 185 98 483 224 131
131 51 5 410 185 131 483 224 164
132 51 5 410 185 164 483 224 197
133 52 5 413 109 0 507 141 31
134 51 5 413 109 31 486 142 70
135 48 5 426 109 70 480 171 129
136 49 5 426 109 129 515 165 174
137 53 5 413 109 174 510 173 202
138 63 6 453 0 0 550 64 28
139 63 6 453 0 28 550 64 56
140 63 6 453 0 56 550 64 84
141 63 6 453 0 84 550 64 112
142 63 6 453 0 112 550 64 140
143 63 6 453 0 140 550 64 168
144 62 6 453 0 168 495 29 218
145 61 6 453 29 168 526 62 207
146 55 6 495 0 168 549 25 203
147 61 6 526 25 168 559 98 207
148 60 6 483 173 0 536 210 34
149 56 6 483 173 34 537 232 96
150 56 6 483 173 96 537 232 158
151 56 6 483 173 158 537 232 220
152 59 6 515 98 0 553 171 39
153 56 6 515 98 39 577 157 93
154 56 6 515 98 93 577 157 147
155 61 6 515 98 147 554 171 180
156 60 6 510 109 180 563 146 214
157 57 6 537 171 0 582 227 89
