Utilizacion 83.312508 VolCajasEmpacado 84.558281 Duracion[s] 60.020000 Iteraciones 3337
0 0 0 0 0 0 88 54 39
1 0 0 0 54 0 88 108 39
2 0 0 0 108 0 88 162 39
3 0 0 0 162 0 88 216 39
4 1 0 0 0 39 77 87 82
5 1 0 0 87 39 77 174 82
6 1 0 0 0 82 77 87 125
7 1 0 0 87 82 77 174 125
8 1 0 0 0 125 77 87 168
9 1 0 0 87 125 77 174 168
10 1 0 0 0 168 77 87 211
11 1 0 0 87 168 77 174 211
12 0 0 0 174 39 88 228 78
13 0 0 0 174 78 88 228 117
14 0 0 0 174 117 88 228 156
15 0 0 0 174 156 88 228 195
16 2 0 88 0 0 182 36 54
17 2 0 88 0 54 182 36 108
18 2 0 88 0 108 182 36 162
19 0 0 77 0 162 165 39 216
20 1 0 88 39 0 165 126 43
21 5 1 77 39 43 164 116 86
22 5 1 77 39 86 164 116 129
23 5 1 77 39 129 164 116 172
24 5 1 77 39 172 164 116 215
25 3 1 88 126 0 142 220 36
26 4 1 88 126 36 142 214 75
27 3 1 77 116 75 171 170 111
28 4 1 77 116 111 165 170 150
29 8 2 77 116 150 171 170 186
30 8 2 88 170 75 182 206 129
31 8 2 88 170 129 182 206 183
32 8 2 88 170 183 182 224 219
33 7 2 165 36 0 253 75 54
34 7 2 165 75 0 253 114 54
35 6 2 164 39 54 251 116 97
36 6 2 164 39 97 251 116 140
37 6 2 164 39 140 251 116 183
38 6 2 171 116 0 258 159 77
39 6 2 171 116 77 258 159 154
40 7 2 171 116 154 259 155 208
41 6 2 182 159 0 269 202 77
42 9 3 164 39 183 258 93 219
43 10 3 182 159 77 270 213 116
44 10 3 182 159 116 270 213 155
45 10 3 182 155 155 270 209 194
46 9 3 182 0 0 276 36 54
47 11 3 258 36 0 345 113 43
48 11 3 345 36 0 432 113 43
49 11 3 258 36 43 345 113 86
50 11 3 345 36 43 432 113 86
51 11 3 258 36 86 345 113 129
52 11 3 345 36 86 432 113 129
53 11 3 258 36 129 345 113 172
54 11 3 345 36 129 432 113 172
55 11 3 258 36 172 345 113 215
56 11 3 345 36 172 432 113 215
57 10 3 259 113 0 347 152 54
58 10 3 347 113 0 435 152 54
59 12 4 182 0 54 276 36 108
60 12 4 182 0 108 276 36 162
61 12 4 182 0 162 276 36 216
62 13 4 259 113 54 347 152 108
63 13 4 259 113 108 347 152 162
64 13 4 259 113 162 347 152 216
65 14 4 270 152 0 357 229 43
66 14 4 270 152 43 357 229 86
67 14 4 270 152 86 357 229 129
68 12 4 270 152 129 364 206 165
69 16 5 270 152 165 357 229 208
70 15 5 276 0 0 370 36 54
71 15 5 276 0 54 370 36 108
72 15 5 276 0 108 370 36 162
73 15 5 276 0 162 370 36 216
74 17 5 347 113 54 435 152 108
75 17 5 347 113 108 435 152 162
76 17 5 347 113 162 435 152 216
77 17 5 364 152 0 452 206 39
78 17 5 364 152 39 452 206 78
79 17 5 364 152 78 452 206 117
80 17 5 364 152 117 452 206 156
81 16 5 364 152 156 451 229 199
82 15 5 370 0 0 464 36 54
83 15 5 370 0 54 464 36 108
84 16 5 432 36 0 519 113 43
85 16 5 432 36 43 519 113 86
86 16 5 432 36 86 519 113 129
87 16 5 432 36 129 519 113 172
88 16 5 432 36 172 519 113 215
89 18 6 370 0 108 464 36 162
90 18 6 370 0 162 464 36 216
91 18 6 435 113 0 529 149 54
92 18 6 435 113 54 529 149 108
93 18 6 435 113 108 529 149 162
94 18 6 435 113 162 529 149 216
95 18 6 452 149 0 546 185 54
96 19 6 452 185 0 540 224 54
97 20 6 452 149 54 539 192 131
98 23 7 452 149 131 539 226 174
99 22 7 451 149 174 539 203 213
100 21 7 464 0 0 558 36 54
101 22 7 529 36 0 583 124 39
102 22 7 529 36 39 583 124 78
103 22 7 529 36 78 583 124 117
104 22 7 529 36 117 583 124 156
105 24 8 464 0 54 558 36 108
106 24 8 464 0 108 558 36 162
107 24 8 464 0 162 558 36 216
108 25 8 529 36 156 583 124 195
109 25 8 546 124 0 585 212 54
110 25 8 546 124 54 585 212 108
111 25 8 546 124 108 585 212 162
112 24 8 539 124 162 575 218 216
