Utilizacion 62.878963 VolCajasEmpacado 63.295897 Duracion[s] 60.008000 Iteraciones 4635
0 0 0 0 0 0 40 68 52
1 0 0 0 68 0 40 136 52
2 1 0 0 0 52 25 86 86
3 2 1 0 0 86 34 95 151
4 2 1 0 0 151 34 95 216
5 3 1 0 136 0 99 204 23
6 9 2 0 95 52 46 149 79
7 5 2 0 95 79 57 151 101
8 4 2 0 95 101 86 120 135
9 4 2 0 120 101 86 145 135
10 8 2 0 95 135 105 152 164
11 7 2 0 95 164 68 135 216
12 4 2 0 204 0 86 229 34
13 7 2 0 152 23 40 204 91
14 6 2 0 152 91 47 233 145
15 10 3 40 0 0 160 63 28
16 10 3 160 0 0 280 63 28
17 11 3 40 0 28 101 66 129
18 13 4 0 135 164 86 169 189
19 12 4 0 169 145 57 225 167
20 16 5 0 169 167 81 223 214
21 15 5 34 0 129 68 95 194
22 15 5 68 0 129 133 95 163
23 15 5 68 0 163 133 95 197
24 14 5 34 0 197 133 68 220
25 17 6 0 135 189 86 169 214
26 19 6 99 152 0 165 213 101
27 18 6 81 169 101 201 232 129
28 21 7 81 169 129 182 230 195
29 20 7 105 95 0 210 152 29
30 22 8 81 169 195 137 226 217
31 24 8 105 95 29 186 142 83
32 23 8 133 0 28 232 68 51
33 27 9 105 95 83 186 149 130
34 26 9 105 95 130 225 158 158
35 25 9 105 95 158 204 163 181
36 28 9 133 0 51 234 66 112
37 29 10 86 95 181 143 151 203
38 30 10 133 0 112 173 68 164
39 29 10 133 0 164 190 56 186
40 32 11 133 68 0 187 95 46
41 31 11 133 0 186 190 56 208
42 33 11 190 0 112 256 61 213
43 34 12 201 163 0 262 229 101
44 34 12 262 163 0 323 229 101
45 35 13 143 61 181 168 147 215
46 35 13 168 61 181 193 147 215
47 37 14 137 151 195 194 207 217
48 36 14 204 61 158 229 147 192
49 39 15 201 163 101 262 229 202
50 40 15 229 68 0 269 136 52
51 38 15 269 63 0 374 120 29
52 41 16 193 61 192 250 117 214
53 43 16 256 0 28 303 54 109
54 44 16 256 0 109 317 66 210
55 42 16 269 66 29 368 134 52
56 42 16 269 66 52 368 134 75
57 45 17 250 66 75 349 134 98
58 47 18 229 117 98 324 151 163
59 48 18 250 66 98 331 113 152
60 46 18 262 151 101 319 207 123
61 49 19 229 117 163 315 151 188
62 50 19 250 66 152 345 100 217
63 51 19 262 151 123 363 217 184
64 51 19 317 0 0 383 61 101
65 55 20 229 117 188 315 151 213
66 57 20 262 151 184 357 216 218
67 53 20 317 0 101 357 52 169
68 56 20 363 134 0 431 233 23
69 52 20 363 134 23 424 200 124
70 54 20 374 61 0 494 124 28
71 62 21 317 0 169 385 52 209
72 59 21 363 200 23 449 225 57
73 60 21 363 200 57 468 229 114
74 58 21 374 61 28 430 118 50
75 61 21 368 61 50 463 126 84
76 63 22 363 200 114 449 225 148
77 64 22 349 61 84 415 122 185
78 66 22 345 52 185 391 106 212
79 65 22 363 122 124 444 176 171
80 67 23 315 106 185 401 131 219
81 69 23 363 131 171 458 196 205
82 69 23 363 196 148 458 230 213
83 68 23 458 126 0 578 189 28
84 68 23 458 126 28 578 189 56
85 71 24 385 0 0 453 52 40
86 70 24 458 126 56 512 173 137
87 72 24 458 173 56 544 198 90
88 74 25 385 0 40 439 27 86
89 74 25 458 173 90 512 200 136
90 73 25 494 0 0 562 99 23
91 78 26 385 0 86 471 34 111
92 77 26 385 0 111 480 34 176
93 75 26 391 0 176 447 57 198
94 76 26 415 57 84 481 118 185
95 80 27 447 0 185 510 120 213
96 79 27 391 57 185 445 103 212
97 81 27 458 120 137 487 225 194
98 82 27 487 173 136 527 225 204
99 84 28 510 0 23 576 101 84
100 83 28 510 0 84 578 99 107
101 88 29 487 120 137 527 172 205
102 86 29 510 0 107 578 99 130
103 87 29 510 0 130 573 120 158
104 85 29 510 0 158 566 57 180
105 90 30 510 0 180 575 95 214
