Utilizacion 68.477954 VolCajasEmpacado 69.241500 Duracion[s] 60.026000 Iteraciones 1670
0 2 0 0 0 0 49 116 47
1 2 0 0 116 0 49 232 47
2 3 0 0 0 47 37 52 75
3 1 0 0 52 47 39 171 106
4 1 0 0 52 106 39 171 165
5 0 0 49 0 0 86 99 30
6 6 1 0 0 165 49 116 212
7 13 1 0 116 165 37 144 217
8 5 1 0 144 165 49 198 217
9 12 1 0 198 47 29 231 104
10 12 1 0 198 104 29 231 161
11 13 1 0 198 161 52 226 198
12 8 1 49 0 30 88 119 89
13 8 1 49 0 89 88 119 148
14 8 1 49 0 148 88 119 207
15 8 1 49 119 0 168 158 59
16 8 1 49 158 0 168 197 59
17 4 1 49 119 59 84 194 104
18 7 1 49 119 104 93 198 172
19 11 1 52 119 172 82 218 209
20 10 1 82 198 0 174 231 64
21 11 1 82 198 64 181 228 101
22 6 1 88 0 0 204 47 49
23 6 1 88 0 49 204 47 98
24 6 1 88 0 98 204 47 147
25 5 1 88 0 147 137 52 201
26 5 1 137 0 147 186 52 201
27 8 1 88 52 0 207 111 39
28 9 1 181 111 0 294 203 33
29 22 2 186 0 147 215 57 180
30 22 2 186 0 180 215 57 213
31 19 2 82 198 101 157 233 146
32 21 2 82 198 146 181 228 183
33 21 2 82 198 183 181 228 220
34 15 2 88 52 39 140 101 93
35 15 2 88 52 93 140 101 147
36 19 2 88 52 147 163 97 182
37 23 2 88 52 182 140 80 219
38 17 2 93 101 59 137 180 127
39 20 2 93 101 127 126 193 191
40 18 2 168 111 33 287 150 92
41 18 2 168 150 33 287 189 92
42 14 2 137 101 92 250 193 125
43 14 2 137 101 125 250 193 158
44 16 2 126 97 158 242 146 205
45 25 3 82 146 191 139 179 220
46 31 3 139 146 158 255 193 207
47 24 3 163 57 39 191 94 91
48 25 3 163 57 91 192 90 148
49 26 3 181 203 0 280 233 37
50 26 3 181 203 37 280 233 74
51 27 3 181 193 74 273 226 138
52 27 3 181 193 138 273 226 202
53 29 3 207 57 0 282 92 45
54 31 3 215 0 0 331 49 47
55 28 3 215 0 47 328 92 80
56 30 3 215 0 80 294 44 148
57 32 3 215 44 80 269 93 132
58 28 3 294 92 0 386 205 33
59 39 4 163 57 148 200 85 200
60 37 4 200 57 132 299 94 162
61 37 4 200 57 162 299 94 192
62 39 4 200 57 192 252 94 220
63 40 4 215 0 148 248 57 177
64 33 4 248 0 148 323 45 183
65 36 4 250 94 92 299 146 146
66 36 4 250 94 146 299 146 200
67 38 4 287 146 33 379 210 66
68 34 4 280 189 66 399 228 125
69 34 4 280 189 125 399 228 184
70 35 4 299 92 33 415 139 82
71 35 4 299 92 82 415 139 131
72 35 4 299 92 131 415 139 180
73 45 5 215 0 183 290 45 218
74 41 5 252 45 192 304 82 220
75 42 5 255 146 92 288 175 149
76 42 5 255 146 149 288 175 206
77 42 5 273 175 184 302 232 217
78 41 5 288 146 66 325 174 118
79 41 5 288 146 118 340 174 155
80 41 5 288 146 155 340 174 192
81 43 5 299 82 180 398 112 217
82 43 5 299 112 180 398 142 217
83 43 5 302 174 184 401 211 214
84 43 5 328 49 0 427 79 37
85 47 5 331 0 0 385 49 52
86 46 5 328 0 52 396 79 96
87 46 5 328 0 96 396 79 140
88 45 5 304 45 140 379 80 185
89 44 5 401 139 0 514 231 33
90 44 5 401 139 33 514 231 66
91 54 6 290 0 183 347 33 212
92 54 6 304 33 185 361 62 218
93 54 6 340 142 66 397 171 99
94 53 6 347 0 140 439 33 204
95 52 6 398 139 66 473 174 111
96 52 6 398 139 111 473 174 156
97 52 6 398 139 156 473 174 201
98 49 6 396 33 37 448 82 91
99 49 6 396 33 91 448 82 145
100 50 6 379 33 145 495 82 192
101 50 6 401 174 66 517 221 115
102 51 6 401 174 115 480 218 183
103 51 6 415 82 0 494 126 68
104 51 6 415 82 68 494 126 136
105 48 6 495 0 0 587 113 33
106 48 6 495 0 33 587 113 66
107 62 7 361 33 192 413 70 220
108 61 7 398 82 180 427 139 213
109 62 7 413 33 192 465 70 220
110 60 7 401 174 183 500 204 220
111 61 7 427 82 136 460 139 165
112 56 7 460 82 136 528 126 215
113 58 7 473 126 66 548 161 111
114 58 7 473 126 111 548 171 146
115 63 7 473 126 146 565 159 210
116 63 7 495 0 66 587 64 99
117 57 7 528 0 99 587 119 138
118 57 7 528 0 138 587 119 177
119 57 7 528 0 177 587 119 216
