Utilizacion 66.348585 VolCajasEmpacado 67.049899 Duracion[s] 60.006000 Iteraciones 5134
0 0 0 0 0 0 69 91 26
1 2 0 0 91 0 37 163 65
2 1 0 0 163 0 71 223 25
3 4 1 0 163 25 76 230 62
4 3 1 0 163 62 31 232 90
5 5 1 0 0 26 54 84 85
6 8 2 0 0 85 80 59 191
7 6 2 0 0 191 91 69 217
8 7 2 37 91 0 146 133 76
9 10 3 0 133 65 69 161 96
10 10 3 0 133 96 69 161 127
11 11 3 0 84 76 76 121 143
12 9 3 0 69 143 71 129 168
13 13 4 0 161 90 31 230 118
14 12 4 0 161 118 60 232 143
15 14 4 0 129 143 67 205 180
16 12 4 0 69 168 71 129 193
17 15 4 76 69 76 181 136 119
18 18 5 0 129 180 67 205 217
19 17 5 76 136 0 160 195 54
20 16 5 76 136 54 185 178 130
21 19 6 0 69 193 39 117 218
22 20 7 67 129 130 136 220 156
23 21 8 67 129 156 126 213 210
24 25 9 76 69 119 182 128 199
25 23 9 91 0 0 128 65 72
26 24 9 128 0 0 233 67 43
27 22 9 128 0 43 246 56 65
28 29 10 91 0 72 154 61 146
29 29 10 91 0 146 154 61 220
30 26 10 136 128 130 161 176 169
31 27 10 154 0 65 259 67 108
32 28 10 154 0 108 260 59 188
33 32 11 126 128 169 154 197 200
34 30 11 154 0 188 272 56 210
35 31 11 160 178 0 269 220 76
36 33 12 182 67 0 262 126 106
37 33 12 182 67 106 262 126 212
38 35 13 161 128 130 198 204 197
39 34 13 136 204 76 205 232 107
40 36 13 198 126 0 303 169 67
41 36 13 198 126 67 303 169 134
42 36 13 198 126 134 303 169 201
43 37 13 205 169 76 289 228 130
44 40 14 198 169 130 252 228 214
45 39 14 262 56 0 338 93 67
46 39 14 262 56 67 338 93 134
47 38 14 262 56 134 353 125 160
48 41 15 262 56 160 367 123 203
49 42 16 252 169 130 313 232 204
50 43 17 272 0 0 337 37 72
51 43 17 272 0 72 344 37 137
52 44 18 313 125 0 372 231 80
53 44 18 372 125 0 431 231 80
54 45 19 272 0 137 377 43 204
55 46 19 313 125 80 393 231 139
56 47 20 303 125 139 328 164 187
57 49 20 313 164 139 374 227 213
58 48 20 367 43 0 476 85 76
59 52 21 328 125 139 404 162 206
60 51 21 367 85 0 432 122 72
61 54 22 377 0 0 442 37 72
62 53 22 367 43 76 458 112 102
63 56 23 367 43 102 436 71 133
64 56 23 367 43 133 436 71 164
65 57 23 367 71 102 443 108 169
66 55 23 367 43 169 458 112 195
67 58 24 377 0 72 486 42 148
68 59 25 393 162 80 467 223 143
69 60 26 367 43 195 415 82 220
70 60 26 367 82 195 415 121 220
71 62 26 374 162 143 443 190 174
72 62 26 374 162 174 443 193 202
73 63 26 377 0 148 482 43 215
74 61 26 415 43 195 486 103 220
75 61 26 467 103 0 527 174 25
76 65 27 432 112 25 537 155 92
77 65 27 415 112 92 520 155 159
78 64 27 443 112 159 514 172 184
79 66 27 467 174 0 547 233 106
80 67 28 374 193 143 446 230 208
81 68 28 467 172 106 573 231 186
82 69 29 443 112 184 514 172 209
83 71 29 486 0 0 523 76 67
84 70 29 486 0 67 555 91 93
85 70 29 486 0 93 555 91 119
86 72 29 486 0 119 528 109 195
87 72 29 528 0 119 570 109 195
88 75 30 446 172 186 515 203 214
