Utilizacion 63.133954 VolCajasEmpacado 65.087567 Duracion[s] 60.001000 Iteraciones 5233
0 0 0 0 0 0 94 58 26
1 2 0 0 0 26 101 66 87
2 1 0 0 0 87 56 57 109
3 4 1 0 66 0 95 104 67
4 3 1 0 0 109 99 68 132
5 11 2 0 0 132 80 76 215
6 11 2 0 104 0 76 187 80
7 10 2 0 76 80 66 137 181
8 8 2 0 76 181 95 141 215
9 9 2 0 141 80 42 205 142
10 6 2 0 141 142 57 197 164
11 5 2 0 141 164 65 219 185
12 7 2 0 141 185 94 199 211
13 12 3 94 141 0 175 195 47
14 14 4 65 199 0 170 228 57
15 13 4 94 141 47 188 199 73
16 16 5 65 199 57 117 230 97
17 16 5 117 199 57 169 230 97
18 17 5 94 141 73 162 181 125
19 15 5 94 141 125 214 204 153
20 19 6 0 199 185 86 224 219
21 18 6 101 0 0 177 83 80
22 20 7 80 0 132 107 54 178
23 21 8 86 204 97 191 233 154
24 22 8 94 141 153 136 203 217
25 23 8 107 0 80 168 66 181
26 25 9 80 0 181 179 68 204
27 26 9 86 203 154 172 228 188
28 24 9 177 68 0 255 133 21
29 27 10 95 68 80 200 97 137
30 27 10 95 68 137 200 97 194
31 28 10 136 97 153 202 198 214
32 31 11 179 0 0 247 33 44
33 30 11 179 0 44 284 57 73
34 29 11 179 0 73 233 27 119
35 32 12 179 0 119 233 27 165
36 33 12 179 0 165 260 47 219
37 34 13 202 57 21 282 133 104
38 35 13 202 47 104 296 105 130
39 37 14 191 204 0 296 233 57
40 36 14 202 47 130 280 112 151
41 39 15 191 204 57 245 231 103
42 38 15 202 47 151 259 103 173
43 44 16 202 47 173 256 128 220
44 42 16 214 133 0 309 198 34
45 43 16 214 133 34 254 201 86
46 40 16 254 133 34 353 201 57
47 41 16 296 0 0 416 63 28
48 45 17 214 133 86 254 185 154
49 46 18 202 128 154 297 162 219
50 48 18 202 162 154 266 204 216
51 47 18 260 0 151 298 95 218
52 50 19 191 204 103 245 231 149
53 50 19 191 204 149 245 231 195
54 51 19 259 95 151 299 126 203
55 49 19 266 162 57 379 213 138
56 55 20 266 162 138 347 209 192
57 54 20 266 162 192 320 208 219
58 53 20 298 0 28 392 58 54
59 52 20 298 0 54 397 68 77
60 58 21 297 126 57 392 160 122
61 59 21 297 126 122 349 157 162
62 56 21 298 0 77 364 61 178
63 57 21 299 68 0 412 119 81
64 60 22 298 0 178 418 63 206
65 62 22 299 63 81 385 116 145
66 61 22 299 63 145 380 117 192
67 63 22 392 119 0 472 202 76
68 64 23 297 126 162 365 159 206
69 65 23 392 119 76 490 213 121
70 68 24 299 63 192 419 126 220
71 66 24 379 160 121 480 226 182
72 67 24 419 0 0 517 94 45
73 69 25 347 159 182 446 227 205
74 71 25 392 126 121 460 159 165
75 70 25 418 0 45 504 53 109
76 72 26 418 0 109 449 40 161
77 73 26 419 53 45 514 118 79
78 75 26 449 0 109 496 81 163
79 74 26 419 0 163 517 94 208
80 76 27 365 126 165 433 159 209
81 77 27 490 118 0 556 219 61
82 79 28 419 94 79 505 119 113
83 78 28 490 119 61 558 218 84
84 80 29 490 119 84 558 218 107
85 82 29 490 119 107 585 153 172
86 81 29 490 153 107 556 214 208
87 83 30 517 0 0 548 40 52
88 84 31 517 0 52 574 56 74
89 85 31 517 56 0 564 110 81
90 88 32 517 0 81 568 113 162
91 90 32 517 0 162 569 40 193
92 86 32 517 0 193 574 56 215
