Utilizacion 79.997624 VolCajasEmpacado 80.844454 Duracion[s] 60.046000 Iteraciones 908
0 7 0 0 0 0 104 80 50
1 7 0 0 80 0 104 160 50
2 7 0 0 0 50 104 80 100
3 7 0 0 80 50 104 160 100
4 7 0 0 0 100 104 80 150
5 7 0 0 80 100 104 160 150
6 7 0 0 0 150 104 80 200
7 7 0 0 80 150 104 160 200
8 8 0 0 160 0 57 224 77
9 3 0 0 160 77 39 225 126
10 4 0 0 160 126 49 201 196
11 0 0 0 201 126 71 231 178
12 4 0 57 160 0 106 201 70
13 4 0 57 160 70 106 201 140
14 4 0 57 160 140 106 201 210
15 0 0 71 201 0 142 231 52
16 0 0 71 201 52 142 231 104
17 0 0 71 201 104 142 231 156
18 0 0 71 201 156 142 231 208
19 8 0 104 0 0 168 77 57
20 8 0 168 0 0 232 77 57
21 8 0 232 0 0 296 77 57
22 8 0 296 0 0 360 77 57
23 8 0 360 0 0 424 77 57
24 8 0 104 77 0 168 154 57
25 8 0 168 77 0 232 154 57
26 8 0 232 77 0 296 154 57
27 8 0 296 77 0 360 154 57
28 8 0 360 77 0 424 154 57
29 1 0 104 0 57 138 81 104
30 1 0 104 0 104 138 81 151
31 1 0 104 0 151 138 81 198
32 0 0 104 81 57 134 152 109
33 0 0 134 81 57 164 152 109
34 0 0 164 81 57 194 152 109
35 0 0 194 81 57 224 152 109
36 0 0 224 81 57 254 152 109
37 0 0 254 81 57 284 152 109
38 0 0 284 81 57 314 152 109
39 4 0 104 81 109 153 151 150
40 2 0 104 81 150 179 117 195
41 9 0 104 117 150 200 145 202
42 1 0 138 0 57 185 81 91
43 1 0 138 0 91 185 81 125
44 1 0 138 0 125 185 81 159
45 1 0 138 0 159 185 81 193
46 1 0 106 154 0 187 201 34
47 6 0 106 154 34 201 198 110
48 6 0 106 154 110 201 198 186
49 1 0 106 145 186 187 192 220
50 2 0 179 81 109 254 117 154
51 1 0 179 81 154 260 115 201
52 9 0 142 201 0 238 229 52
53 9 0 142 201 52 238 229 104
54 1 0 142 198 104 223 232 151
55 1 0 142 198 151 223 232 198
56 6 0 185 0 57 280 44 133
57 6 0 185 0 133 280 44 209
58 2 0 200 117 109 275 153 154
59 2 0 275 44 109 311 119 154
60 2 0 275 44 154 311 119 199
61 2 0 185 44 57 260 80 102
62 2 0 200 115 154 275 151 199
63 2 0 185 44 102 260 80 147
64 2 0 185 44 147 260 80 192
65 5 0 201 154 0 312 196 44
66 3 0 275 119 109 340 168 148
67 3 0 275 119 148 340 168 187
68 5 0 280 0 57 391 42 101
69 3 0 201 154 44 266 193 93
70 3 0 201 154 93 266 193 142
71 3 0 201 154 142 266 193 191
72 5 0 280 0 101 391 44 143
73 2 0 238 196 0 313 232 45
74 2 0 313 196 0 388 232 45
75 3 0 238 193 45 303 232 94
76 3 0 238 193 94 303 232 143
77 5 0 280 0 143 391 44 185
78 7 0 314 44 57 418 94 137
79 5 0 311 44 137 422 86 181
80 15 1 223 193 143 288 232 192
81 18 1 275 119 187 327 190 217
82 17 1 311 0 185 358 81 219
83 18 1 303 190 45 374 220 97
84 18 1 303 190 97 374 220 149
85 18 1 303 190 149 374 220 201
86 10 1 340 94 57 417 158 114
87 10 1 340 94 114 417 158 171
88 17 1 358 0 185 405 81 219
89 15 1 340 86 171 405 125 220
90 15 1 340 125 171 405 164 220
91 18 1 374 164 0 445 194 52
92 19 1 374 164 52 470 216 80
93 19 1 374 164 80 470 216 108
94 19 1 374 164 108 470 216 136
95 19 1 374 164 136 470 216 164
96 19 1 374 164 164 470 216 192
97 19 1 374 164 192 470 216 220
98 10 1 424 0 0 488 77 57
99 10 1 424 0 57 488 77 114
100 10 1 424 0 114 488 77 171
101 15 1 405 0 171 470 39 220
102 15 1 422 39 171 487 78 220
103 13 1 424 78 0 535 120 44
104 13 1 424 78 44 535 120 88
105 13 1 424 78 88 535 120 132
106 13 1 424 78 132 535 120 176
107 13 1 424 78 176 535 120 220
108 14 1 424 120 0 494 161 49
109 14 1 424 120 49 494 161 98
110 14 1 424 120 98 494 161 147
111 14 1 424 120 147 494 161 196
112 14 1 470 161 0 519 231 41
113 14 1 519 161 0 568 231 41
114 10 1 470 161 41 547 225 98
115 10 1 470 161 98 547 225 155
116 10 1 470 161 155 547 225 212
117 16 1 488 0 0 533 75 36
118 16 1 488 0 36 533 75 72
119 16 1 488 0 72 533 75 108
120 16 1 488 0 108 533 75 144
121 16 1 488 0 144 533 75 180
122 16 1 488 0 180 533 75 216
123 15 1 494 120 0 559 159 49
124 14 1 494 120 49 543 161 119
125 17 1 494 120 119 575 154 166
126 17 1 494 120 166 575 154 213
127 15 1 547 159 41 586 208 106
128 16 1 533 0 0 578 75 36
129 16 1 533 0 36 578 75 72
130 16 1 533 0 72 578 75 108
131 16 1 533 0 108 578 75 144
132 16 1 533 0 144 578 75 180
133 16 1 533 0 180 578 75 216
134 18 1 547 154 106 577 225 158
