Utilizacion 80.488624 VolCajasEmpacado 81.205813 Duracion[s] 60.013000 Iteraciones 1488
0 0 0 0 0 0 25 52 36
1 0 0 25 0 0 50 52 36
2 0 0 0 0 36 25 52 72
3 0 0 25 0 36 50 52 72
4 0 0 0 0 72 25 52 108
5 0 0 25 0 72 50 52 108
6 0 0 0 0 108 25 52 144
7 0 0 25 0 108 50 52 144
8 0 0 0 0 144 25 52 180
9 0 0 25 0 144 50 52 180
10 0 0 0 0 180 25 52 216
11 0 0 25 0 180 50 52 216
12 1 0 0 52 0 100 113 36
13 1 0 0 52 36 100 113 72
14 1 0 0 52 72 100 113 108
15 1 0 0 52 108 100 113 144
16 1 0 0 52 144 100 113 180
17 1 0 0 52 180 100 113 216
18 2 0 0 113 0 63 134 37
19 2 0 0 134 0 63 155 37
20 2 0 0 155 0 63 176 37
21 2 0 0 176 0 63 197 37
22 2 0 0 197 0 63 218 37
23 1 0 0 113 37 36 213 98
24 1 0 0 113 98 36 213 159
25 0 0 0 113 159 25 165 195
26 0 0 0 165 159 25 217 195
27 2 0 0 113 195 37 176 216
28 4 1 0 176 195 36 228 220
29 4 1 36 176 37 61 228 73
30 4 1 36 176 73 61 228 109
31 4 1 36 176 109 61 228 145
32 4 1 36 176 145 61 228 181
33 4 1 36 176 181 61 228 217
34 3 1 37 113 37 58 176 74
35 4 1 37 113 74 62 165 110
36 4 1 37 113 110 62 165 146
37 4 1 37 113 146 62 165 182
38 4 1 37 113 182 62 165 218
39 4 1 50 0 0 86 52 25
40 4 1 50 0 25 86 52 50
41 3 1 50 0 50 113 21 87
42 3 1 50 21 50 113 42 87
43 3 1 50 0 87 113 21 124
44 3 1 50 21 87 113 42 124
45 3 1 50 0 124 113 21 161
46 3 1 50 21 124 113 42 161
47 3 1 50 0 161 113 21 198
48 3 1 50 21 161 113 42 198
49 3 1 50 0 198 113 37 219
50 5 1 63 113 0 124 213 36
51 5 1 63 113 36 124 213 72
52 5 1 63 113 72 124 213 108
53 5 1 63 113 108 124 213 144
54 5 1 63 113 144 124 213 180
55 5 1 63 113 180 124 213 216
56 5 1 100 42 0 200 103 36
57 5 1 100 42 36 200 103 72
58 5 1 100 42 72 200 103 108
59 5 1 100 42 108 200 103 144
60 5 1 100 42 144 200 103 180
61 5 1 100 42 180 200 103 216
62 8 2 113 0 0 176 21 37
63 8 2 113 21 0 176 42 37
64 8 2 113 0 37 176 21 74
65 8 2 113 21 37 176 42 74
66 8 2 113 0 74 176 21 111
67 8 2 113 21 74 176 42 111
68 8 2 113 0 111 176 21 148
69 8 2 113 21 111 176 42 148
70 7 2 113 0 148 165 36 173
71 7 2 113 0 173 165 36 198
72 6 2 124 103 0 224 164 36
73 6 2 124 164 0 224 225 36
74 6 2 124 103 36 160 203 97
75 6 2 160 103 36 196 203 97
76 6 2 196 103 36 232 203 97
77 6 2 124 103 97 160 203 158
78 6 2 160 103 97 196 203 158
79 6 2 196 103 97 232 203 158
80 7 2 124 203 36 176 228 72
81 7 2 124 203 72 176 228 108
82 7 2 124 203 108 176 228 144
83 9 3 113 0 198 176 37 219
84 9 3 124 103 158 161 166 179
85 9 3 124 166 158 161 229 179
86 9 3 124 103 179 161 166 200
87 9 3 124 166 179 161 229 200
88 9 3 161 103 158 182 166 195
89 9 3 161 166 158 182 229 195
90 10 3 161 103 195 197 155 220
91 10 3 161 155 195 197 207 220
92 11 3 197 103 158 233 203 219
93 10 3 176 0 0 228 25 36
94 10 3 176 0 36 228 25 72
95 10 3 176 0 72 228 25 108
96 10 3 176 0 108 228 25 144
97 10 3 176 0 144 228 25 180
98 10 3 176 0 180 228 25 216
99 10 3 182 207 36 234 232 72
100 10 3 182 207 72 234 232 108
101 10 3 182 207 108 234 232 144
102 10 3 182 207 144 234 232 180
103 11 3 200 25 0 300 86 36
104 11 3 200 25 36 300 86 72
105 11 3 200 25 72 300 86 108
106 11 3 200 25 108 300 86 144
107 11 3 200 25 144 300 86 180
108 11 3 200 25 180 300 86 216
109 11 3 233 86 0 294 186 36
110 11 3 233 86 36 294 186 72
111 11 3 233 86 72 294 186 108
112 11 3 233 86 108 294 186 144
113 11 3 233 86 144 294 186 180
114 12 4 182 207 180 245 228 217
115 13 4 233 86 180 285 111 216
116 13 4 233 111 180 285 136 216
117 13 4 233 136 180 285 161 216
118 13 4 233 161 180 285 186 216
119 13 4 228 0 0 280 25 36
120 12 4 228 0 36 291 21 73
121 13 4 228 0 73 280 25 109
122 13 4 228 0 109 280 25 145
123 13 4 228 0 145 280 25 181
124 13 4 228 0 181 280 25 217
125 12 4 233 186 0 296 207 37
126 12 4 233 186 37 296 207 74
127 12 4 233 186 74 296 207 111
128 12 4 233 186 111 296 207 148
129 12 4 233 186 148 296 207 185
130 13 4 245 207 0 297 232 36
131 13 4 245 207 36 297 232 72
132 13 4 245 207 72 297 232 108
133 12 4 245 207 108 308 228 145
134 12 4 245 207 145 308 228 182
135 12 4 245 207 182 308 228 219
136 12 4 291 0 0 354 21 37
137 12 4 291 0 37 354 21 74
138 12 4 280 0 74 343 21 111
139 14 4 294 86 0 355 186 36
140 14 4 355 86 0 416 186 36
141 14 4 416 86 0 477 186 36
142 14 4 477 86 0 538 186 36
143 14 4 294 86 36 355 186 72
144 14 4 355 86 36 416 186 72
145 14 4 416 86 36 477 186 72
146 14 4 477 86 36 538 186 72
147 14 4 294 86 72 355 186 108
148 14 4 355 86 72 416 186 108
149 14 4 416 86 72 477 186 108
150 14 4 477 86 72 538 186 108
151 17 5 280 0 111 332 25 147
152 17 5 280 0 147 332 25 183
153 17 5 280 0 183 332 25 219
154 16 5 294 86 108 394 147 144
155 16 5 394 86 108 494 147 144
156 16 5 294 86 144 394 147 180
157 16 5 394 86 144 494 147 180
158 16 5 294 86 180 394 147 216
159 16 5 394 86 180 494 147 216
160 15 5 294 147 108 357 184 129
161 17 5 294 147 129 346 183 154
162 17 5 294 147 154 346 183 179
163 15 5 294 147 179 357 168 216
164 15 5 296 186 0 359 207 37
165 15 5 296 168 179 359 189 216
166 16 5 300 25 0 400 86 36
167 16 5 300 25 36 400 86 72
168 15 5 357 147 108 420 168 145
169 15 5 300 25 72 363 46 109
170 15 5 300 46 72 363 67 109
171 15 5 300 25 109 363 46 146
172 19 6 300 25 146 352 50 182
173 19 6 300 25 182 352 50 218
174 18 6 300 50 109 363 71 146
175 18 6 300 50 146 363 71 183
176 18 6 300 50 183 363 71 220
177 20 6 308 189 37 408 225 98
178 20 6 308 189 98 408 225 159
179 20 6 308 189 159 408 225 220
180 19 6 354 0 0 406 25 36
181 18 6 354 0 36 417 21 73
182 18 6 354 0 73 417 21 110
183 18 6 354 0 110 417 21 147
184 18 6 354 0 147 417 21 184
185 19 6 332 0 184 384 25 220
186 19 6 384 0 184 436 25 220
187 19 6 359 147 145 411 172 181
188 19 6 359 147 181 411 172 217
189 19 6 408 172 108 460 197 144
190 19 6 408 172 144 460 208 169
191 19 6 408 172 169 460 208 194
192 19 6 408 172 194 460 208 219
193 19 6 363 25 72 388 77 108
194 19 6 363 25 108 388 77 144
195 19 6 363 25 144 388 77 180
196 19 6 363 25 180 388 77 216
197 20 6 400 25 0 500 61 61
198 20 6 400 25 61 500 61 122
199 20 6 388 25 122 488 86 158
200 20 6 388 25 158 488 61 219
201 20 6 460 147 108 560 208 144
202 22 7 388 61 158 440 86 194
203 22 7 408 208 0 460 233 36
204 22 7 408 208 36 460 233 72
205 22 7 408 208 72 460 233 108
206 22 7 408 208 108 460 233 144
207 22 7 408 208 144 460 233 180
208 22 7 408 208 180 460 233 216
209 21 7 436 0 0 499 21 37
210 21 7 499 0 0 562 21 37
211 22 7 436 0 37 488 25 73
212 22 7 436 0 73 488 25 109
213 22 7 436 0 109 488 25 145
214 22 7 436 0 145 488 25 181
215 22 7 436 0 181 488 25 217
216 21 7 440 61 158 503 82 195
217 23 7 460 147 144 560 183 205
218 23 7 460 183 144 560 219 205
219 21 7 494 82 108 515 145 145
220 21 7 494 82 145 515 145 182
221 21 7 494 82 182 515 145 219
222 21 7 488 0 37 551 21 74
223 21 7 488 0 74 551 21 111
224 23 7 538 21 0 574 121 61
225 23 7 538 21 61 574 121 122
226 23 7 515 0 122 576 100 158
227 23 7 515 0 158 576 100 194
228 24 8 488 0 194 551 37 215
229 25 8 503 37 194 555 73 219
230 24 8 515 100 122 578 137 143
231 24 8 515 100 143 578 137 164
232 24 8 515 100 164 578 137 185
233 25 8 515 73 194 551 125 219
234 25 8 551 73 194 587 125 219
235 25 8 560 137 0 585 189 36
236 25 8 560 137 36 585 189 72
237 25 8 560 137 72 585 189 108
238 25 8 560 137 108 585 189 144
239 25 8 560 137 144 585 189 180
240 25 8 560 137 180 585 189 216
