Utilizacion 68.796236 VolCajasEmpacado 69.886359 Duracion[s] 60.022000 Iteraciones 2756
0 9 0 0 0 0 85 108 20
1 9 0 0 108 0 85 216 20
2 9 0 0 0 20 85 108 40
3 9 0 0 108 20 85 216 40
4 5 0 0 0 40 40 87 108
5 5 0 0 0 108 40 87 176
6 6 0 0 0 176 61 107 218
7 0 0 0 107 40 25 226 74
8 4 0 0 107 74 40 188 130
9 2 0 0 188 74 30 228 108
10 7 0 0 107 130 61 222 177
11 3 0 0 107 177 60 166 216
12 1 0 0 166 177 68 216 205
13 8 0 85 0 0 140 75 98
14 9 0 61 0 98 146 108 118
15 15 1 61 0 118 133 119 152
16 12 1 61 0 152 108 115 213
17 10 1 61 119 40 95 149 80
18 16 1 61 119 80 121 159 112
19 16 1 61 119 112 121 159 144
20 13 1 61 119 144 158 164 210
21 13 1 85 164 0 182 230 45
22 18 1 68 164 45 156 206 65
23 18 1 68 164 65 156 206 85
24 17 1 108 0 152 133 119 186
25 11 1 68 164 85 171 233 169
26 14 1 68 164 169 146 227 207
27 15 1 146 0 0 265 72 34
28 25 2 108 0 186 148 34 216
29 26 2 108 34 186 128 103 218
30 24 2 146 164 169 186 224 201
31 29 2 146 34 34 205 73 94
32 29 2 146 34 94 205 73 154
33 29 2 146 34 154 205 73 214
34 27 2 148 0 34 267 34 59
35 19 2 146 73 0 253 115 61
36 19 2 253 73 0 360 115 61
37 19 2 360 73 0 467 115 61
38 19 2 467 73 0 574 115 61
39 22 2 146 73 61 233 113 129
40 23 2 133 73 129 214 113 185
41 27 2 133 73 185 252 107 210
42 21 2 158 115 0 273 162 61
43 28 2 205 0 59 276 63 83
44 20 2 186 162 0 270 231 103
45 20 2 186 162 103 270 231 206
46 28 2 205 0 83 276 63 107
47 36 3 148 0 107 267 34 132
48 36 3 148 0 132 267 34 157
49 34 3 148 0 157 208 32 197
50 38 3 148 0 197 217 32 217
51 31 3 158 113 61 239 153 117
52 30 3 158 113 117 253 160 194
53 37 3 158 107 194 246 149 214
54 32 3 205 34 107 283 72 170
55 39 3 205 32 170 273 60 220
56 35 3 217 0 157 283 26 192
57 30 3 253 72 61 348 119 138
58 30 3 253 72 138 348 119 215
59 33 3 273 119 0 392 191 34
60 33 3 273 119 34 392 191 68
61 46 4 253 119 68 321 147 118
62 46 4 253 119 118 321 147 168
63 46 4 253 119 168 321 147 218
64 49 4 270 191 0 358 233 20
65 42 4 270 191 20 377 233 81
66 45 4 270 147 68 300 187 102
67 44 4 270 147 102 330 206 141
68 47 4 270 206 81 389 231 115
69 43 4 270 147 141 357 215 181
70 48 4 270 147 181 378 232 201
71 47 4 283 0 0 402 34 25
72 47 4 283 0 25 402 34 50
73 40 4 283 0 50 315 60 90
74 45 4 283 0 90 317 40 120
75 41 4 392 115 0 495 199 69
76 57 5 217 0 192 286 32 212
77 58 5 286 0 120 314 68 170
78 55 5 286 0 170 321 66 196
79 52 5 321 0 50 418 66 95
80 54 5 321 0 95 402 56 135
81 56 5 321 0 135 440 34 160
82 56 5 321 34 135 440 68 160
83 53 5 321 0 160 428 61 202
84 51 5 378 68 69 463 176 89
85 50 5 348 68 89 432 137 192
86 51 5 348 61 192 456 146 212
87 53 5 378 146 89 485 188 150
88 50 5 378 146 150 481 230 219
89 50 5 463 0 0 566 69 84
90 59 6 440 0 84 509 32 104
91 64 6 440 0 104 538 55 179
92 62 6 428 0 179 458 34 219
93 60 6 456 34 179 544 76 199
94 65 6 495 76 61 579 145 164
95 63 6 456 76 164 553 142 209
96 61 6 495 145 0 566 208 24
97 74 7 456 34 199 544 76 219
98 66 7 458 0 179 498 34 209
99 66 7 498 0 179 538 34 209
100 70 7 495 145 24 554 205 63
101 68 7 495 145 63 563 232 103
102 67 7 481 188 103 578 233 169
103 74 7 485 145 103 573 187 123
104 71 7 485 145 123 563 183 186
