Utilizacion 72.941277 VolCajasEmpacado 73.807549 Duracion[s] 60.011000 Iteraciones 2139
0 16 0 0 0 0 79 29 51
1 16 0 0 0 51 79 29 102
2 16 0 0 0 102 79 29 153
3 16 0 0 0 153 79 29 204
4 2 0 0 29 0 69 113 108
5 2 0 0 29 108 69 113 216
6 3 0 0 113 0 80 173 82
7 3 0 0 173 0 80 233 82
8 12 0 0 113 82 31 204 127
9 12 0 31 113 82 62 204 127
10 12 0 62 113 82 93 204 127
11 17 0 0 113 127 42 202 153
12 5 0 0 113 153 46 231 219
13 8 0 46 113 127 97 181 167
14 8 0 46 113 167 97 181 207
15 7 0 46 181 127 117 222 204
16 3 0 69 29 0 149 111 60
17 3 0 69 29 60 149 111 120
18 6 0 69 29 120 160 107 162
19 6 0 69 29 162 160 107 204
20 16 0 79 0 0 158 29 51
21 8 0 97 111 0 148 179 40
22 1 0 97 111 40 153 164 60
23 14 0 97 111 60 138 156 90
24 10 0 97 111 90 142 159 125
25 4 0 97 107 125 176 154 197
26 11 0 117 179 0 207 215 35
27 7 0 117 179 35 188 220 112
28 5 0 117 159 112 235 205 178
29 9 0 117 154 178 234 232 217
30 0 0 160 0 0 241 101 24
31 0 0 241 0 0 322 101 24
32 9 0 160 0 24 277 78 63
33 15 0 160 0 63 254 72 92
34 13 0 160 0 92 276 30 134
35 27 1 160 78 24 239 107 75
36 23 1 160 0 134 228 40 185
37 23 1 228 0 134 296 40 185
38 24 1 160 0 185 205 48 220
39 24 1 160 72 75 205 107 123
40 24 1 160 72 123 205 107 171
41 18 1 160 48 171 213 104 191
42 25 1 176 107 0 267 152 31
43 21 1 176 107 31 260 149 109
44 26 1 205 0 185 321 42 215
45 20 1 176 107 109 294 153 175
46 22 1 213 42 92 284 83 169
47 19 1 235 153 0 319 222 108
48 19 1 235 153 108 319 222 216
49 20 1 294 101 0 412 147 66
50 19 1 319 147 0 427 231 69
51 19 1 319 147 69 427 231 138
52 28 1 322 0 0 403 101 24
53 28 1 403 0 0 484 101 24
54 28 1 484 0 0 565 101 24
55 40 2 160 48 191 213 104 211
56 38 2 176 104 175 206 145 220
57 36 2 206 104 175 297 135 220
58 40 2 213 42 169 266 98 189
59 35 2 284 42 24 355 83 101
60 30 2 284 42 101 366 102 181
61 34 2 266 42 181 356 77 217
62 34 2 297 77 181 387 112 217
63 37 2 297 112 66 413 142 108
64 30 2 319 112 138 379 194 218
65 30 2 379 112 138 439 194 218
66 33 2 321 0 24 405 42 102
67 31 2 366 0 102 413 72 181
68 32 2 413 0 24 531 46 90
69 29 2 413 46 24 493 108 108
70 29 2 413 46 108 493 108 192
71 39 2 387 0 192 468 101 216
72 41 2 439 108 0 517 225 39
73 41 2 439 108 39 517 225 78
74 41 2 439 108 78 517 225 117
75 55 3 319 194 138 409 229 174
76 55 3 319 194 174 409 229 210
77 50 3 427 194 117 543 224 159
78 50 3 427 194 159 543 224 201
79 42 3 439 108 117 511 187 164
80 48 3 439 108 164 474 153 212
81 48 3 474 108 164 509 153 212
82 48 3 439 153 164 487 188 209
83 52 3 468 0 90 557 42 116
84 46 3 468 0 116 586 46 182
85 49 3 468 0 182 559 45 213
86 45 3 493 46 24 573 106 106
87 47 3 493 46 106 564 87 183
88 54 3 493 45 183 546 101 203
89 43 3 517 106 0 586 190 108
90 43 3 517 106 108 586 190 216
