Utilizacion 69.810978 VolCajasEmpacado 71.599154 Duracion[s] 60.001000 Iteraciones 7582
0 1 0 0 0 0 45 91 54
1 1 0 0 91 0 45 182 54
2 0 0 0 0 54 54 79 130
3 2 0 0 79 54 72 184 131
4 3 1 0 184 0 79 232 78
5 6 1 0 0 130 54 79 206
6 5 1 0 184 78 101 233 149
7 4 1 0 79 131 109 138 207
8 7 2 54 0 0 163 76 59
9 8 3 0 138 131 91 183 185
10 9 3 0 183 149 101 232 220
11 10 3 54 0 59 130 79 113
12 9 3 54 0 113 155 49 184
13 11 4 101 138 0 208 222 61
14 15 5 0 138 185 105 181 207
15 14 5 101 181 61 202 230 132
16 14 5 101 181 132 202 230 203
17 12 5 109 79 0 188 133 76
18 13 5 109 79 76 170 163 183
19 16 6 163 0 0 270 61 84
20 17 7 155 0 84 233 79 132
21 18 8 54 0 184 170 78 204
22 20 9 170 0 132 277 61 216
23 19 9 208 79 0 310 179 49
24 21 10 109 78 183 156 151 215
25 22 10 188 79 49 297 138 125
26 25 11 170 61 132 245 95 171
27 24 11 170 61 171 275 104 193
28 25 11 170 104 125 245 143 159
29 23 11 208 143 49 313 215 126
30 27 12 170 104 159 280 175 182
31 26 12 170 61 193 286 139 213
32 28 13 286 0 0 402 78 20
33 29 14 202 175 126 303 224 197
34 30 15 277 0 20 356 54 96
35 31 16 277 0 96 361 61 203
36 32 16 313 78 0 390 183 72
37 33 17 170 139 182 218 169 219
38 34 18 297 61 72 407 132 95
39 35 19 202 169 197 307 212 219
40 38 20 218 139 182 266 169 219
41 37 20 297 61 95 402 138 167
42 36 20 286 61 167 396 132 190
43 39 21 280 139 126 317 169 174
44 40 21 313 183 0 386 230 32
45 41 21 313 183 32 388 217 71
46 42 21 317 138 72 396 214 126
47 43 22 286 61 190 334 98 220
48 45 22 317 138 126 393 192 205
49 44 22 307 192 126 382 226 165
50 46 22 361 0 20 437 59 129
51 48 23 334 61 190 444 132 213
52 47 23 361 0 129 470 59 205
53 49 23 396 138 0 497 187 71
54 50 24 307 192 165 351 229 192
55 51 24 396 138 71 444 217 149
56 52 25 444 59 0 528 120 107
57 53 26 382 192 149 487 214 192
58 54 26 444 59 107 520 168 166
59 54 26 470 0 0 579 59 76
60 55 26 497 168 0 581 229 107
61 56 27 393 138 166 498 160 209
62 57 28 307 192 192 351 229 219
63 58 28 444 59 166 517 91 213
64 57 28 444 91 166 488 118 203
65 59 28 470 0 76 571 49 147
66 60 29 498 91 166 520 196 209
67 61 30 470 0 147 561 54 192
68 62 31 487 196 107 562 230 146
69 64 31 528 59 0 587 135 109
70 65 31 520 54 109 581 138 216
