Utilizacion 71.127505 VolCajasEmpacado 72.213759 Duracion[s] 60.014000 Iteraciones 3604
0 1 0 0 0 0 104 72 44
1 4 0 0 0 44 77 82 111
2 4 0 0 0 111 77 67 193
3 0 0 0 0 193 89 56 217
4 3 0 0 82 0 59 190 60
5 5 0 0 82 60 87 194 83
6 2 0 0 82 83 98 162 139
7 5 0 0 67 139 87 179 162
8 9 1 0 67 162 80 165 218
9 6 1 0 194 0 36 230 64
10 11 1 0 194 64 46 230 131
11 11 1 0 179 131 67 225 167
12 12 1 0 165 167 89 221 191
13 12 1 0 165 191 89 221 215
14 7 1 89 162 0 197 221 60
15 9 1 89 162 60 187 218 140
16 9 1 89 162 140 187 218 220
17 13 1 98 72 0 210 159 23
18 8 1 98 72 23 155 152 118
19 10 1 104 0 0 208 72 44
20 16 2 155 72 23 212 152 118
21 15 2 197 159 0 305 218 60
22 18 2 208 0 0 297 56 24
23 17 2 208 0 24 288 56 122
24 17 2 208 0 122 288 56 220
25 19 2 98 56 118 210 143 141
26 19 2 98 56 141 210 143 164
27 19 2 98 56 164 210 143 187
28 19 2 98 56 187 210 143 210
29 18 2 89 0 44 178 56 68
30 18 2 89 0 68 178 56 92
31 14 2 89 0 92 205 40 133
32 14 2 89 0 133 205 41 173
33 26 3 212 56 0 268 154 80
34 26 3 212 56 80 268 154 160
35 27 3 210 56 160 318 116 219
36 24 3 187 154 60 303 195 100
37 24 3 187 154 100 303 195 140
38 28 3 187 154 140 269 231 207
39 22 3 210 116 160 274 152 196
40 22 3 269 152 140 305 188 204
41 22 3 269 195 60 305 231 124
42 22 3 269 195 124 305 231 188
43 23 3 274 116 0 320 152 67
44 26 3 297 0 0 377 56 98
45 21 3 288 0 98 377 56 122
46 25 3 288 0 122 392 44 194
47 28 3 305 152 0 382 219 82
48 20 3 305 116 82 392 228 105
49 20 3 305 116 105 392 228 128
50 25 3 305 116 128 377 220 172
51 25 3 305 116 172 377 220 216
52 25 3 318 56 0 422 100 72
53 33 4 288 0 194 377 56 218
54 29 4 318 56 72 398 113 167
55 33 4 318 56 167 407 112 191
56 32 4 392 0 0 459 36 46
57 32 4 392 0 46 438 36 113
58 34 4 392 113 0 479 225 23
59 35 4 392 113 23 433 229 63
60 31 4 392 113 63 436 217 135
61 31 4 392 113 135 436 217 207
62 30 4 422 36 0 504 113 67
63 42 5 318 56 191 407 112 215
64 41 5 392 0 113 456 36 149
65 41 5 392 0 149 456 36 185
66 37 5 422 36 67 530 95 127
67 37 5 422 36 127 530 95 187
68 43 5 407 0 187 494 112 210
69 36 5 436 113 23 503 190 105
70 40 5 436 112 105 477 228 145
71 41 5 436 112 145 500 148 181
72 41 5 436 112 181 500 148 217
73 38 5 503 113 0 560 193 95
74 39 5 503 95 95 583 193 151
75 43 5 500 95 151 587 207 174
76 39 5 530 0 0 586 80 98
77 39 5 530 0 98 586 80 196
78 44 6 494 0 196 581 112 219
79 46 6 500 112 174 540 228 215
80 46 6 540 112 174 580 228 215
