Utilizacion 77.829231 VolCajasEmpacado 79.752573 Duracion[s] 60.032000 Iteraciones 1401
0 8 0 0 0 0 61 76 71
1 8 0 0 0 71 61 76 142
2 8 0 0 0 142 61 76 213
3 1 0 0 76 0 98 157 26
4 2 0 0 76 26 95 146 56
5 2 0 0 76 56 95 146 86
6 2 0 0 76 86 95 146 116
7 2 0 0 76 116 95 146 146
8 2 0 0 76 146 95 146 176
9 2 0 0 76 176 95 146 206
10 6 0 0 157 0 100 207 43
11 9 0 0 207 0 45 231 37
12 9 0 45 207 0 90 231 37
13 9 0 90 207 0 135 231 37
14 9 0 135 207 0 180 231 37
15 9 0 180 207 0 225 231 37
16 9 0 225 207 0 270 231 37
17 9 0 270 207 0 315 231 37
18 9 0 315 207 0 360 231 37
19 9 0 360 207 0 405 231 37
20 5 0 0 146 43 95 220 85
21 5 0 0 146 85 95 220 127
22 5 0 0 146 127 95 220 169
23 5 0 0 146 169 95 220 211
24 8 0 61 0 0 137 71 61
25 8 0 137 0 0 213 71 61
26 8 0 213 0 0 289 71 61
27 8 0 289 0 0 365 71 61
28 8 0 365 0 0 441 71 61
29 2 0 61 0 61 156 70 91
30 2 0 61 0 91 156 70 121
31 0 0 61 0 121 121 67 146
32 3 0 61 0 146 93 74 206
33 3 0 93 0 146 125 74 206
34 3 0 98 74 0 130 148 60
35 3 0 130 74 0 162 148 60
36 3 0 162 74 0 194 148 60
37 6 0 125 0 121 175 100 164
38 6 0 125 0 164 175 100 207
39 4 0 175 0 61 210 55 112
40 4 0 95 100 60 150 135 111
41 4 0 95 100 111 150 135 162
42 4 0 95 100 162 150 135 213
43 5 0 100 148 0 195 190 74
44 5 0 195 148 0 290 190 74
45 0 0 175 0 112 235 67 137
46 0 0 175 0 137 235 67 162
47 0 0 175 0 162 235 67 187
48 0 0 175 0 187 235 67 212
49 1 0 95 135 74 176 233 100
50 1 0 95 135 100 176 233 126
51 1 0 95 135 126 176 233 152
52 1 0 95 135 152 176 233 178
53 1 0 95 135 178 176 233 204
54 4 0 150 100 60 205 135 111
55 4 0 150 100 111 205 135 162
56 4 0 150 100 162 205 135 213
57 7 0 176 135 74 295 223 125
58 7 0 176 135 125 295 186 213
59 6 0 176 186 125 276 229 175
60 7 0 205 71 0 324 122 88
61 7 0 324 71 0 443 122 88
62 7 0 443 71 0 562 122 88
63 6 0 205 67 88 305 117 131
64 7 0 205 67 131 324 118 219
65 1 0 295 122 0 393 203 26
66 1 0 393 122 0 491 203 26
67 1 0 295 122 26 393 203 52
68 19 1 176 186 175 200 231 212
69 19 1 200 186 175 237 210 220
70 10 1 235 0 61 311 61 132
71 10 1 311 0 61 387 61 132
72 10 1 387 0 61 463 61 132
73 18 1 235 0 132 295 67 157
74 18 1 295 0 132 355 67 157
75 18 1 355 0 132 415 67 157
76 18 1 415 0 132 475 67 157
77 19 1 237 186 175 274 210 220
78 18 1 235 0 157 295 67 182
79 18 1 295 0 157 355 67 182
80 18 1 355 0 157 415 67 182
81 18 1 415 0 157 475 67 182
82 19 1 235 0 182 280 24 219
83 19 1 280 0 182 325 24 219
84 19 1 325 0 182 370 24 219
85 19 1 370 0 182 415 24 219
86 12 1 295 122 52 395 165 102
87 10 1 295 165 52 371 226 123
88 10 1 295 165 123 371 226 194
89 12 1 295 118 102 395 161 152
90 12 1 295 118 152 395 161 202
91 18 1 295 161 194 362 221 219
92 14 1 324 24 182 379 75 217
93 14 1 379 24 182 434 75 217
94 14 1 434 0 182 489 51 217
95 13 1 324 75 88 419 117 162
96 13 1 419 75 88 514 117 162
97 12 1 324 75 162 424 118 212
98 14 1 371 165 52 406 216 107
99 14 1 371 165 107 406 216 162
100 12 1 395 122 26 495 165 76
101 12 1 395 122 76 495 165 126
102 12 1 395 122 126 495 165 176
103 15 1 395 118 176 469 178 208
104 15 1 406 178 26 480 210 86
105 15 1 406 178 86 480 210 146
106 15 1 406 178 146 480 210 206
107 12 1 424 75 162 524 118 212
108 16 1 489 0 0 584 70 30
109 16 1 489 0 30 584 70 60
110 16 1 489 0 60 584 70 90
111 16 1 489 0 90 584 70 120
112 16 1 489 0 120 584 70 150
113 16 1 489 0 150 584 70 180
114 16 1 489 0 180 584 70 210
115 13 1 491 165 0 586 207 74
116 10 1 524 70 88 585 146 159
117 15 1 495 118 159 569 150 219
118 10 1 480 165 74 556 226 145
119 10 1 480 165 145 556 226 216
