Utilizacion 79.423176 VolCajasEmpacado 81.597020 Duracion[s] 60.016000 Iteraciones 1894
0 4 0 0 0 0 37 30 57
1 4 0 37 0 0 74 30 57
2 4 0 74 0 0 111 30 57
3 4 0 111 0 0 148 30 57
4 4 0 148 0 0 185 30 57
5 0 0 0 0 57 46 55 88
6 0 0 0 0 88 46 55 119
7 0 0 0 0 119 46 55 150
8 0 0 0 0 150 46 55 181
9 0 0 0 0 181 46 55 212
10 2 0 0 55 0 58 130 57
11 2 0 0 130 0 58 205 57
12 2 0 0 55 57 58 130 114
13 2 0 0 55 114 58 130 171
14 0 0 0 55 171 55 86 217
15 0 0 0 86 171 55 117 217
16 1 0 0 130 57 74 209 92
17 1 0 0 130 92 74 209 127
18 1 0 0 130 127 74 209 162
19 1 0 0 130 162 74 209 197
20 3 0 58 30 0 157 104 104
21 3 0 58 30 104 157 104 208
22 1 0 74 104 0 153 178 35
23 1 0 74 104 35 153 178 70
24 1 0 74 104 70 153 178 105
25 3 0 74 104 105 173 178 209
26 5 1 46 0 57 83 30 114
27 5 1 46 0 114 83 30 171
28 5 1 46 0 171 103 30 208
29 6 1 74 178 0 120 233 31
30 6 1 74 178 31 120 233 62
31 6 1 74 178 62 120 233 93
32 6 1 74 178 93 120 233 124
33 6 1 74 178 124 120 233 155
34 6 1 74 178 155 120 233 186
35 5 1 74 178 186 131 215 216
36 5 1 103 0 57 140 30 114
37 5 1 103 0 114 140 30 171
38 8 1 157 30 0 232 87 58
39 9 1 157 0 58 256 104 132
40 9 1 157 0 132 256 104 206
41 7 1 173 104 0 252 178 35
42 7 1 173 104 35 252 178 70
43 7 1 173 104 70 252 178 105
44 7 1 173 104 105 252 178 140
45 7 1 173 104 140 252 178 175
46 7 1 173 104 175 252 178 210
47 7 1 252 104 0 331 178 35
48 13 2 131 178 0 186 224 31
49 13 2 131 178 31 186 224 62
50 13 2 131 178 62 186 224 93
51 13 2 131 178 93 186 224 124
52 13 2 131 178 124 186 224 155
53 14 2 131 178 155 161 215 212
54 14 2 161 178 155 191 215 212
55 10 2 252 104 35 331 178 70
56 10 2 252 104 70 331 178 105
57 10 2 252 104 105 331 178 140
58 10 2 252 104 140 331 178 175
59 10 2 252 104 175 331 178 210
60 14 2 191 178 0 221 215 57
61 14 2 191 178 57 221 215 114
62 14 2 191 178 114 221 215 171
63 11 2 256 0 0 330 104 99
64 11 2 330 0 0 404 104 99
65 11 2 404 0 0 478 104 99
66 12 2 256 0 99 314 75 156
67 12 2 256 0 156 314 75 213
68 12 2 314 0 99 371 75 157
69 16 3 191 178 171 222 233 217
70 16 3 222 178 0 253 233 46
71 16 3 222 178 46 253 233 92
72 16 3 222 178 92 253 233 138
73 16 3 222 178 138 253 233 184
74 16 3 222 178 184 268 233 215
75 15 3 268 178 0 298 215 57
76 15 3 268 178 57 298 215 114
77 15 3 268 178 114 298 215 171
78 16 3 268 178 171 299 233 217
79 15 3 299 178 0 329 215 57
80 15 3 329 178 0 359 215 57
81 15 3 359 178 0 389 215 57
82 18 3 314 0 157 371 75 215
83 18 3 331 75 99 406 133 156
84 18 3 331 75 156 406 133 213
85 19 3 331 133 57 435 232 131
86 19 3 331 133 131 435 232 205
87 18 3 371 0 99 428 75 157
88 18 3 428 0 99 485 75 157
89 18 3 371 0 157 428 75 215
90 18 3 428 0 157 485 75 215
91 18 3 406 75 99 463 133 174
92 17 3 435 133 0 509 212 35
93 17 3 509 133 0 583 212 35
94 17 3 435 133 35 509 212 70
95 17 3 509 133 35 583 212 70
96 19 3 435 133 70 509 232 174
97 19 3 485 0 0 584 74 104
98 19 3 485 0 104 584 74 208
99 20 4 406 75 174 443 132 204
100 21 4 435 132 174 466 187 220
101 21 4 435 187 174 490 233 205
102 20 4 443 75 174 473 132 211
103 21 4 466 132 174 512 187 205
104 23 4 478 75 0 553 132 58
105 23 4 478 75 58 553 132 116
106 23 4 478 75 116 553 132 174
107 22 4 512 74 174 586 153 209
108 23 4 512 153 70 587 211 127
109 22 4 512 153 127 586 232 162
110 22 4 512 153 162 586 232 197
