Utilizacion 66.236403 VolCajasEmpacado 66.952319 Duracion[s] 60.006000 Iteraciones 5219
0 0 0 0 0 0 94 90 30
1 1 0 0 90 0 30 196 38
2 2 1 0 0 30 35 49 59
3 5 2 0 0 59 47 95 151
4 3 2 0 0 151 29 35 200
5 6 2 0 35 151 35 70 208
6 7 2 30 95 0 128 211 40
7 4 2 0 95 40 89 198 113
8 8 3 0 70 151 37 102 202
9 9 3 0 102 113 38 219 157
10 10 3 0 102 157 51 148 201
11 11 4 0 148 157 62 196 179
12 12 4 0 148 179 92 213 202
13 13 4 47 0 30 137 94 60
14 18 5 47 0 60 127 75 135
15 18 5 47 0 135 127 75 210
16 14 5 51 75 113 99 137 135
17 16 5 128 94 0 244 192 40
18 17 5 137 0 0 240 89 73
19 15 5 127 0 73 238 88 105
20 19 6 51 75 135 102 112 167
21 20 6 99 112 40 216 150 84
22 22 7 51 75 167 138 128 193
23 21 7 51 75 193 143 140 216
24 23 7 92 150 40 195 223 129
25 25 8 92 140 129 121 189 164
26 25 8 92 140 164 121 189 199
27 24 8 92 189 129 208 228 152
28 26 8 127 0 105 222 47 197
29 27 9 143 47 105 238 94 197
30 29 10 92 189 152 192 221 192
31 28 10 143 94 84 230 147 110
32 28 10 143 94 110 230 147 136
33 30 11 121 147 129 170 182 158
34 31 11 121 140 158 167 184 209
35 34 12 143 94 136 243 134 168
36 33 12 240 0 0 334 90 30
37 32 12 244 0 30 342 116 70
38 35 13 127 0 197 243 39 220
39 36 13 243 0 70 332 73 173
40 39 14 238 39 173 350 69 205
41 38 14 143 94 168 252 136 197
42 37 14 244 136 0 297 223 26
43 41 15 170 147 129 205 182 186
44 40 15 208 192 26 314 222 64
45 42 15 252 73 70 347 120 162
46 43 16 92 189 192 208 228 215
47 44 17 244 136 26 331 189 52
48 45 17 252 73 162 363 161 194
49 46 17 350 0 0 453 73 89
50 48 18 208 161 52 320 191 84
51 47 18 350 0 89 404 55 162
52 49 18 363 73 0 474 161 32
53 50 19 243 0 173 355 32 203
54 51 19 208 191 64 308 231 96
55 52 19 363 73 32 443 148 107
56 53 20 350 32 162 456 62 200
57 54 20 363 62 107 410 157 199
58 58 21 208 161 84 320 191 116
59 55 21 208 161 116 252 207 167
60 55 21 208 161 167 252 207 218
61 57 21 252 191 96 309 226 131
62 56 21 331 161 0 404 215 55
63 59 22 208 207 131 324 230 170
64 59 22 208 207 170 324 230 209
65 61 22 355 0 162 392 32 213
66 60 22 252 161 116 301 190 151
67 62 22 324 161 55 419 208 147
68 63 22 474 0 0 554 75 75
69 64 23 252 161 151 303 205 197
70 68 23 252 157 197 314 205 219
71 65 23 314 161 147 431 205 185
72 66 23 314 161 185 420 199 215
73 67 23 404 0 89 441 32 140
74 69 24 410 62 107 464 117 180
75 70 25 404 208 0 520 231 39
76 70 25 404 208 39 520 231 78
77 71 25 410 62 180 467 97 215
78 72 25 467 0 75 542 75 155
79 74 26 410 117 107 467 152 142
80 74 26 410 117 142 467 152 177
81 73 26 410 117 177 522 147 209
82 75 26 456 0 155 573 44 193
83 77 27 431 161 0 526 208 92
84 77 27 431 152 92 526 199 184
85 76 27 431 147 184 537 185 214
86 79 28 467 44 155 584 82 199
87 78 28 474 82 0 574 114 40
88 80 28 522 82 40 573 128 84
89 81 28 537 128 0 584 223 92
90 83 29 522 82 84 557 111 133
91 82 29 522 82 133 577 136 206
92 84 29 537 136 92 584 231 184
93 85 30 456 0 193 572 39 216
