Utilizacion 70.783905 VolCajasEmpacado 72.077488 Duracion[s] 60.001000 Iteraciones 5520
0 3 0 0 0 0 50 73 96
1 3 0 0 0 96 50 73 192
2 1 0 0 73 0 27 178 22
3 0 0 0 73 22 43 183 59
4 2 0 0 73 59 64 135 158
5 4 1 0 73 158 53 187 193
6 8 2 0 187 0 105 214 22
7 6 2 0 187 22 110 230 59
8 6 2 0 187 59 110 230 96
9 5 2 0 187 96 114 222 149
10 5 2 0 187 149 114 222 202
11 7 2 50 0 0 149 64 62
12 11 3 50 0 62 149 64 124
13 11 3 50 0 124 149 64 186
14 9 3 50 0 186 155 22 213
15 10 3 53 135 0 163 172 43
16 12 4 0 22 193 22 127 220
17 13 4 53 135 43 163 172 86
18 13 4 53 135 86 163 172 129
19 14 4 64 64 0 128 126 99
20 14 4 128 64 0 192 126 99
21 15 5 53 135 129 149 185 202
22 16 5 64 64 99 174 107 136
23 17 6 22 22 193 44 127 220
24 17 6 50 22 186 155 49 208
25 20 6 64 64 136 163 126 200
26 19 6 114 185 0 224 228 37
27 18 6 114 185 37 228 220 90
28 21 7 114 185 90 228 220 143
29 21 7 114 185 143 228 220 196
30 24 8 155 0 0 219 62 99
31 22 8 155 0 99 269 53 134
32 22 8 155 0 134 269 53 169
33 23 8 155 0 169 265 37 212
34 27 9 114 185 196 219 212 218
35 26 9 163 126 0 277 179 35
36 26 9 163 126 35 277 179 70
37 26 9 163 126 70 277 179 105
38 26 9 163 126 105 277 179 140
39 25 9 174 53 99 238 115 198
40 28 10 149 126 140 263 161 193
41 29 11 149 126 193 254 153 215
42 29 11 149 161 140 254 183 167
43 30 11 238 53 0 337 117 62
44 31 12 149 161 167 254 183 194
45 33 12 238 53 62 334 103 135
46 33 12 238 53 135 334 103 208
47 32 12 228 183 0 338 220 43
48 34 13 228 183 43 301 233 139
49 35 14 149 153 194 254 180 216
50 36 15 228 183 139 324 233 212
51 37 16 277 117 0 341 179 99
52 40 17 269 0 0 342 50 96
53 38 17 269 0 96 379 43 133
54 38 17 269 0 133 379 43 170
55 39 17 277 103 99 341 165 198
56 41 18 265 0 170 375 43 207
57 42 18 337 50 0 410 100 96
58 42 18 338 179 0 411 229 96
59 43 18 341 100 0 440 164 62
60 44 19 341 100 62 440 164 124
61 45 20 254 103 198 359 130 220
62 46 21 324 179 96 434 222 133
63 47 22 324 165 133 434 208 170
64 48 22 341 130 170 437 203 220
65 49 23 334 43 96 407 93 192
66 50 23 410 0 0 474 99 62
67 51 24 324 208 133 429 230 160
68 52 24 359 93 124 473 128 177
69 54 25 359 93 177 469 130 220
70 53 25 379 0 62 493 35 115
71 55 25 407 0 115 480 50 211
72 56 26 324 208 160 429 230 187
73 57 26 437 164 0 533 214 73
74 58 27 334 50 192 439 77 214
75 61 28 437 164 73 499 228 172
76 59 28 469 128 0 583 163 53
77 59 28 469 128 53 583 163 106
78 60 28 474 50 0 584 87 43
79 62 29 474 50 43 573 112 107
80 62 29 474 50 107 573 112 171
81 63 30 324 203 187 429 225 214
82 66 30 469 128 106 583 163 159
83 65 30 493 0 0 566 50 96
84 64 30 499 163 73 561 227 172
85 67 31 429 203 172 534 230 194
86 68 31 469 128 159 583 163 212
87 69 31 493 0 96 566 50 192
88 70 32 437 163 172 547 200 215
