Utilizacion 68.287011 VolCajasEmpacado 69.529078 Duracion[s] 60.026000 Iteraciones 2482
0 1 0 0 0 0 59 119 39
1 2 0 0 119 0 33 148 57
2 0 0 0 0 39 75 45 74
3 0 0 0 45 39 75 90 74
4 7 1 0 148 0 79 216 44
5 7 1 0 148 44 79 216 88
6 7 1 0 148 88 79 216 132
7 7 1 0 148 132 79 216 176
8 7 1 0 148 176 79 216 220
9 4 1 0 0 74 96 56 172
10 4 1 0 56 74 96 112 172
11 6 1 0 0 172 49 116 219
12 12 1 0 116 57 33 145 114
13 13 1 0 116 114 37 144 166
14 8 1 49 0 172 94 75 207
15 8 1 49 75 172 124 110 217
16 10 1 59 112 0 151 145 64
17 10 1 151 112 0 243 145 64
18 11 1 37 116 64 136 146 101
19 7 1 79 146 0 158 190 68
20 5 1 79 112 101 131 166 150
21 3 1 79 190 0 198 229 59
22 9 1 124 0 0 237 92 33
23 22 2 0 116 166 57 145 199
24 20 2 57 112 150 149 145 214
25 23 2 79 145 150 154 180 195
26 22 2 79 190 59 136 223 88
27 15 2 79 180 88 131 229 142
28 17 2 79 180 142 158 224 210
29 16 2 96 0 33 212 47 82
30 16 2 96 0 82 212 47 131
31 18 2 96 0 131 215 59 170
32 21 2 96 0 170 195 37 200
33 19 2 158 59 64 250 172 97
34 19 2 158 59 97 250 172 130
35 14 2 154 59 130 250 157 186
36 14 2 198 172 0 296 228 96
37 28 3 124 37 186 216 101 219
38 31 3 149 101 186 232 145 209
39 29 3 158 157 130 257 187 167
40 29 3 158 157 167 257 187 204
41 27 3 158 187 96 277 226 155
42 30 3 158 187 155 210 224 183
43 30 3 158 187 183 210 224 211
44 25 3 237 0 0 289 54 49
45 25 3 237 0 49 289 54 98
46 24 3 216 0 98 314 56 194
47 32 3 250 56 0 363 148 33
48 26 3 250 56 33 366 105 80
49 40 4 210 187 155 239 220 212
50 40 4 239 187 155 268 220 212
51 36 4 250 56 80 294 135 148
52 36 4 250 56 148 294 135 216
53 37 4 277 135 96 312 210 141
54 36 4 257 135 141 325 179 220
55 34 4 277 179 141 326 233 193
56 39 4 294 105 33 393 135 70
57 33 4 294 56 80 413 115 119
58 38 4 294 56 119 386 120 152
59 35 4 294 56 152 410 103 201
60 49 5 216 0 194 299 44 217
61 43 5 294 103 152 351 132 185
62 42 5 314 0 0 366 54 49
63 48 5 314 0 49 366 28 86
64 48 5 314 28 49 366 56 86
65 41 5 314 0 86 410 56 184
66 47 5 314 0 184 413 37 214
67 48 5 325 103 185 377 140 213
68 47 5 325 148 0 424 178 37
69 45 5 325 140 37 444 179 96
70 45 5 325 140 96 444 179 155
71 45 5 325 140 155 444 179 214
72 44 5 326 179 0 405 223 68
73 46 5 326 179 68 418 212 132
74 41 5 413 0 0 469 96 98
75 41 5 413 0 98 469 96 196
76 50 5 444 96 0 536 209 33
77 50 5 444 96 33 536 209 66
78 51 6 410 37 196 454 120 219
79 51 6 268 179 193 351 223 216
80 55 6 351 179 132 467 228 179
81 52 6 351 179 179 450 209 216
82 54 6 444 120 66 523 164 134
83 56 6 444 120 134 496 169 188
84 52 6 444 120 188 543 157 218
85 57 6 467 169 66 563 225 164
86 52 6 467 169 164 566 199 201
87 57 6 469 0 0 567 96 56
88 57 6 469 0 56 567 96 112
89 53 6 469 0 112 561 113 145
90 53 6 469 0 145 561 113 178
91 64 7 467 199 164 524 232 193
92 61 7 469 0 178 514 75 213
93 61 7 514 0 178 559 75 213
94 64 7 469 75 178 526 108 207
95 64 7 526 75 178 583 108 207
