Utilizacion 86.902513 VolCajasEmpacado 88.156419 Duracion[s] 60.001000 Iteraciones 5394
0 2 0 0 0 0 90 63 70
1 2 0 90 0 0 180 63 70
2 2 0 180 0 0 270 63 70
3 2 0 270 0 0 360 63 70
4 2 0 360 0 0 450 63 70
5 2 0 0 0 70 90 63 140
6 2 0 90 0 70 180 63 140
7 2 0 180 0 70 270 63 140
8 2 0 270 0 70 360 63 140
9 2 0 360 0 70 450 63 140
10 2 0 0 0 140 90 63 210
11 2 0 90 0 140 180 63 210
12 2 0 180 0 140 270 63 210
13 2 0 270 0 140 360 63 210
14 2 0 360 0 140 450 63 210
15 1 0 0 63 0 94 148 39
16 1 0 94 63 0 188 148 39
17 1 0 188 63 0 282 148 39
18 1 0 282 63 0 376 148 39
19 1 0 376 63 0 470 148 39
20 1 0 470 63 0 564 148 39
21 1 0 0 148 0 94 233 39
22 1 0 94 148 0 188 233 39
23 1 0 188 148 0 282 233 39
24 1 0 282 148 0 376 233 39
25 1 0 376 148 0 470 233 39
26 1 0 470 148 0 564 233 39
27 1 0 0 63 39 85 157 78
28 2 0 0 157 39 63 227 129
29 0 0 0 63 78 78 147 106
30 0 0 0 63 106 78 147 134
31 0 0 0 63 134 78 147 162
32 0 0 0 63 162 78 147 190
33 0 0 0 63 190 78 147 218
34 0 0 0 147 129 78 231 157
35 0 0 0 147 157 78 231 185
36 0 0 0 147 185 78 231 213
37 1 0 85 63 39 179 148 78
38 1 0 85 148 39 179 233 78
39 1 0 85 63 78 179 148 117
40 1 0 85 148 78 179 233 117
41 1 0 85 63 117 179 148 156
42 1 0 85 148 117 179 233 156
43 0 0 78 63 156 156 147 184
44 0 0 78 147 156 156 231 184
45 0 0 78 63 184 156 147 212
46 0 0 78 147 184 156 231 212
47 3 1 179 63 39 263 141 67
48 3 1 263 63 39 347 141 67
49 3 1 347 63 39 431 141 67
50 3 1 431 63 39 515 141 67
51 3 1 179 141 39 263 219 67
52 3 1 263 141 39 347 219 67
53 3 1 347 141 39 431 219 67
54 3 1 431 141 39 515 219 67
55 3 1 179 63 67 263 141 95
56 3 1 263 63 67 347 141 95
57 3 1 347 63 67 431 141 95
58 3 1 431 63 67 515 141 95
59 3 1 179 141 67 263 219 95
60 3 1 263 141 67 347 219 95
61 3 1 347 141 67 431 219 95
62 3 1 431 141 67 515 219 95
63 5 1 179 63 95 242 133 185
64 5 1 179 133 95 242 203 185
65 3 1 156 63 185 240 141 213
66 3 1 156 141 185 240 219 213
67 4 1 242 63 95 336 148 134
68 4 1 242 63 134 336 148 173
69 4 1 242 63 173 336 148 212
70 5 1 242 148 95 332 218 158
71 5 1 332 148 95 422 218 158
72 5 1 422 148 95 512 218 158
73 3 1 242 148 158 320 232 186
74 4 1 320 148 158 414 233 197
75 4 1 414 148 158 508 233 197
76 4 1 336 63 95 430 148 134
77 4 1 336 63 134 430 148 173
78 4 1 336 63 173 430 148 212
79 4 1 430 63 95 524 148 134
80 4 1 430 63 134 524 148 173
81 4 1 430 63 173 524 148 212
82 5 1 515 148 39 585 211 129
83 5 1 515 148 129 585 211 219
84 5 1 450 0 0 540 63 70
85 5 1 450 0 70 540 63 140
86 5 1 450 0 140 540 63 210
87 5 1 524 63 39 587 133 129
88 5 1 524 63 129 587 133 219
