Utilizacion 77.126238 VolCajasEmpacado 78.423837 Duracion[s] 60.023000 Iteraciones 628
0 10 0 0 0 0 80 114 44
1 10 0 0 114 0 80 228 44
2 4 0 0 0 44 94 50 132
3 4 0 0 0 132 94 50 220
4 8 0 0 50 44 45 136 128
5 8 0 0 50 128 45 136 212
6 3 0 0 136 44 71 197 96
7 3 0 0 136 96 71 197 148
8 1 0 0 136 148 42 169 169
9 1 0 42 136 148 84 169 169
10 16 0 0 197 44 62 227 102
11 16 0 0 197 102 62 227 160
12 16 0 0 197 160 62 227 218
13 5 0 0 136 169 65 187 219
14 14 0 45 50 44 79 131 89
15 14 0 45 50 89 79 131 134
16 14 0 45 50 134 79 131 179
17 1 0 45 50 179 87 71 212
18 1 0 45 71 179 87 92 212
19 1 0 45 92 179 87 113 212
20 17 0 65 131 169 92 199 213
21 14 0 80 199 0 161 233 45
22 0 0 62 199 45 146 221 84
23 0 0 62 199 84 146 221 123
24 14 0 62 199 123 143 233 168
25 17 0 62 199 168 130 226 212
26 19 0 87 50 0 165 90 73
27 19 0 87 90 0 165 130 73
28 19 0 87 50 73 165 90 146
29 19 0 87 90 73 165 130 146
30 19 0 87 50 146 165 90 219
31 19 0 87 90 146 165 130 219
32 2 0 92 130 0 148 197 72
33 2 0 92 130 72 148 197 144
34 2 0 92 130 144 148 197 216
35 12 0 94 0 0 164 37 54
36 6 0 94 0 54 163 46 117
37 6 0 94 0 117 163 46 180
38 17 0 94 0 180 162 44 207
39 7 0 148 130 0 229 186 46
40 7 0 148 130 46 229 186 92
41 6 0 148 130 92 194 199 155
42 6 0 148 130 155 194 199 218
43 16 0 161 199 0 223 229 58
44 12 0 194 186 58 248 223 128
45 5 0 164 0 0 229 50 51
46 8 0 164 0 51 250 45 135
47 8 0 164 0 135 250 45 219
48 10 0 165 50 0 279 130 44
49 12 0 165 50 44 202 120 98
50 12 0 202 50 44 239 120 98
51 12 0 239 50 44 276 120 98
52 8 0 165 45 98 251 129 143
53 12 0 165 45 143 219 115 180
54 12 0 165 45 180 219 115 217
55 2 0 194 129 92 261 185 164
56 5 0 194 115 164 259 165 215
57 9 0 194 185 128 302 230 180
58 15 0 194 165 180 280 233 213
59 6 0 219 45 143 265 114 206
60 9 0 250 0 0 358 45 52
61 9 0 250 0 52 358 45 104
62 9 0 250 0 104 358 45 156
63 9 0 250 0 156 358 45 208
64 13 0 279 45 0 354 120 36
65 13 0 279 45 36 354 120 72
66 13 0 279 45 72 354 120 108
67 13 0 279 45 108 354 120 144
68 13 0 279 45 144 354 120 180
69 13 0 279 45 180 354 120 216
70 12 0 279 120 0 349 157 54
71 11 0 261 120 54 371 158 128
72 11 0 261 120 128 371 158 202
73 5 0 302 158 0 353 223 50
74 13 0 302 158 50 377 233 86
75 15 0 302 158 86 388 226 119
76 15 0 302 158 119 388 226 152
77 15 0 302 158 152 388 226 185
78 15 0 302 158 185 388 226 218
79 11 0 354 45 0 464 119 38
80 5 0 354 45 38 405 110 88
81 18 0 354 45 88 406 104 110
82 4 0 354 45 110 442 95 204
83 36 1 358 0 0 426 44 27
84 22 1 358 0 27 466 45 79
85 22 1 358 0 79 466 45 131
86 22 1 358 0 131 466 45 183
87 38 1 358 0 183 442 39 205
88 38 1 371 119 0 455 158 22
89 38 1 371 119 22 455 158 44
90 38 1 371 119 44 455 158 66
91 33 1 371 110 66 452 144 111
92 25 1 371 95 111 417 158 180
93 39 1 442 0 183 484 21 216
94 39 1 442 21 183 484 42 216
95 39 1 354 95 180 396 116 213
96 39 1 396 95 180 438 116 213
97 39 1 371 116 180 413 137 213
98 33 1 388 158 0 469 192 45
99 33 1 388 192 0 469 226 45
100 31 1 388 158 45 442 195 115
101 31 1 442 158 45 496 195 115
102 31 1 388 195 45 442 232 115
103 31 1 442 195 45 496 232 115
104 29 1 388 158 115 460 225 171
105 29 1 460 158 115 532 225 171
106 32 1 388 158 171 463 233 207
107 32 1 463 158 171 538 233 207
108 35 1 417 116 111 479 146 169
109 33 1 417 116 169 498 150 214
110 35 1 442 45 38 472 107 96
111 26 1 442 45 96 492 110 147
112 29 1 442 45 147 509 101 219
113 33 1 484 0 0 565 45 34
114 36 1 484 0 34 552 44 61
115 36 1 484 0 61 552 44 88
116 36 1 484 0 88 552 44 115
117 31 1 484 0 115 538 37 185
118 33 1 484 0 185 565 45 219
119 27 1 498 101 0 586 151 94
120 27 1 498 101 94 586 151 188
121 37 1 498 101 188 557 153 210
122 24 1 509 45 0 555 101 81
123 24 1 509 45 81 555 101 162
124 26 1 509 45 162 574 95 213
125 24 1 538 153 0 584 209 81
126 24 1 538 153 81 584 209 162
