Utilizacion 83.355104 VolCajasEmpacado 84.759899 Duracion[s] 60.001000 Iteraciones 1799
0 5 0 0 0 0 68 64 109
1 5 0 0 64 0 68 128 109
2 5 0 0 0 109 68 64 218
3 5 0 0 64 109 68 128 218
4 3 0 0 128 0 80 182 73
5 3 0 0 128 73 80 182 146
6 3 0 0 128 146 80 182 219
7 1 0 0 182 0 72 223 33
8 1 0 0 182 33 72 223 66
9 1 0 0 182 66 72 223 99
10 1 0 0 182 99 72 223 132
11 1 0 0 182 132 72 223 165
12 1 0 0 182 165 72 223 198
13 6 0 68 0 0 141 70 107
14 4 0 68 0 107 152 58 162
15 4 0 68 0 162 152 58 217
16 4 0 68 70 0 123 128 84
17 4 0 68 70 84 126 125 168
18 2 0 68 58 168 142 125 205
19 1 0 72 182 0 144 223 33
20 2 0 72 182 33 146 219 100
21 4 0 123 125 0 207 180 58
22 0 0 152 0 0 248 83 24
23 0 0 152 0 24 248 83 48
24 0 0 152 0 48 248 83 72
25 0 0 152 0 72 248 83 96
26 0 0 152 0 96 248 83 120
27 0 0 152 0 120 248 83 144
28 0 0 152 0 144 248 83 168
29 0 0 152 0 168 248 83 192
30 0 0 152 0 192 248 83 216
31 7 0 142 83 58 216 167 137
32 7 0 142 83 137 216 167 216
33 7 0 216 83 0 295 167 74
34 7 0 295 83 0 374 167 74
35 7 0 374 83 0 453 167 74
36 7 0 216 83 74 295 167 148
37 7 0 295 83 74 374 167 148
38 7 0 374 83 74 453 167 148
39 6 0 216 83 148 323 156 218
40 6 0 323 83 148 430 156 218
41 7 0 248 0 0 322 79 84
42 9 1 72 182 100 144 223 133
43 9 1 72 182 133 144 223 166
44 9 1 72 182 166 144 215 207
45 10 1 146 180 0 220 217 67
46 10 1 146 180 67 220 217 134
47 10 1 146 180 134 220 217 201
48 12 1 220 167 0 304 222 58
49 12 1 220 167 58 304 225 113
50 12 1 220 167 113 304 225 168
51 10 1 220 156 168 287 230 205
52 15 1 248 0 84 322 79 168
53 9 1 248 0 168 281 72 209
54 13 1 304 167 0 413 231 68
55 13 1 413 167 0 522 231 68
56 13 1 304 167 68 413 231 136
57 13 1 413 167 68 522 231 136
58 12 1 304 167 136 388 225 191
59 12 1 388 167 136 446 222 220
60 15 1 322 0 0 406 74 79
61 15 1 406 0 0 490 74 79
62 15 1 490 0 0 574 74 79
63 15 1 322 0 79 406 74 158
64 15 1 406 0 79 490 74 158
65 15 1 490 0 79 574 74 158
66 8 1 322 0 158 418 83 182
67 8 1 322 0 182 418 83 206
68 11 1 418 0 158 498 73 212
69 11 1 498 0 158 578 73 212
70 11 1 446 167 136 519 221 216
71 15 1 453 74 0 532 148 84
72 15 1 453 74 84 532 148 168
73 8 1 430 73 168 526 156 192
74 8 1 430 73 192 526 156 216
75 11 1 522 156 0 576 229 80
76 11 1 522 156 80 576 229 160
77 11 1 532 74 0 586 154 73
78 11 1 532 74 73 586 154 146
79 11 1 532 74 146 586 154 219
