Utilizacion 79.043757 VolCajasEmpacado 82.055601 Duracion[s] 60.028000 Iteraciones 1052
0 8 0 0 0 0 76 113 52
1 8 0 0 0 52 76 113 104
2 8 0 0 0 104 76 113 156
3 8 0 0 0 156 76 113 208
4 7 0 0 113 0 54 193 73
5 7 0 0 113 73 54 193 146
6 7 0 0 113 146 54 193 219
7 18 0 0 193 0 107 232 44
8 18 0 0 193 44 107 232 88
9 12 0 0 193 88 20 233 125
10 18 0 20 193 88 127 232 132
11 18 0 20 193 132 127 232 176
12 16 0 0 193 176 46 230 219
13 16 0 46 193 176 92 230 219
14 4 0 54 113 0 127 183 107
15 4 0 54 113 107 127 183 214
16 14 0 76 0 0 109 48 55
17 14 0 76 48 0 109 96 55
18 13 0 76 0 55 109 72 96
19 6 0 76 0 96 131 84 154
20 6 0 76 0 154 131 84 212
21 2 0 127 84 0 226 175 70
22 2 0 127 84 70 226 175 140
23 2 0 127 84 140 226 175 210
24 11 0 127 175 0 226 226 47
25 11 0 127 175 47 226 222 98
26 11 0 127 175 98 226 222 149
27 17 0 127 175 149 207 213 211
28 0 0 131 0 0 227 83 24
29 0 0 131 0 24 227 83 48
30 13 0 131 0 48 172 72 81
31 10 0 131 0 81 204 74 123
32 10 0 131 0 123 204 74 165
33 17 0 131 0 165 193 80 203
34 17 0 204 0 48 242 80 110
35 1 0 204 0 110 278 79 194
36 4 0 226 83 0 333 153 73
37 4 0 226 153 0 333 223 73
38 9 0 226 80 73 290 178 121
39 9 0 226 80 121 290 178 169
40 9 0 226 80 169 290 178 217
41 8 0 226 178 73 339 230 149
42 1 0 278 0 0 362 79 74
43 1 0 278 0 74 362 79 148
44 15 0 278 0 148 372 69 184
45 15 0 278 0 184 372 69 220
46 1 0 290 79 73 369 163 147
47 3 0 290 79 147 399 153 217
48 5 0 339 163 0 448 227 68
49 36 1 92 213 176 132 233 213
50 34 1 207 178 149 240 233 197
51 36 1 207 178 197 247 215 217
52 34 1 247 178 149 295 233 182
53 34 1 295 178 149 343 233 182
54 34 1 247 178 182 295 233 215
55 30 1 295 153 182 357 233 220
56 31 1 357 163 68 431 230 105
57 31 1 357 163 105 431 230 142
58 31 1 357 163 142 431 230 179
59 35 1 357 153 179 390 225 220
60 30 1 390 153 179 452 233 217
61 28 1 372 0 0 414 74 73
62 28 1 372 0 73 414 74 146
63 28 1 372 0 146 414 74 219
64 21 1 399 74 0 469 148 109
65 21 1 399 74 109 469 148 218
66 21 1 414 0 0 488 70 109
67 24 1 414 0 109 494 73 163
68 24 1 414 0 163 494 73 217
69 27 1 452 148 0 551 195 51
70 34 1 452 195 0 507 228 48
71 33 1 452 195 48 546 231 117
72 32 1 452 148 51 495 194 88
73 32 1 452 148 88 495 194 125
74 30 1 452 148 125 514 228 163
75 23 1 452 148 163 510 232 218
76 20 1 469 73 0 568 143 91
77 20 1 469 73 91 568 143 182
78 34 1 469 73 182 517 128 215
79 35 1 494 0 0 527 72 41
80 24 1 494 0 41 548 73 121
81 20 1 494 0 121 585 70 220
82 33 1 517 70 182 586 164 218
