Utilizacion 84.513331 VolCajasEmpacado 86.217005 Duracion[s] 60.006000 Iteraciones 3672
0 4 0 0 0 0 80 78 71
1 4 0 0 0 71 80 78 142
2 4 0 0 0 142 80 78 213
3 2 0 0 78 0 110 153 50
4 2 0 0 153 0 110 228 50
5 2 0 0 78 50 110 153 100
6 2 0 0 153 50 110 228 100
7 2 0 0 78 100 110 153 150
8 2 0 0 153 100 110 228 150
9 2 0 0 78 150 110 153 200
10 2 0 0 153 150 110 228 200
11 4 0 80 0 0 160 78 71
12 4 0 160 0 0 240 78 71
13 4 0 240 0 0 320 78 71
14 4 0 80 0 71 160 78 142
15 4 0 160 0 71 240 78 142
16 4 0 240 0 71 320 78 142
17 4 0 80 0 142 160 78 213
18 4 0 160 0 142 240 78 213
19 4 0 240 0 142 320 78 213
20 1 0 110 78 0 150 178 72
21 1 0 110 78 72 150 178 144
22 1 0 110 78 144 150 178 216
23 3 0 110 178 0 220 233 60
24 3 0 220 178 0 330 233 60
25 3 0 110 178 60 220 233 120
26 3 0 220 178 60 330 233 120
27 3 0 110 178 120 220 233 180
28 3 0 220 178 120 330 233 180
29 0 0 150 78 0 253 110 60
30 0 0 150 110 0 253 142 60
31 0 0 150 142 0 253 174 60
32 0 0 150 78 60 253 110 120
33 0 0 150 110 60 253 142 120
34 0 0 150 142 60 253 174 120
35 0 0 150 78 120 253 110 180
36 0 0 150 110 120 253 142 180
37 0 0 150 142 120 253 174 180
38 2 0 253 78 0 363 128 75
39 2 0 363 78 0 473 128 75
40 2 0 473 78 0 583 128 75
41 2 0 253 128 0 363 178 75
42 2 0 253 128 75 363 178 150
43 7 1 253 78 75 363 128 150
44 7 1 363 78 75 473 128 150
45 7 1 473 78 75 583 128 150
46 6 1 253 78 150 325 178 190
47 6 1 150 78 180 250 150 220
48 6 1 150 150 180 250 222 220
49 9 1 320 0 0 400 78 71
50 9 1 400 0 0 480 78 71
51 9 1 480 0 0 560 78 71
52 9 1 320 0 71 400 78 142
53 9 1 400 0 71 480 78 142
54 9 1 480 0 71 560 78 142
55 9 1 320 0 142 400 78 213
56 9 1 400 0 142 480 78 213
57 9 1 480 0 142 560 78 213
58 6 1 325 78 150 397 178 190
59 8 1 330 178 0 440 233 60
60 8 1 330 178 60 440 233 120
61 8 1 330 178 120 440 233 180
62 6 1 397 78 150 497 150 190
63 6 1 440 150 0 540 190 72
64 6 1 440 190 0 540 230 72
65 7 1 440 150 72 550 225 122
66 5 1 440 150 122 543 210 154
67 5 1 440 150 154 543 210 186
68 5 1 440 150 186 543 210 218
69 5 1 550 128 0 582 231 60
70 5 1 550 128 60 582 231 120
71 5 1 550 128 120 582 231 180
