Utilizacion 77.613692 VolCajasEmpacado 78.756962 Duracion[s] 60.049000 Iteraciones 1202
0 2 0 0 0 0 78 58 72
1 2 0 0 58 0 78 116 72
2 2 0 0 0 72 78 58 144
3 2 0 0 58 72 78 116 144
4 2 0 0 0 144 78 58 216
5 2 0 0 58 144 78 116 216
6 2 0 0 116 0 78 188 58
7 2 0 78 116 0 156 188 58
8 9 0 0 188 0 116 223 67
9 9 0 116 188 0 232 223 67
10 9 0 232 188 0 348 223 67
11 9 0 348 188 0 464 223 67
12 9 0 464 188 0 580 223 67
13 11 0 0 116 58 64 171 91
14 11 0 0 116 91 64 171 124
15 11 0 0 116 124 64 171 157
16 11 0 0 116 157 64 171 190
17 3 0 0 171 67 79 229 126
18 3 0 79 171 67 158 229 126
19 3 0 158 171 67 237 229 126
20 3 0 0 171 126 79 229 185
21 3 0 79 171 126 158 229 185
22 3 0 158 171 126 237 229 185
23 0 0 0 116 190 82 194 218
24 10 0 78 0 0 113 106 41
25 10 0 78 0 41 113 106 82
26 10 0 78 0 82 113 106 123
27 10 0 78 0 123 113 106 164
28 10 0 78 0 164 113 106 205
29 5 0 82 106 58 155 171 111
30 5 0 82 106 111 155 171 164
31 5 0 82 106 164 155 171 217
32 1 0 113 0 0 179 93 26
33 0 0 113 0 26 195 78 54
34 0 0 113 0 54 195 78 82
35 0 0 113 0 82 195 78 110
36 0 0 113 0 110 195 78 138
37 8 0 113 0 138 150 64 210
38 8 0 150 0 138 187 64 210
39 4 0 156 93 0 213 150 107
40 4 0 156 93 107 213 150 214
41 1 0 155 150 185 248 216 211
42 1 0 195 0 0 261 93 26
43 1 0 195 0 26 261 93 52
44 1 0 195 0 52 261 93 78
45 4 0 195 0 78 252 57 185
46 8 0 213 57 78 250 129 142
47 8 0 213 57 142 250 129 206
48 5 0 248 129 0 313 182 73
49 7 0 248 129 73 304 230 112
50 7 0 248 129 112 304 230 151
51 7 0 248 129 151 304 230 190
52 6 0 261 0 0 369 100 39
53 6 0 369 0 0 477 100 39
54 6 0 477 0 0 585 100 39
55 7 0 304 182 67 405 221 123
56 7 0 304 182 123 405 221 179
57 4 0 261 0 39 368 57 96
58 4 0 261 57 39 368 114 96
59 6 0 252 0 96 360 100 135
60 6 0 252 0 135 352 108 174
61 6 0 252 0 174 352 108 213
62 22 1 248 129 190 326 211 218
63 20 1 368 0 39 409 106 74
64 20 1 368 0 74 409 106 109
65 20 1 368 0 109 409 106 144
66 20 1 368 0 144 409 106 179
67 20 1 368 0 179 409 106 214
68 14 1 409 0 39 516 57 96
69 14 1 409 57 39 516 114 96
70 14 1 409 0 96 516 57 153
71 14 1 409 57 96 516 114 153
72 14 1 409 0 153 516 57 210
73 14 1 409 57 153 516 114 210
74 13 1 516 0 39 574 59 118
75 13 1 516 0 118 574 59 197
76 18 1 326 114 0 398 151 64
77 18 1 326 114 64 398 151 128
78 18 1 326 114 128 398 151 192
79 22 1 326 108 192 404 190 220
80 21 1 516 59 39 580 92 94
81 21 1 516 59 94 580 92 149
82 21 1 516 59 149 580 92 204
83 18 1 404 114 0 441 178 72
84 18 1 404 114 72 441 178 144
85 18 1 404 114 144 441 178 216
86 15 1 405 178 67 470 231 140
87 15 1 405 178 140 470 231 213
88 18 1 441 114 0 505 151 72
89 18 1 441 114 72 505 151 144
90 18 1 441 114 144 505 151 216
91 18 1 470 151 0 542 188 64
92 18 1 470 151 64 534 188 136
93 19 1 470 188 67 586 223 134
94 19 1 470 188 134 586 223 201
95 19 1 470 151 136 586 186 203
96 21 1 505 114 0 569 147 55
97 21 1 505 114 55 569 147 110
98 13 1 516 92 110 575 150 189
