Utilizacion 81.262960 VolCajasEmpacado 83.053195 Duracion[s] 60.070000 Iteraciones 894
0 10 0 0 0 0 52 58 92
1 10 0 0 58 0 52 116 92
2 10 0 0 116 0 52 174 92
3 10 0 0 174 0 52 232 92
4 10 0 0 0 92 52 58 184
5 10 0 0 58 92 52 116 184
6 10 0 0 116 92 52 174 184
7 10 0 0 174 92 52 232 184
8 2 0 0 0 184 64 26 218
9 2 0 0 26 184 64 52 218
10 2 0 0 52 184 64 78 218
11 2 0 0 78 184 64 104 218
12 2 0 0 104 184 64 130 218
13 2 0 0 130 184 64 156 218
14 2 0 0 156 184 64 182 218
15 2 0 0 182 184 64 208 218
16 1 0 52 208 0 108 233 42
17 1 0 52 208 42 108 233 84
18 1 0 52 208 84 108 233 126
19 1 0 52 208 126 108 233 168
20 1 0 52 208 168 108 233 210
21 7 0 64 0 0 177 42 52
22 7 0 64 0 52 177 42 104
23 7 0 64 0 104 177 42 156
24 7 0 64 0 156 177 42 208
25 11 0 64 42 0 177 132 54
26 11 0 64 42 54 177 132 108
27 11 0 64 42 108 177 132 162
28 11 0 64 42 162 177 132 216
29 5 0 64 132 0 118 166 48
30 5 0 64 166 0 118 200 48
31 5 0 64 132 48 118 166 96
32 5 0 64 166 48 118 200 96
33 5 0 64 132 96 118 166 144
34 5 0 64 166 96 118 200 144
35 5 0 64 132 144 118 166 192
36 5 0 64 166 144 118 200 192
37 2 0 64 132 192 128 166 218
38 2 0 64 166 192 128 200 218
39 2 0 108 200 0 172 226 34
40 1 0 108 200 34 164 225 76
41 1 0 108 200 76 164 225 118
42 1 0 108 200 118 164 225 160
43 1 0 108 200 160 164 225 202
44 9 0 128 132 0 200 181 46
45 9 0 128 132 46 200 181 92
46 9 0 128 132 92 200 181 138
47 9 0 128 132 138 200 181 184
48 2 0 128 132 184 154 196 218
49 2 0 154 132 184 180 196 218
50 2 0 180 132 184 206 196 218
51 5 0 172 196 0 226 230 48
52 5 0 172 196 48 226 230 96
53 5 0 172 196 96 226 230 144
54 5 0 172 196 144 226 230 192
55 2 0 164 196 192 228 230 218
56 10 0 177 0 0 269 58 52
57 10 0 177 58 0 269 116 52
58 10 0 177 0 52 269 58 104
59 10 0 177 58 52 269 116 104
60 10 0 177 0 104 269 58 156
61 10 0 177 58 104 269 116 156
62 0 0 177 0 156 262 92 177
63 0 0 177 0 177 262 92 198
64 0 0 177 0 198 262 92 219
65 2 0 177 92 156 241 126 182
66 2 0 177 92 182 241 126 208
67 5 0 206 126 0 260 160 48
68 5 0 260 126 0 314 160 48
69 5 0 206 160 0 260 194 48
70 5 0 260 160 0 314 194 48
71 3 0 206 126 48 248 190 74
72 3 0 206 126 74 248 190 100
73 3 0 206 126 100 248 190 126
74 3 0 206 126 126 248 190 152
75 3 0 206 126 152 248 190 178
76 3 0 206 126 178 248 190 204
77 2 0 228 194 0 292 228 26
78 3 0 248 116 48 274 180 90
79 3 0 248 116 90 274 180 132
80 3 0 248 116 132 274 180 174
81 3 0 248 116 174 274 180 216
82 4 0 228 194 26 318 227 75
83 4 0 228 194 75 318 227 124
84 4 0 228 194 124 318 227 173
85 3 0 228 190 173 292 216 215
86 11 0 269 0 0 382 90 54
87 11 0 269 0 54 382 90 108
88 11 0 269 0 108 382 90 162
89 11 0 269 0 162 382 90 216
90 4 0 274 90 48 307 180 97
91 3 0 269 90 97 333 116 139
92 3 0 269 90 139 333 116 181
93 9 0 274 116 97 320 188 146
94 9 0 274 116 146 320 188 195
95 0 0 274 90 195 359 182 216
96 8 0 318 188 0 413 233 62
97 8 0 318 188 62 413 233 124
98 8 0 318 188 124 413 233 186
99 3 0 292 188 186 356 230 212
100 4 0 356 182 186 446 231 219
101 6 0 359 90 0 453 176 38
102 4 0 359 90 38 449 139 71
103 0 0 359 90 71 444 182 92
104 0 0 359 90 92 444 182 113
105 0 0 359 90 113 444 182 134
106 0 0 359 90 134 444 182 155
107 0 0 359 90 155 444 182 176
108 0 0 359 90 176 444 182 197
109 0 0 359 90 197 444 182 218
110 9 0 382 0 0 431 46 72
111 9 0 431 0 0 480 46 72
112 9 0 382 0 72 431 46 144
113 9 0 431 0 72 480 46 144
114 9 0 382 0 144 431 46 216
115 9 0 431 0 144 480 46 216
116 7 0 382 46 0 495 88 52
117 7 0 382 46 52 495 88 104
118 7 0 382 46 104 495 88 156
119 7 0 382 46 156 495 88 208
120 8 0 446 176 0 541 221 62
121 6 0 446 139 62 532 233 100
122 6 0 446 139 100 532 233 138
123 6 0 446 139 138 532 233 176
124 6 0 446 139 176 532 233 214
125 7 0 453 88 0 566 130 52
126 7 0 449 88 52 562 130 104
127 7 0 449 88 104 562 130 156
128 7 0 449 88 156 562 130 208
129 4 0 480 0 0 570 33 49
130 8 0 480 0 49 575 45 111
131 8 0 480 0 111 575 45 173
132 4 0 495 45 0 585 78 49
133 4 0 495 45 49 585 78 98
134 4 0 495 45 98 585 78 147
135 4 0 495 45 147 585 78 196
136 8 0 541 130 0 586 225 62
137 8 0 541 130 62 586 225 124
138 8 0 541 130 124 586 225 186
