Utilizacion 72.346351 VolCajasEmpacado 73.147841 Duracion[s] 60.029000 Iteraciones 1533
0 12 0 0 0 0 56 100 34
1 12 0 0 100 0 56 200 34
2 11 0 0 0 34 58 75 70
3 11 0 0 75 34 58 150 70
4 11 0 0 150 34 58 225 70
5 6 0 0 0 70 44 84 146
6 4 0 0 0 146 80 50 214
7 4 0 0 50 146 80 100 214
8 3 0 0 100 70 100 150 143
9 3 0 0 100 143 100 150 216
10 14 0 0 150 70 51 226 111
11 14 0 0 150 111 51 226 152
12 9 0 0 150 152 38 226 190
13 13 0 0 150 190 61 196 218
14 10 0 58 196 0 176 233 38
15 10 0 176 196 0 294 233 38
16 12 0 58 196 38 158 230 94
17 12 0 58 196 94 158 230 150
18 13 0 51 196 150 112 224 196
19 7 0 61 150 0 179 192 54
20 7 0 61 150 54 179 192 108
21 8 0 61 150 108 143 189 183
22 1 0 80 0 0 192 95 20
23 1 0 192 0 0 304 95 20
24 1 0 304 0 0 416 95 20
25 9 0 80 0 20 118 76 58
26 9 0 118 0 20 156 76 58
27 9 0 156 0 20 194 76 58
28 3 0 80 0 58 180 50 131
29 3 0 80 50 58 180 100 131
30 0 0 80 0 131 152 48 152
31 0 0 80 48 131 152 96 152
32 3 0 80 0 152 153 100 202
33 5 0 153 0 131 202 92 193
34 2 0 202 0 20 277 80 71
35 24 1 153 0 193 201 72 214
36 21 1 61 150 183 179 188 220
37 15 1 100 100 0 176 138 38
38 15 1 100 100 38 176 138 76
39 15 1 100 100 76 176 138 114
40 22 1 112 189 150 187 225 208
41 18 1 100 100 114 162 149 206
42 17 1 176 100 0 244 150 80
43 17 1 176 100 80 244 150 160
44 23 1 162 92 160 262 126 216
45 20 1 179 150 0 261 189 75
46 20 1 179 150 75 261 189 150
47 22 1 179 126 160 254 162 218
48 23 1 187 162 150 287 196 206
49 16 1 202 0 71 253 80 146
50 23 1 187 196 38 287 230 94
51 23 1 187 196 94 287 230 150
52 23 1 187 196 150 287 230 206
53 19 1 262 95 0 380 149 42
54 19 1 262 80 42 380 134 84
55 19 1 277 0 20 395 54 62
56 25 1 380 95 0 492 190 20
57 35 2 202 0 146 260 75 182
58 35 2 202 0 182 260 75 218
59 37 2 260 0 71 288 61 117
60 37 2 260 0 117 288 61 163
61 37 2 260 0 163 288 61 209
62 37 2 261 134 42 322 162 88
63 36 2 261 126 88 361 160 144
64 28 2 262 61 84 342 111 152
65 28 2 262 61 152 342 111 220
66 30 2 262 111 144 346 155 220
67 31 2 288 0 62 406 54 104
68 31 2 288 0 104 406 54 146
69 31 2 288 0 146 406 54 188
70 38 2 288 0 188 360 48 209
71 38 2 360 0 188 432 48 209
72 32 2 294 190 0 345 231 76
73 32 2 345 190 0 396 231 76
74 32 2 396 190 0 447 231 76
75 32 2 447 190 0 498 231 76
76 28 2 287 162 76 337 230 156
77 26 2 287 155 156 367 230 207
78 29 2 346 54 84 395 116 176
79 33 2 342 54 176 418 92 214
80 34 2 367 149 20 485 187 57
81 34 2 367 149 57 485 187 94
82 34 2 367 149 94 485 187 131
83 34 2 367 149 131 485 187 168
84 39 2 367 187 76 449 226 151
85 27 2 367 116 168 467 189 218
86 39 2 449 189 76 531 228 151
87 30 2 418 48 0 502 92 76
88 26 2 418 48 76 493 99 156
89 26 2 492 99 0 572 150 75
90 26 2 492 99 75 572 150 150
91 26 2 485 99 150 565 174 201
92 44 3 367 189 151 485 231 205
93 40 3 418 48 156 510 97 218
94 50 3 432 0 0 504 48 21
95 50 3 432 0 21 504 48 42
96 50 3 432 0 42 504 48 63
97 50 3 432 0 63 504 48 84
98 50 3 432 0 84 504 48 105
99 46 3 432 0 105 508 38 143
100 46 3 432 0 143 508 38 181
101 46 3 432 0 181 508 38 219
102 43 3 485 174 151 565 224 219
103 47 3 508 0 0 583 36 58
104 47 3 508 0 58 583 36 116
105 45 3 508 0 116 559 41 192
106 49 3 508 0 192 569 46 220
107 41 3 510 46 0 585 97 80
108 41 3 510 46 80 585 97 160
109 45 3 510 46 160 586 97 201
