Utilizacion 86.471753 VolCajasEmpacado 88.902811 Duracion[s] 60.012000 Iteraciones 1186
0 7 0 0 0 0 94 61 114
1 7 0 94 0 0 188 61 114
2 7 0 188 0 0 282 61 114
3 7 0 282 0 0 376 61 114
4 7 0 376 0 0 470 61 114
5 7 0 470 0 0 564 61 114
6 7 0 0 61 0 94 122 114
7 7 0 94 61 0 188 122 114
8 7 0 188 61 0 282 122 114
9 7 0 282 61 0 376 122 114
10 7 0 376 61 0 470 122 114
11 7 0 470 61 0 564 122 114
12 7 0 0 122 0 94 183 114
13 7 0 94 122 0 188 183 114
14 7 0 188 122 0 282 183 114
15 7 0 282 122 0 376 183 114
16 7 0 376 122 0 470 183 114
17 7 0 470 122 0 564 183 114
18 6 0 0 183 0 72 231 51
19 6 0 0 183 51 72 231 102
20 6 0 0 183 102 72 231 153
21 6 0 0 183 153 72 231 204
22 5 0 0 0 114 75 72 161
23 5 0 75 0 114 150 72 161
24 5 0 150 0 114 225 72 161
25 5 0 225 0 114 300 72 161
26 5 0 300 0 114 375 72 161
27 5 0 0 72 114 75 144 161
28 5 0 75 72 114 150 144 161
29 5 0 150 72 114 225 144 161
30 5 0 225 72 114 300 144 161
31 5 0 300 72 114 375 144 161
32 5 0 0 0 161 75 72 208
33 5 0 75 0 161 150 72 208
34 5 0 150 0 161 225 72 208
35 5 0 225 0 161 300 72 208
36 5 0 300 0 161 375 72 208
37 5 0 0 72 161 75 144 208
38 5 0 75 72 161 150 144 208
39 5 0 150 72 161 225 144 208
40 5 0 225 72 161 300 144 208
41 5 0 300 72 161 375 144 208
42 0 0 0 144 114 80 164 139
43 1 0 0 144 139 28 180 163
44 1 0 28 144 139 56 180 163
45 1 0 56 144 139 84 180 163
46 1 0 0 144 163 28 180 187
47 1 0 28 144 163 56 180 187
48 1 0 56 144 163 84 180 187
49 1 0 0 144 187 28 180 211
50 1 0 28 144 187 56 180 211
51 1 0 56 144 187 84 180 211
52 4 0 84 144 114 184 183 154
53 4 0 184 144 114 284 183 154
54 4 0 284 144 114 384 183 154
55 4 0 384 144 114 484 183 154
56 4 0 484 144 114 584 183 154
57 4 0 84 144 154 184 183 194
58 4 0 184 144 154 284 183 194
59 4 0 284 144 154 384 183 194
60 4 0 384 144 154 484 183 194
61 4 0 484 144 154 584 183 194
62 1 0 84 144 194 120 172 218
63 0 0 72 183 0 152 208 20
64 0 0 72 183 20 152 208 40
65 0 0 72 183 40 152 208 60
66 0 0 72 183 60 152 208 80
67 0 0 72 183 80 152 208 100
68 0 0 72 183 100 152 208 120
69 0 0 72 183 120 152 208 140
70 0 0 72 183 140 152 208 160
71 0 0 72 183 160 152 208 180
72 0 0 72 183 180 152 208 200
73 0 0 72 183 200 152 208 220
74 0 0 72 208 0 152 228 25
75 0 0 72 208 25 152 228 50
76 1 0 72 208 50 100 232 86
77 1 0 100 208 50 128 232 86
78 1 0 128 208 50 156 232 86
79 1 0 72 208 86 100 232 122
80 1 0 100 208 86 128 232 122
81 1 0 128 208 86 156 232 122
82 1 0 72 208 122 100 232 158
83 1 0 100 208 122 128 232 158
84 1 0 128 208 122 156 232 158
85 1 0 72 208 158 100 232 194
86 1 0 100 208 158 128 232 194
87 1 0 128 208 158 156 232 194
88 1 0 120 144 194 148 180 218
89 1 0 148 144 194 176 180 218
90 1 0 176 144 194 204 180 218
91 1 0 204 144 194 232 180 218
92 1 0 232 144 194 260 180 218
93 3 0 156 183 0 241 218 58
94 6 0 156 183 58 228 231 109
95 6 0 156 183 109 228 231 160
96 6 0 156 183 160 228 231 211
97 3 0 241 183 0 326 218 58
98 3 0 241 183 58 326 218 116
99 3 0 241 183 116 326 218 174
100 4 0 228 183 174 328 222 214
101 3 0 328 183 0 413 218 58
102 3 0 413 183 0 498 218 58
103 3 0 498 183 0 583 218 58
104 3 0 328 183 58 413 218 116
105 3 0 413 183 58 498 218 116
106 3 0 498 183 58 583 218 116
107 3 0 328 183 116 413 218 174
108 3 0 413 183 116 498 218 174
109 3 0 498 183 116 583 218 174
110 4 0 328 183 174 428 222 214
111 4 0 428 183 174 528 223 213
112 2 0 375 0 114 471 72 145
113 2 0 375 72 114 471 144 145
114 2 0 375 0 145 471 72 176
115 2 0 375 72 145 471 144 176
116 2 0 375 0 176 471 72 207
117 2 0 375 72 176 471 144 207
118 5 0 471 0 114 546 47 186
119 2 0 471 0 186 567 72 217
120 6 0 471 72 114 519 144 165
121 6 0 471 72 165 519 144 216
122 6 0 519 72 114 570 144 162
123 6 0 519 72 162 570 144 210
