Utilizacion 75.829063 VolCajasEmpacado 76.766607 Duracion[s] 60.005000 Iteraciones 2650
0 4 0 0 0 0 53 108 78
1 4 0 0 108 0 53 216 78
2 5 0 0 0 78 59 91 115
3 3 0 0 0 115 54 67 215
4 0 0 0 67 115 100 96 163
5 0 0 0 67 163 100 96 211
6 3 0 0 96 78 54 163 178
7 3 0 0 163 78 54 230 178
8 1 0 0 96 178 52 216 198
9 1 0 0 96 198 52 216 218
10 4 0 54 96 0 107 204 78
11 0 0 54 204 0 154 233 48
12 6 0 54 96 78 100 184 112
13 6 0 54 96 112 100 184 146
14 2 0 54 96 146 110 208 203
15 2 0 59 0 0 171 56 57
16 2 0 59 0 57 171 56 114
17 2 0 59 0 114 171 56 171
18 1 0 54 0 171 174 52 191
19 1 0 54 0 191 174 52 211
20 4 0 110 56 0 188 164 53
21 10 1 100 56 53 191 93 112
22 10 1 100 56 112 191 93 171
23 11 1 110 93 53 218 146 131
24 11 1 110 93 131 218 146 209
25 9 1 100 52 171 188 86 217
26 9 1 110 146 53 198 180 99
27 9 1 110 146 99 198 180 145
28 9 1 110 146 145 198 180 191
29 8 1 110 146 191 210 194 220
30 10 1 154 194 0 245 231 59
31 8 1 110 194 59 210 223 107
32 8 1 110 194 107 210 223 155
33 7 1 174 0 0 294 52 20
34 7 1 294 0 0 414 52 20
35 7 1 414 0 0 534 52 20
36 13 1 188 0 20 288 54 87
37 13 1 288 0 20 388 54 87
38 13 1 188 0 87 288 54 154
39 13 1 288 0 87 388 54 154
40 14 1 188 0 154 300 56 211
41 14 1 300 0 154 412 56 211
42 14 1 218 56 0 275 168 56
43 12 1 218 56 56 296 115 110
44 12 1 218 56 110 296 115 164
45 12 1 218 56 164 296 115 218
46 21 2 110 194 155 201 231 214
47 19 2 210 146 56 310 175 104
48 19 2 210 146 104 310 175 152
49 19 2 210 146 152 310 175 200
50 17 2 210 175 59 269 229 137
51 17 2 210 175 137 269 229 215
52 19 2 218 115 56 318 144 104
53 16 2 269 175 0 369 229 67
54 16 2 269 175 67 369 229 134
55 16 2 269 175 134 369 229 201
56 20 2 296 56 0 416 108 20
57 15 2 296 56 20 408 112 77
58 18 2 296 56 77 404 109 155
59 15 2 296 56 155 408 112 212
60 15 2 318 112 0 430 168 57
61 21 2 318 112 57 409 171 94
62 15 2 318 112 94 430 169 150
63 15 2 310 112 150 422 168 207
64 15 2 369 171 0 481 228 56
65 18 2 369 171 56 477 224 134
66 21 2 369 169 134 460 228 171
67 27 3 369 168 171 457 214 205
68 22 3 412 0 20 466 67 120
69 22 3 412 0 120 466 67 220
70 28 3 416 67 0 516 96 48
71 28 3 408 67 48 508 96 96
72 28 3 408 67 96 508 96 144
73 26 3 408 67 144 499 104 203
74 24 3 430 104 0 484 163 78
75 24 3 430 104 78 484 163 156
76 23 3 422 104 156 534 160 213
77 29 3 466 0 20 586 52 40
78 29 3 466 0 40 586 52 60
79 29 3 466 0 60 586 52 80
80 24 3 466 0 80 520 59 158
81 27 3 466 0 158 554 46 192
82 22 3 481 163 0 581 230 54
83 26 3 481 163 54 572 222 91
84 27 3 477 163 91 565 209 125
85 25 3 477 163 125 585 216 203
86 25 3 534 52 0 587 160 78
87 25 3 534 52 78 587 160 156
