Utilizacion 82.586483 VolCajasEmpacado 83.678943 Duracion[s] 60.015000 Iteraciones 772
0 0 0 0 0 0 98 73 21
1 0 0 0 73 0 98 146 21
2 0 0 0 146 0 98 219 21
3 0 0 0 0 21 98 73 42
4 0 0 0 73 21 98 146 42
5 0 0 0 146 21 98 219 42
6 0 0 0 0 42 98 73 63
7 0 0 0 73 42 98 146 63
8 0 0 0 146 42 98 219 63
9 11 0 0 0 63 96 73 113
10 11 0 0 73 63 96 146 113
11 11 0 0 146 63 96 219 113
12 11 0 0 0 113 96 73 163
13 11 0 0 73 113 96 146 163
14 11 0 0 146 113 96 219 163
15 11 0 0 0 163 96 73 213
16 11 0 0 73 163 96 146 213
17 11 0 0 146 163 96 219 213
18 14 0 98 0 0 160 64 99
19 14 0 160 0 0 222 64 99
20 14 0 98 64 0 160 128 99
21 14 0 160 64 0 222 128 99
22 14 0 98 128 0 160 192 99
23 14 0 160 128 0 222 192 99
24 14 0 98 0 99 160 64 198
25 14 0 160 0 99 222 64 198
26 14 0 98 64 99 160 128 198
27 14 0 160 64 99 222 128 198
28 14 0 98 128 99 160 192 198
29 14 0 160 128 99 222 192 198
30 1 0 96 0 198 201 27 220
31 1 0 96 27 198 201 54 220
32 1 0 96 54 198 201 81 220
33 1 0 96 81 198 201 108 220
34 1 0 96 108 198 201 135 220
35 2 0 98 192 0 129 233 35
36 2 0 98 192 35 129 233 70
37 2 0 98 192 70 129 233 105
38 2 0 98 192 105 129 233 140
39 2 0 98 192 140 129 233 175
40 2 0 98 192 175 129 233 210
41 5 0 129 192 0 180 226 55
42 5 0 129 192 55 180 226 110
43 5 0 129 192 110 180 226 165
44 5 0 129 192 165 180 226 220
45 2 0 180 192 0 211 233 35
46 2 0 180 192 35 211 233 70
47 2 0 180 192 70 211 233 105
48 2 0 180 192 105 211 233 140
49 2 0 180 192 140 211 233 175
50 2 0 180 192 175 211 233 210
51 8 0 211 192 0 321 229 43
52 8 0 211 192 43 321 229 86
53 8 0 211 192 86 321 229 129
54 8 0 211 192 129 321 229 172
55 8 0 211 192 172 321 229 215
56 14 0 222 0 0 321 62 64
57 14 0 222 62 0 321 124 64
58 14 0 222 124 0 321 186 64
59 10 0 222 0 64 270 61 136
60 10 0 270 0 64 318 61 136
61 10 0 222 0 136 270 61 208
62 10 0 270 0 136 318 61 208
63 3 0 222 61 64 324 93 110
64 3 0 222 93 64 324 125 110
65 3 0 222 125 64 324 157 110
66 3 0 222 157 64 324 189 110
67 3 0 222 61 110 324 93 156
68 3 0 222 93 110 324 125 156
69 3 0 222 125 110 324 157 156
70 3 0 222 157 110 324 189 156
71 3 0 222 61 156 324 93 202
72 3 0 222 93 156 324 125 202
73 3 0 222 125 156 324 157 202
74 3 0 222 157 156 324 189 202
75 9 0 321 0 0 378 59 45
76 9 0 321 0 45 378 59 90
77 9 0 321 0 90 378 59 135
78 9 0 321 0 135 378 59 180
79 5 0 318 0 180 373 51 214
80 8 0 321 189 0 431 232 37
81 8 0 321 189 37 431 232 74
82 8 0 321 189 74 431 232 111
83 8 0 321 189 111 431 232 148
84 8 0 321 189 148 431 232 185
85 7 0 324 59 0 409 120 35
86 7 0 409 59 0 494 120 35
87 7 0 494 59 0 579 120 35
88 7 0 324 120 0 409 181 35
89 7 0 409 120 0 494 181 35
90 7 0 494 120 0 579 181 35
91 6 0 324 59 35 359 173 88
92 6 0 324 59 88 359 173 141
93 6 0 324 59 141 359 173 194
94 6 0 324 173 185 438 226 220
95 12 0 359 59 35 425 134 86
96 12 0 425 59 35 491 134 86
97 12 0 359 59 86 425 134 137
98 12 0 425 59 86 491 134 137
99 12 0 359 59 137 425 134 188
100 12 0 425 59 137 491 134 188
101 4 0 359 134 35 470 167 80
102 4 0 359 134 80 470 167 125
103 4 0 359 134 125 470 167 170
104 4 0 359 134 170 470 167 215
105 3 0 359 51 188 461 97 220
106 12 0 378 0 0 453 51 66
107 12 0 453 0 0 528 51 66
108 9 0 378 0 66 435 45 125
109 10 0 378 0 125 450 48 186
110 4 0 373 0 186 484 45 219
111 10 0 438 181 0 510 229 61
112 4 0 438 167 61 549 200 106
113 4 0 438 200 61 549 233 106
114 4 0 438 167 106 549 200 151
115 4 0 438 200 106 549 233 151
116 4 0 438 167 151 549 200 196
117 4 0 438 200 151 549 233 196
118 4 0 470 134 35 581 167 80
119 13 0 484 0 66 558 58 156
120 11 0 491 0 156 587 73 206
121 11 0 491 73 35 587 123 108
122 13 0 491 73 108 581 131 182
