Utilizacion 83.703636 VolCajasEmpacado 84.331294 Duracion[s] 60.006000 Iteraciones 7276
0 0 0 0 0 0 33 115 42
1 0 0 0 115 0 33 230 42
2 0 0 0 0 42 33 115 84
3 0 0 0 115 42 33 230 84
4 0 0 0 0 84 33 115 126
5 0 0 0 115 84 33 230 126
6 2 0 0 0 126 50 104 220
7 2 0 0 104 126 50 208 220
8 2 0 50 0 0 154 50 94
9 2 0 50 50 0 154 100 94
10 2 0 50 0 94 154 50 188
11 2 0 50 50 94 154 100 188
12 1 0 50 100 0 152 187 36
13 1 0 50 100 36 152 187 72
14 1 0 50 100 72 152 187 108
15 1 0 50 100 108 152 187 144
16 1 0 50 100 144 152 187 180
17 1 0 50 100 180 152 187 216
18 3 1 50 187 0 165 229 33
19 3 1 50 187 33 165 229 66
20 3 1 50 187 66 165 229 99
21 3 1 50 187 99 165 229 132
22 3 1 50 187 132 165 229 165
23 3 1 50 187 165 165 229 198
24 4 1 152 100 0 254 187 36
25 4 1 152 100 36 254 187 72
26 4 1 152 100 72 254 187 108
27 4 1 152 100 108 254 187 144
28 4 1 152 100 144 254 187 180
29 4 1 152 100 180 254 187 216
30 3 1 154 0 0 269 42 33
31 3 1 154 42 0 269 84 33
32 5 1 154 0 33 258 94 83
33 5 1 154 0 83 258 94 133
34 5 1 154 0 133 258 94 183
35 3 1 154 0 183 269 42 216
36 5 1 254 94 0 348 198 50
37 5 1 348 94 0 442 198 50
38 6 2 154 42 183 269 84 216
39 6 2 165 198 0 280 231 42
40 6 2 165 198 42 280 231 84
41 6 2 165 198 84 280 231 126
42 6 2 165 198 126 280 231 168
43 6 2 165 198 168 280 231 210
44 8 2 254 94 50 348 198 100
45 8 2 254 94 100 348 198 150
46 8 2 254 94 150 348 198 200
47 8 2 269 0 0 373 94 50
48 8 2 269 0 50 373 94 100
49 8 2 269 0 100 373 94 150
50 8 2 269 0 150 373 94 200
51 6 2 280 198 0 395 231 42
52 7 2 348 94 50 435 196 86
53 7 2 348 94 86 435 196 122
54 9 3 280 198 42 395 231 84
55 9 3 280 198 84 395 231 126
56 9 3 280 198 126 395 231 168
57 9 3 280 198 168 395 231 210
58 10 3 348 94 122 435 196 158
59 10 3 348 94 158 435 196 194
60 11 3 373 0 0 477 94 50
61 11 3 477 0 0 581 94 50
62 11 3 373 0 50 477 94 100
63 11 3 477 0 50 581 94 100
64 11 3 373 0 100 477 94 150
65 11 3 477 0 100 581 94 150
66 11 3 373 0 150 477 94 200
67 11 3 477 0 150 581 94 200
68 9 3 395 198 0 510 231 42
69 9 3 395 198 42 510 231 84
70 11 3 442 94 0 492 198 94
71 11 3 442 94 94 492 198 188
72 11 3 492 94 0 542 198 94
73 10 3 492 94 94 579 196 130
74 10 3 492 94 130 579 196 166
75 10 3 492 94 166 579 196 202
76 12 4 395 198 84 510 231 126
77 12 4 395 198 126 510 231 168
78 12 4 395 198 168 510 231 210
