Utilizacion 65.334371 VolCajasEmpacado 66.103968 Duracion[s] 60.001000 Iteraciones 4924
0 1 0 0 0 0 69 30 37
1 0 0 0 30 0 72 126 34
2 2 1 0 30 34 72 126 68
3 2 1 0 0 68 72 96 102
4 3 1 0 126 0 81 226 27
5 4 2 0 126 27 81 226 54
6 5 3 0 0 102 59 24 144
7 5 3 0 0 144 59 24 186
8 7 4 0 126 54 72 222 88
9 6 4 0 24 102 100 105 129
10 9 5 0 0 186 69 37 216
11 8 5 0 37 129 24 96 171
12 10 5 0 105 88 96 177 122
13 11 6 0 37 171 42 96 195
14 12 6 0 105 122 81 205 149
15 13 7 0 205 88 59 229 130
16 13 7 0 205 130 59 229 172
17 15 7 0 96 149 41 182 220
18 16 7 41 96 149 99 171 207
19 14 7 99 105 0 170 216 29
20 17 8 0 182 172 63 232 208
21 18 8 99 105 29 171 201 63
22 19 9 42 37 129 128 78 200
23 19 9 81 177 63 167 218 134
24 20 9 81 171 134 156 229 192
25 20 9 99 105 63 157 163 138
26 22 10 99 78 138 157 136 213
27 21 10 128 0 0 224 72 34
28 21 10 128 0 34 224 72 68
29 23 11 99 136 138 168 166 175
30 24 12 63 171 192 122 213 216
31 25 12 128 0 68 239 71 97
32 26 13 100 0 97 163 36 147
33 26 13 100 0 147 163 36 197
34 27 13 128 36 97 214 77 168
35 26 13 128 36 168 191 72 218
36 27 13 171 77 0 242 163 41
37 28 14 99 136 175 168 166 212
38 28 14 163 0 97 232 30 134
39 29 15 163 0 134 232 30 171
40 31 15 171 163 0 229 221 75
41 31 15 229 163 0 287 221 75
42 31 15 287 163 0 345 221 75
43 30 15 171 77 41 267 149 75
44 33 16 239 0 0 335 72 34
45 33 16 239 0 34 335 72 68
46 32 16 267 72 0 367 153 27
47 34 17 157 77 75 226 114 105
48 35 18 122 166 192 181 208 216
49 37 18 157 77 105 243 118 176
50 36 18 168 72 176 279 143 205
51 36 18 181 143 75 292 214 104
52 38 19 181 143 104 281 224 131
53 38 19 181 143 131 281 224 158
54 39 19 181 143 158 277 215 192
55 42 20 181 143 192 281 224 219
56 40 20 191 0 171 254 50 207
57 41 20 254 0 68 329 58 126
58 46 21 254 0 126 340 71 167
59 46 21 254 0 167 340 71 208
60 47 21 279 72 27 337 130 102
61 47 21 337 72 27 395 130 102
62 45 21 279 71 102 315 134 152
63 43 21 279 71 152 338 113 176
64 44 21 281 71 176 381 152 203
65 49 22 292 152 75 378 223 116
66 48 22 281 152 116 323 211 140
67 50 22 340 0 0 451 71 29
68 54 23 281 152 140 339 210 215
69 54 23 339 152 116 397 227 174
70 51 23 339 152 174 398 176 216
71 53 23 340 0 29 426 41 100
72 52 23 395 71 0 495 152 27
73 52 23 395 71 27 495 152 54
74 57 24 339 176 174 408 206 211
75 55 24 339 206 174 398 230 216
76 58 24 340 0 100 415 58 158
77 58 24 340 0 158 415 58 216
78 56 24 395 58 54 495 139 81
79 56 24 395 58 81 495 139 108
80 57 24 381 58 108 450 95 138
81 60 25 381 95 108 450 132 138
82 61 25 381 58 138 439 116 213
83 59 25 408 152 0 519 223 29
84 62 26 381 116 138 440 140 180
85 63 27 408 152 29 471 188 79
86 64 27 408 140 79 519 211 108
87 65 28 381 116 180 450 146 217
88 66 28 408 146 108 504 218 142
89 66 28 408 146 142 504 218 176
90 66 28 408 146 176 504 218 210
91 67 28 426 0 29 476 36 92
92 68 28 495 0 0 566 111 29
93 70 29 426 0 92 489 50 128
94 71 29 415 0 128 501 41 199
95 69 29 501 0 29 572 111 58
96 69 29 501 0 58 572 111 87
97 74 30 450 50 108 519 80 145
98 75 30 439 41 145 525 112 186
99 73 30 439 41 186 550 112 215
100 72 30 450 112 108 509 136 150
101 82 31 450 112 150 509 136 192
102 79 31 501 0 87 564 36 137
103 80 31 501 0 137 570 37 167
104 77 31 519 112 0 577 187 58
105 78 31 519 112 58 560 198 129
106 76 31 504 136 129 576 232 163
107 81 31 509 112 163 580 223 192
