Utilizacion 78.323924 VolCajasEmpacado 79.555009 Duracion[s] 60.070000 Iteraciones 585
0 6 0 0 0 0 76 54 44
1 6 0 0 54 0 76 108 44
2 6 0 0 0 44 76 54 88
3 6 0 0 54 44 76 108 88
4 6 0 0 0 88 76 54 132
5 6 0 0 54 88 76 108 132
6 6 0 0 0 132 76 54 176
7 6 0 0 54 132 76 108 176
8 6 0 0 0 176 76 54 220
9 6 0 0 54 176 76 108 220
10 11 0 0 108 0 96 196 31
11 11 0 0 108 31 96 196 62
12 11 0 0 108 62 96 196 93
13 11 0 0 108 93 96 196 124
14 11 0 0 108 124 96 196 155
15 11 0 0 108 155 96 196 186
16 11 0 0 108 186 96 196 217
17 14 0 0 196 0 80 225 44
18 14 0 0 196 44 80 225 88
19 14 0 0 196 88 80 225 132
20 14 0 0 196 132 80 225 176
21 14 0 0 196 176 80 225 220
22 12 0 76 0 0 156 101 31
23 12 0 76 0 31 156 101 62
24 12 0 76 0 62 156 101 93
25 12 0 76 0 93 156 101 124
26 5 0 76 0 124 140 48 170
27 5 0 76 0 170 140 48 216
28 0 0 76 48 124 108 80 174
29 0 0 76 48 174 108 98 206
30 2 0 108 48 124 169 98 175
31 17 0 80 196 0 188 222 23
32 17 0 80 196 23 188 222 46
33 17 0 80 196 46 188 222 69
34 17 0 80 196 69 188 222 92
35 17 0 80 196 92 188 222 115
36 17 0 80 196 115 188 222 138
37 17 0 80 196 138 188 222 161
38 17 0 80 196 161 188 222 184
39 17 0 80 196 184 188 222 207
40 18 0 96 101 0 211 196 22
41 18 0 211 101 0 326 196 22
42 18 0 326 101 0 441 196 22
43 18 0 441 101 0 556 196 22
44 19 0 96 101 22 121 180 44
45 19 0 96 101 44 121 180 66
46 19 0 96 101 66 121 180 88
47 19 0 96 101 88 121 180 110
48 19 0 96 101 110 121 180 132
49 19 0 96 101 132 121 180 154
50 19 0 96 101 154 121 180 176
51 19 0 96 101 176 121 180 198
52 19 0 96 101 198 121 180 220
53 14 0 108 48 175 188 77 219
54 0 0 121 77 175 171 109 207
55 4 0 121 109 22 217 155 98
56 4 0 121 109 98 217 155 174
57 14 0 121 109 174 201 138 218
58 14 0 121 138 174 201 167 218
59 0 0 140 0 124 172 32 174
60 0 0 140 0 174 190 32 206
61 16 0 121 167 22 187 193 55
62 16 0 121 167 55 187 193 88
63 16 0 121 167 88 187 193 121
64 16 0 121 167 121 187 193 154
65 16 0 121 167 154 187 193 187
66 16 0 121 167 187 187 193 220
67 13 0 188 32 0 267 63 54
68 13 0 188 63 0 267 94 54
69 13 0 188 32 54 267 63 108
70 13 0 188 63 54 267 94 108
71 13 0 188 32 108 267 63 162
72 13 0 188 63 108 267 94 162
73 13 0 188 32 162 267 63 216
74 13 0 188 63 162 267 94 216
75 0 0 188 196 0 238 228 32
76 0 0 201 94 174 233 144 206
77 3 0 188 167 32 268 228 79
78 3 0 188 167 79 268 228 126
79 3 0 188 167 126 268 228 173
80 3 0 188 167 173 268 228 220
81 13 0 190 0 0 269 31 54
82 0 0 190 0 54 240 32 86
83 13 0 190 0 86 269 31 140
84 8 0 233 94 22 312 128 88
85 8 0 312 94 22 391 128 88
86 8 0 233 128 22 312 162 88
87 8 0 312 128 22 391 162 88
88 8 0 233 94 88 312 128 154
89 8 0 312 94 88 391 128 154
90 8 0 233 128 88 312 162 154
91 8 0 312 128 88 391 162 154
92 8 0 233 94 154 312 128 220
93 8 0 312 94 154 391 128 220
94 8 0 233 128 154 312 162 220
95 8 0 312 128 154 391 162 220
96 3 0 268 162 22 348 223 69
97 3 0 268 162 69 348 223 116
98 3 0 268 162 116 348 223 163
99 3 0 268 162 163 348 223 210
100 2 0 267 31 0 317 92 51
101 2 0 267 31 51 317 92 102
102 2 0 267 31 102 317 92 153
103 2 0 267 31 153 317 92 204
104 5 0 348 162 22 412 210 68
105 5 0 348 162 68 412 210 114
106 5 0 348 162 114 412 210 160
107 5 0 348 162 160 412 210 206
108 9 0 317 0 0 402 89 33
109 1 0 317 0 33 430 50 97
110 1 0 317 0 97 430 50 161
111 10 0 317 0 161 433 93 182
112 10 0 317 0 182 433 93 203
113 1 0 391 93 22 504 157 72
114 1 0 391 93 72 504 157 122
115 1 0 391 93 122 504 157 172
116 15 0 391 93 172 452 154 198
117 4 0 412 157 22 508 233 68
118 4 0 412 157 68 508 233 114
119 7 0 412 157 114 499 231 149
120 7 0 412 157 149 499 231 184
121 7 0 412 157 184 499 231 219
122 4 0 433 0 0 529 46 76
123 4 0 433 46 0 529 92 76
124 9 0 433 0 76 522 85 109
125 9 0 433 0 109 522 85 142
126 9 0 433 0 142 522 85 175
127 9 0 433 0 175 522 85 208
128 3 0 452 85 172 532 146 219
129 7 0 508 146 22 582 233 57
130 7 0 508 146 57 582 233 92
131 7 0 508 146 92 582 233 127
132 7 0 508 146 127 582 233 162
133 7 0 508 146 162 582 233 197
134 4 0 532 0 0 578 96 76
135 4 0 532 0 76 578 96 152
136 15 0 522 0 152 583 61 178
137 15 0 522 0 178 583 61 204
