Utilizacion 78.119870 VolCajasEmpacado 79.051199 Duracion[s] 60.008000 Iteraciones 1392
0 7 0 0 0 0 33 90 49
1 7 0 0 0 49 33 90 98
2 7 0 0 0 98 33 90 147
3 7 0 0 0 147 33 90 196
4 6 0 0 90 0 89 157 34
5 6 0 0 157 0 89 224 34
6 6 0 0 90 34 89 157 68
7 6 0 0 157 34 89 224 68
8 6 0 0 90 68 89 157 102
9 6 0 0 157 68 89 224 102
10 0 0 0 90 102 78 135 129
11 0 0 0 135 102 78 180 129
12 0 0 0 90 129 78 135 156
13 0 0 0 135 129 78 180 156
14 0 0 0 90 156 78 135 183
15 0 0 0 135 156 78 180 183
16 0 0 0 90 183 78 135 210
17 0 0 0 135 183 78 180 210
18 5 0 0 180 102 84 232 140
19 2 0 0 180 140 54 226 217
20 2 0 54 180 140 108 226 217
21 2 0 33 0 0 79 77 54
22 2 0 79 0 0 125 77 54
23 5 0 33 0 54 85 84 92
24 5 0 33 0 92 85 84 130
25 1 0 33 0 130 114 90 154
26 1 0 33 0 154 114 90 178
27 1 0 33 0 178 114 90 202
28 6 0 89 90 0 156 179 34
29 0 0 89 90 34 167 135 61
30 0 0 89 135 34 167 180 61
31 4 0 89 90 61 181 170 99
32 4 0 89 90 99 181 170 137
33 4 0 89 90 137 181 170 175
34 4 0 89 90 175 181 170 213
35 3 0 108 180 0 208 220 60
36 3 0 108 180 60 208 220 120
37 3 0 108 180 120 208 220 180
38 3 0 108 170 180 208 230 220
39 4 0 125 0 0 217 80 38
40 4 0 125 0 38 217 80 76
41 10 1 114 0 76 163 90 109
42 10 1 114 0 109 163 90 142
43 10 1 114 0 142 163 90 175
44 9 1 114 0 175 141 78 220
45 9 1 141 0 175 168 78 220
46 9 1 168 0 76 213 78 103
47 9 1 168 0 103 213 78 130
48 9 1 168 0 130 213 78 157
49 9 1 168 0 157 213 78 184
50 9 1 168 0 184 213 78 211
51 11 1 181 80 0 270 147 34
52 11 1 181 80 34 270 147 68
53 11 1 181 80 68 270 147 102
54 13 1 181 78 102 261 170 140
55 13 1 181 78 140 261 170 178
56 13 1 181 78 178 261 170 216
57 9 1 208 170 0 286 197 45
58 9 1 286 170 0 364 197 45
59 15 1 208 170 45 285 224 91
60 15 1 208 170 91 285 224 137
61 14 1 208 170 137 308 230 177
62 14 1 208 170 177 308 230 217
63 12 1 217 0 0 301 38 52
64 12 1 217 38 0 301 76 52
65 12 1 217 0 52 301 52 90
66 12 1 217 0 90 301 52 128
67 14 1 213 0 128 313 60 168
68 14 1 213 0 168 313 60 208
69 8 1 270 76 0 351 166 24
70 8 1 270 76 24 351 166 48
71 8 1 270 76 48 351 166 72
72 8 1 270 76 72 351 166 96
73 8 1 270 76 96 351 166 120
74 8 1 270 76 120 351 166 144
75 8 1 270 76 144 351 166 168
76 8 1 270 76 168 351 166 192
77 21 2 261 60 192 339 105 219
78 21 2 261 105 192 339 150 219
79 17 2 308 166 45 408 226 85
80 20 2 308 166 85 398 199 134
81 20 2 308 166 134 398 199 183
82 21 2 308 166 183 386 211 210
83 16 2 313 0 0 390 46 54
84 16 2 313 0 54 390 46 108
85 16 2 313 0 108 390 46 162
86 16 2 313 0 162 390 46 216
87 16 2 351 46 0 428 92 54
88 16 2 351 46 54 428 92 108
89 19 2 351 92 0 440 159 34
90 19 2 351 92 34 440 159 68
91 23 2 351 46 108 435 84 160
92 23 2 351 46 160 435 84 212
93 23 2 351 92 68 435 144 106
94 23 2 351 92 106 435 144 144
95 22 2 351 84 144 441 165 168
96 22 2 351 84 168 441 165 192
97 22 2 351 84 192 441 165 216
98 22 2 435 0 0 525 81 24
99 22 2 435 0 24 525 81 48
100 22 2 435 0 48 525 81 72
101 22 2 435 0 72 525 81 96
102 18 2 435 0 96 527 80 134
103 18 2 435 0 134 527 80 172
104 18 2 435 0 172 527 80 210
105 28 3 408 165 0 497 199 67
106 28 3 497 165 0 586 199 67
107 28 3 408 165 67 497 199 134
108 28 3 497 165 67 586 199 134
109 28 3 408 165 134 497 199 201
110 28 3 497 165 134 586 199 201
111 30 3 408 199 0 486 226 45
112 30 3 408 199 45 486 226 90
113 30 3 408 199 90 486 226 135
114 30 3 408 199 135 486 226 180
115 24 3 441 81 0 533 161 38
116 26 3 441 81 38 541 121 98
117 26 3 441 121 38 541 161 98
118 27 3 441 80 98 479 164 150
119 27 3 479 80 98 517 164 150
120 27 3 517 80 98 555 164 150
121 28 3 441 80 150 530 114 217
122 28 3 441 114 150 530 148 217
123 29 3 486 199 0 576 232 49
124 29 3 486 199 49 576 232 98
125 29 3 486 199 98 576 232 147
126 29 3 486 199 147 576 232 196
127 25 3 527 0 0 581 77 46
128 25 3 527 0 46 581 77 92
129 25 3 527 0 92 581 77 138
130 25 3 527 0 138 581 77 184
131 30 3 527 0 184 572 78 211
132 25 3 530 78 150 576 155 204
