Utilizacion 79.001895 VolCajasEmpacado 79.557642 Duracion[s] 60.011000 Iteraciones 3057
0 1 0 0 0 0 107 60 49
1 1 0 0 60 0 107 120 49
2 1 0 0 120 0 107 180 49
3 0 0 0 0 49 67 42 119
4 0 0 0 0 119 67 42 189
5 1 0 0 180 0 107 229 60
6 1 0 0 180 60 107 229 120
7 2 0 0 42 49 75 96 84
8 0 0 0 96 49 42 166 116
9 0 0 0 96 116 42 166 183
10 2 0 0 42 84 75 96 119
11 2 0 0 166 120 75 220 155
12 2 0 0 166 155 75 220 190
13 3 1 0 42 119 75 96 154
14 5 1 0 42 154 107 91 214
15 3 1 0 91 183 54 166 218
16 4 1 54 96 49 96 163 119
17 4 1 54 96 119 96 163 189
18 4 1 75 163 120 117 233 187
19 4 1 67 0 49 137 42 116
20 4 1 67 0 116 137 42 183
21 4 1 107 42 0 149 109 70
22 4 1 107 42 70 149 109 140
23 4 1 107 42 140 149 109 210
24 5 1 107 109 0 214 158 60
25 8 2 96 109 60 171 144 114
26 8 2 96 109 114 171 144 168
27 8 2 96 109 168 171 163 203
28 7 2 117 163 0 159 233 67
29 7 2 117 163 67 159 233 134
30 7 2 117 163 134 159 233 201
31 7 2 137 0 0 207 42 67
32 7 2 137 0 67 207 42 134
33 8 2 137 0 134 212 35 188
34 6 2 149 42 0 256 91 60
35 6 2 149 42 60 256 91 120
36 6 2 149 42 120 256 91 180
37 6 2 171 91 60 231 198 109
38 6 2 171 91 109 231 198 158
39 6 2 171 91 158 231 198 207
40 6 2 231 91 0 291 198 49
41 9 3 149 35 180 224 89 215
42 9 3 159 198 0 234 233 54
43 9 3 234 198 0 309 233 54
44 10 3 224 0 0 291 42 70
45 10 3 224 0 70 291 42 140
46 11 3 231 91 49 280 198 109
47 11 3 231 91 109 291 198 158
48 11 3 231 91 158 291 198 207
49 11 3 256 42 0 363 91 60
50 11 3 256 42 60 363 91 120
51 11 3 256 42 120 363 91 180
52 12 4 212 0 140 287 35 194
53 12 4 159 198 54 234 233 108
54 13 4 291 0 0 361 42 67
55 13 4 361 0 0 431 42 67
56 13 4 431 0 0 501 42 67
57 13 4 501 0 0 571 42 67
58 13 4 291 0 67 358 42 137
59 13 4 358 0 67 425 42 137
60 14 4 291 91 0 398 140 60
61 14 4 398 91 0 505 140 60
62 14 4 291 91 60 398 140 120
63 14 4 398 91 60 505 140 120
64 14 4 291 91 120 398 140 180
65 14 4 398 91 120 505 140 180
66 15 5 224 35 180 299 89 215
67 15 5 159 198 108 234 233 162
68 15 5 291 89 180 366 143 215
69 15 5 159 198 162 234 233 216
70 15 5 234 198 54 309 233 108
71 15 5 234 198 108 309 233 162
72 15 5 234 198 162 309 233 216
73 15 5 291 0 137 366 35 191
74 15 5 366 0 137 441 35 191
75 17 5 441 0 67 508 42 137
76 17 5 508 0 67 575 42 137
77 17 5 441 0 137 508 42 207
78 17 5 508 0 137 575 42 207
79 16 5 291 143 0 398 192 60
80 16 5 291 143 60 398 192 120
81 16 5 291 143 120 398 192 180
82 17 5 363 42 0 430 84 70
83 17 5 363 42 70 430 84 140
84 18 6 291 143 180 366 197 215
85 18 6 309 197 0 384 232 54
86 18 6 309 197 54 384 232 108
87 18 6 309 197 108 384 232 162
88 18 6 309 197 162 384 232 216
89 19 6 363 42 140 433 84 207
90 19 6 398 140 0 440 210 67
91 19 6 398 140 67 440 210 134
92 19 6 398 140 134 440 210 201
93 20 6 433 42 0 540 91 60
94 20 6 433 42 60 540 91 120
95 20 6 433 42 120 540 91 180
96 20 6 440 140 0 547 189 60
97 20 6 440 140 60 547 200 109
98 20 6 440 140 109 547 200 158
99 21 7 366 84 180 441 138 215
100 21 7 441 84 180 516 138 215
101 23 7 440 140 158 547 189 218
102 22 7 516 91 0 586 133 67
103 22 7 516 91 67 586 133 134
104 22 7 516 91 134 586 133 201
105 21 7 547 133 0 582 208 54
106 21 7 547 133 54 582 208 108
107 21 7 547 133 108 582 208 162
108 21 7 547 133 162 582 208 216
