Utilizacion 73.211696 VolCajasEmpacado 73.793307 Duracion[s] 60.009000 Iteraciones 1036
0 0 0 0 0 0 72 95 22
1 0 0 0 0 22 72 95 44
2 0 0 0 0 44 72 95 66
3 0 0 0 0 66 72 95 88
4 0 0 0 0 88 72 95 110
5 0 0 0 0 110 72 95 132
6 0 0 0 0 132 72 95 154
7 4 0 0 0 154 39 50 219
8 4 0 0 50 154 39 100 219
9 3 0 0 100 0 60 143 69
10 3 0 60 100 0 120 143 69
11 3 0 120 100 0 180 143 69
12 3 0 0 143 0 60 186 69
13 3 0 60 143 0 120 186 69
14 3 0 120 143 0 180 186 69
15 3 0 0 186 0 60 229 69
16 3 0 60 186 0 120 229 69
17 3 0 120 186 0 180 229 69
18 5 0 39 0 154 76 109 217
19 4 0 0 100 69 39 165 119
20 10 0 0 165 69 64 231 105
21 1 0 0 100 119 37 152 139
22 1 0 0 100 139 37 152 159
23 1 0 0 100 159 37 152 179
24 6 0 0 100 179 36 153 219
25 5 0 0 165 105 109 228 142
26 5 0 0 165 142 109 228 179
27 5 0 0 165 179 109 228 216
28 2 0 39 109 69 121 163 120
29 2 0 39 109 120 121 163 171
30 6 0 37 109 171 77 162 207
31 3 0 109 163 69 169 206 138
32 2 0 109 163 138 160 217 220
33 7 0 76 0 0 109 77 31
34 8 0 76 0 31 106 98 73
35 8 0 76 0 73 106 98 115
36 8 0 76 0 115 106 98 157
37 8 0 76 0 157 106 98 199
38 9 0 77 98 171 156 155 195
39 9 0 77 98 195 156 155 219
40 9 0 109 0 0 166 79 24
41 9 0 109 0 24 188 57 48
42 22 1 76 0 199 128 37 219
43 22 1 76 37 199 128 74 219
44 19 1 128 0 48 170 98 78
45 22 1 106 74 78 158 94 115
46 14 1 128 0 78 171 60 147
47 14 1 128 0 147 171 60 216
48 17 1 128 60 115 181 96 155
49 17 1 128 60 155 181 96 195
50 11 1 156 98 69 192 162 135
51 12 1 156 96 135 210 147 217
52 12 1 180 162 0 262 216 51
53 12 1 180 162 51 262 216 102
54 12 1 180 162 102 262 216 153
55 12 1 180 162 153 262 216 204
56 16 1 181 57 0 290 94 63
57 16 1 181 57 63 290 94 126
58 13 1 188 0 0 285 49 73
59 13 1 188 0 73 285 49 146
60 13 1 188 0 146 285 49 219
61 17 1 181 49 126 234 89 162
62 15 1 181 49 162 246 88 212
63 20 1 210 94 0 289 151 24
64 20 1 289 94 0 368 151 24
65 20 1 368 94 0 447 151 24
66 20 1 447 94 0 526 151 24
67 20 1 246 49 126 303 128 150
68 18 1 210 128 24 287 161 55
69 18 1 287 128 24 364 161 55
70 19 1 210 128 55 308 158 97
71 13 1 210 89 150 307 162 199
72 15 1 246 49 150 296 88 215
73 15 1 262 162 0 301 227 50
74 15 1 262 162 50 301 227 100
75 13 1 262 162 100 335 211 197
76 21 1 303 0 0 398 72 22
77 21 1 303 0 22 398 72 44
78 21 1 303 0 44 398 72 66
79 33 2 210 88 199 262 125 219
80 33 2 210 125 199 262 162 219
81 33 2 262 88 199 314 125 219
82 33 2 262 125 199 314 162 219
83 33 2 262 211 100 314 231 137
84 33 2 262 211 137 314 231 174
85 24 2 285 0 66 382 49 139
86 24 2 285 0 139 382 49 212
87 34 2 303 49 66 343 85 119
88 34 2 343 49 66 383 85 119
89 34 2 303 49 119 343 85 172
90 34 2 343 49 119 383 85 172
91 34 2 296 49 172 349 85 212
92 25 2 314 85 24 374 128 93
93 25 2 374 85 24 434 128 93
94 25 2 314 85 93 374 128 162
95 25 2 374 85 93 434 128 162
96 29 2 314 128 55 391 159 88
97 29 2 314 128 88 391 159 121
98 29 2 314 128 121 391 159 154
99 29 2 314 128 154 391 159 187
100 29 2 314 128 187 391 159 220
101 30 2 314 85 162 412 127 192
102 31 2 349 49 192 406 128 216
103 32 2 335 161 0 430 233 22
104 32 2 430 161 0 525 233 22
105 32 2 335 161 22 430 233 44
106 32 2 430 161 22 525 233 44
107 28 2 335 161 44 371 227 108
108 24 2 335 159 108 384 232 205
109 23 2 384 159 44 466 210 98
110 23 2 466 159 44 548 210 98
111 26 2 384 159 98 434 224 137
112 26 2 384 159 137 434 224 176
113 26 2 384 159 176 434 224 215
114 30 2 391 128 24 489 158 66
115 30 2 391 128 66 489 158 108
116 30 2 391 128 108 489 158 150
117 27 2 398 0 0 507 37 63
118 27 2 398 0 63 507 37 126
119 27 2 398 0 126 507 37 189
120 31 2 406 0 189 485 57 213
121 27 2 434 57 0 543 94 63
122 27 2 434 57 63 543 94 126
123 34 2 434 158 98 470 211 138
124 41 3 391 128 150 468 159 183
125 41 3 391 128 183 468 159 216
126 35 3 412 57 162 451 122 212
127 45 3 485 0 189 522 52 209
128 36 3 434 159 138 485 213 220
129 45 3 434 213 44 486 233 81
130 42 3 451 57 126 549 99 156
131 42 3 451 57 156 549 99 186
132 42 3 451 57 186 549 99 216
133 45 3 434 213 81 486 233 118
134 45 3 434 213 118 486 233 155
135 41 3 485 158 98 562 189 131
136 35 3 485 158 131 535 197 196
137 35 3 535 158 131 585 197 196
138 38 3 489 99 24 549 142 93
139 38 3 489 99 93 549 142 162
140 43 3 468 99 162 547 156 186
141 43 3 468 99 186 547 156 210
142 43 3 485 156 196 564 213 220
143 40 3 522 0 0 586 36 66
144 40 3 522 0 66 586 36 132
145 40 3 522 0 132 586 36 198
146 39 3 549 36 0 586 145 63
147 39 3 549 36 63 586 145 126
148 46 3 549 36 126 585 89 166
149 41 3 549 36 166 582 113 197
