Utilizacion 83.799397 VolCajasEmpacado 85.144504 Duracion[s] 60.034000 Iteraciones 954
0 8 0 0 0 0 97 45 66
1 8 0 97 0 0 194 45 66
2 8 0 194 0 0 291 45 66
3 8 0 291 0 0 388 45 66
4 8 0 0 45 0 97 90 66
5 8 0 97 45 0 194 90 66
6 8 0 194 45 0 291 90 66
7 8 0 291 45 0 388 90 66
8 8 0 0 90 0 97 135 66
9 8 0 97 90 0 194 135 66
10 8 0 194 90 0 291 135 66
11 8 0 291 90 0 388 135 66
12 8 0 0 135 0 97 180 66
13 8 0 97 135 0 194 180 66
14 8 0 194 135 0 291 180 66
15 8 0 291 135 0 388 180 66
16 8 0 0 180 0 97 225 66
17 8 0 97 180 0 194 225 66
18 8 0 194 180 0 291 225 66
19 8 0 291 180 0 388 225 66
20 9 0 0 0 66 98 75 121
21 9 0 98 0 66 196 75 121
22 9 0 196 0 66 294 75 121
23 9 0 294 0 66 392 75 121
24 9 0 0 75 66 98 150 121
25 9 0 98 75 66 196 150 121
26 9 0 196 75 66 294 150 121
27 9 0 294 75 66 392 150 121
28 9 0 0 150 66 98 225 121
29 9 0 98 150 66 196 225 121
30 9 0 196 150 66 294 225 121
31 9 0 294 150 66 392 225 121
32 4 0 0 0 121 32 60 161
33 4 0 0 60 121 32 120 161
34 4 0 0 120 121 32 180 161
35 4 0 0 0 161 32 60 201
36 4 0 0 60 161 32 120 201
37 4 0 0 120 161 32 180 201
38 0 0 0 180 121 69 200 153
39 0 0 0 200 121 69 220 153
40 0 0 0 180 153 69 200 185
41 0 0 0 200 153 69 220 185
42 0 0 0 180 185 69 200 217
43 0 0 0 200 185 69 220 217
44 5 0 32 0 121 71 60 180
45 5 0 71 0 121 110 60 180
46 5 0 110 0 121 149 60 180
47 5 0 149 0 121 188 60 180
48 5 0 188 0 121 227 60 180
49 5 0 227 0 121 266 60 180
50 5 0 266 0 121 305 60 180
51 5 0 305 0 121 344 60 180
52 5 0 344 0 121 383 60 180
53 5 0 32 60 121 71 120 180
54 5 0 71 60 121 110 120 180
55 5 0 110 60 121 149 120 180
56 5 0 149 60 121 188 120 180
57 5 0 188 60 121 227 120 180
58 5 0 227 60 121 266 120 180
59 5 0 266 60 121 305 120 180
60 5 0 305 60 121 344 120 180
61 5 0 344 60 121 383 120 180
62 5 0 32 120 121 71 180 180
63 5 0 71 120 121 110 180 180
64 5 0 110 120 121 149 180 180
65 5 0 149 120 121 188 180 180
66 5 0 188 120 121 227 180 180
67 5 0 227 120 121 266 180 180
68 5 0 266 120 121 305 180 180
69 5 0 305 120 121 344 180 180
70 5 0 344 120 121 383 180 180
71 1 0 32 0 180 140 85 200
72 1 0 32 85 180 140 170 200
73 1 0 32 0 200 140 85 220
74 1 0 32 85 200 140 170 220
75 0 0 69 170 180 138 190 212
76 0 0 138 170 180 207 190 212
77 2 0 140 0 180 259 25 214
78 2 0 140 25 180 259 50 214
79 2 0 140 50 180 259 75 214
80 2 0 140 75 180 259 100 214
81 2 0 140 100 180 259 125 214
82 2 0 140 125 180 259 150 214
83 4 0 69 190 121 129 230 153
84 4 0 69 190 153 129 230 185
85 4 0 69 190 185 129 230 217
86 4 0 129 190 121 161 230 181
87 4 0 129 190 181 189 230 213
88 0 0 140 150 180 209 170 212
89 0 0 189 190 121 258 210 153
90 0 0 189 210 121 258 230 153
91 0 0 207 170 180 276 190 212
92 0 0 276 170 180 345 190 212
93 0 0 345 170 180 414 190 212
94 4 0 189 190 153 249 222 193
95 2 0 189 190 193 308 224 218
96 0 0 209 150 180 278 170 212
97 6 0 259 0 180 340 56 220
98 6 0 340 0 180 421 56 220
99 4 0 259 56 180 291 116 220
100 2 0 259 116 180 378 150 205
101 0 0 278 150 180 347 170 212
102 3 0 291 56 180 357 82 215
103 3 0 291 82 180 357 108 215
104 6 0 308 190 121 389 230 177
105 3 0 308 190 177 374 216 212
106 1 0 392 56 0 500 141 20
107 1 0 392 56 20 500 141 40
108 1 0 392 56 40 500 141 60
109 1 0 392 56 60 500 141 80
110 1 0 392 56 80 500 141 100
111 1 0 392 56 100 500 141 120
112 1 0 392 56 120 500 141 140
113 1 0 392 56 140 500 141 160
114 1 0 392 56 160 500 141 180
115 1 0 392 56 180 500 141 200
116 1 0 392 56 200 500 141 220
117 3 0 392 141 0 458 167 35
118 3 0 458 141 0 524 167 35
119 3 0 392 141 35 458 167 70
120 3 0 458 141 35 524 167 70
121 3 0 392 141 70 458 167 105
122 3 0 458 141 70 524 167 105
123 3 0 392 141 105 458 167 140
124 3 0 458 141 105 524 167 140
125 3 0 392 141 140 458 167 175
126 3 0 458 141 140 524 167 175
127 3 0 392 141 175 458 167 210
128 3 0 458 141 175 524 167 210
129 3 0 392 190 0 458 225 26
130 3 0 392 190 26 458 225 52
131 6 0 392 190 52 473 230 108
132 6 0 392 190 108 473 230 164
133 6 0 392 190 164 473 230 220
134 6 0 421 0 0 502 40 56
135 6 0 502 0 0 583 40 56
136 6 0 421 0 56 502 56 96
137 6 0 421 0 96 502 56 136
138 6 0 421 0 136 502 56 176
139 6 0 421 0 176 502 56 216
140 8 0 473 167 0 570 233 45
141 9 0 473 167 45 571 222 120
142 9 0 473 167 120 571 222 195
143 9 0 502 0 56 557 75 154
144 6 0 500 75 0 581 131 40
145 6 0 500 75 40 581 131 80
146 6 0 500 75 80 581 131 120
147 6 0 500 75 120 581 131 160
148 6 0 500 75 160 581 131 200
