Utilizacion 78.394131 VolCajasEmpacado 79.442703 Duracion[s] 60.013000 Iteraciones 2429
0 3 0 0 0 0 47 79 72
1 3 0 0 79 0 47 158 72
2 3 0 0 0 72 47 79 144
3 3 0 0 79 72 47 158 144
4 3 0 0 0 144 47 79 216
5 3 0 0 79 144 47 158 216
6 2 0 0 158 0 51 198 68
7 2 0 0 158 68 51 198 136
8 2 0 0 158 136 51 198 204
9 1 0 0 198 0 90 233 36
10 1 0 0 198 36 90 233 72
11 0 0 47 0 0 141 72 29
12 0 0 47 72 0 141 144 29
13 0 0 47 0 29 141 72 58
14 0 0 47 72 29 141 144 58
15 4 0 47 0 58 128 101 82
16 4 0 47 0 82 128 101 106
17 7 1 0 198 72 90 233 108
18 8 1 47 101 58 115 152 98
19 8 1 47 101 98 115 152 138
20 6 1 47 0 106 141 72 135
21 6 1 47 0 135 119 94 164
22 6 1 47 0 164 119 94 193
23 5 1 47 0 193 128 101 217
24 6 1 51 101 138 145 173 167
25 11 2 0 198 108 90 233 144
26 11 2 0 198 144 90 233 180
27 10 2 47 101 167 115 152 207
28 10 2 51 152 167 119 192 218
29 9 2 119 173 0 191 220 79
30 13 2 141 0 0 222 101 24
31 12 2 141 0 24 213 94 53
32 12 2 141 0 53 213 94 82
33 12 2 141 0 82 213 94 111
34 16 3 0 198 180 90 233 216
35 17 3 90 192 79 158 232 130
36 17 3 90 192 130 158 232 181
37 16 3 90 192 181 180 227 217
38 16 3 119 101 167 154 191 203
39 14 3 141 0 111 222 101 135
40 14 3 141 0 135 222 101 159
41 14 3 141 0 159 222 101 183
42 14 3 141 0 183 222 101 207
43 18 3 154 101 0 201 173 79
44 18 3 191 173 0 263 220 79
45 18 3 201 101 0 280 173 47
46 18 3 201 101 47 280 173 94
47 18 3 201 101 94 280 173 141
48 16 3 154 101 79 190 191 114
49 14 3 154 101 141 255 182 165
50 14 3 154 101 165 255 182 189
51 15 3 154 101 189 248 173 218
52 15 3 222 0 0 294 94 29
53 14 3 222 0 29 303 101 53
54 14 3 222 0 53 303 101 77
55 15 3 222 0 77 294 94 106
56 15 3 222 0 106 294 94 135
57 15 3 222 0 135 294 94 164
58 22 4 222 0 164 290 40 215
59 22 4 222 40 164 290 80 215
60 21 4 255 94 141 290 184 177
61 21 4 255 94 177 290 184 213
62 23 4 190 184 79 269 231 151
63 23 4 269 184 0 348 231 72
64 23 4 269 184 72 348 231 144
65 23 4 269 184 144 348 231 216
66 19 4 290 101 0 391 182 24
67 19 4 290 101 24 391 182 48
68 20 4 290 101 48 384 173 77
69 20 4 290 101 77 384 173 106
70 20 4 290 101 106 384 173 135
71 20 4 290 101 135 384 173 164
72 20 4 290 101 164 384 173 193
73 25 5 303 0 0 382 47 72
74 25 5 303 47 0 382 94 72
75 25 5 303 0 72 382 47 144
76 25 5 303 47 72 382 94 144
77 25 5 303 0 144 382 47 216
78 25 5 303 47 144 382 94 216
79 24 5 290 94 193 391 175 217
80 26 5 348 182 0 416 233 40
81 26 5 348 182 40 416 233 80
82 26 5 348 182 80 416 233 120
83 26 5 348 182 120 416 233 160
84 28 5 348 175 160 438 211 195
85 24 5 382 0 0 483 81 24
86 24 5 382 0 24 483 81 48
87 24 5 382 0 48 483 81 72
88 24 5 382 0 72 483 81 96
89 24 5 382 0 96 483 81 120
90 27 5 382 0 120 454 94 149
91 27 5 382 0 149 476 72 178
92 27 5 382 0 178 476 72 207
93 28 5 391 94 0 481 130 35
94 28 5 391 130 0 481 166 35
95 27 5 391 94 35 485 166 64
96 27 5 391 94 64 485 166 93
97 27 5 391 94 93 485 166 122
98 28 5 391 72 149 481 107 185
99 31 6 391 72 185 481 108 220
100 32 6 391 108 122 459 159 162
101 31 6 391 108 162 481 144 197
102 33 6 438 166 0 510 213 79
103 33 6 438 166 79 510 213 158
104 32 6 438 159 158 506 199 209
105 32 6 483 0 0 534 68 40
106 32 6 534 0 0 585 68 40
107 32 6 483 0 40 534 68 80
108 32 6 534 0 40 585 68 80
109 29 6 483 0 80 584 81 104
110 29 6 483 0 104 584 81 128
111 29 6 483 0 128 584 81 152
112 29 6 483 0 152 584 81 176
113 29 6 483 0 176 584 81 200
114 30 6 485 81 0 579 153 29
115 30 6 485 81 29 579 153 58
116 30 6 485 81 58 579 153 87
117 30 6 485 81 87 579 153 116
118 31 6 485 81 116 575 117 151
119 36 7 481 81 151 575 153 180
120 35 7 481 81 180 571 116 216
121 35 7 481 116 180 571 152 215
122 34 7 510 153 0 557 232 72
123 34 7 510 153 72 582 232 119
124 34 7 510 153 119 582 232 166
