Utilizacion 75.146685 VolCajasEmpacado 75.920922 Duracion[s] 60.012000 Iteraciones 2290
0 2 0 0 0 0 83 69 60
1 2 0 0 69 0 83 138 60
2 2 0 0 138 0 83 207 60
3 5 0 0 0 60 37 107 121
4 5 0 37 0 60 74 107 121
5 4 0 0 0 121 98 40 173
6 4 0 0 40 121 98 80 173
7 4 0 0 80 121 98 120 173
8 3 0 0 0 173 83 90 216
9 8 0 0 120 60 39 213 88
10 8 0 0 90 173 93 118 212
11 6 0 0 120 88 36 215 159
12 7 0 0 120 159 31 189 213
13 6 0 39 120 60 75 215 131
14 6 0 36 120 131 72 215 202
15 0 0 83 120 0 162 212 25
16 0 0 162 120 0 241 212 25
17 1 0 83 120 25 197 187 50
18 1 0 83 120 50 197 187 75
19 9 0 75 120 75 162 209 111
20 9 0 75 120 111 162 209 147
21 10 1 72 120 147 143 215 183
22 10 1 72 120 183 143 215 219
23 14 1 98 0 0 185 89 36
24 14 1 98 0 36 185 89 72
25 14 1 98 0 72 185 89 108
26 14 1 98 0 108 185 89 144
27 14 1 98 0 144 185 89 180
28 14 1 98 0 180 185 89 216
29 15 1 98 89 0 167 120 54
30 15 1 98 89 54 167 120 108
31 15 1 98 89 108 167 120 162
32 16 1 98 89 162 191 117 201
33 10 1 143 120 147 179 215 218
34 11 1 179 187 25 269 230 108
35 14 1 185 0 0 274 87 36
36 17 1 185 0 36 277 79 61
37 13 1 185 0 61 292 61 98
38 13 1 185 0 98 292 61 135
39 13 1 185 0 135 292 61 172
40 18 1 185 0 172 299 67 197
41 12 1 197 87 25 237 185 77
42 18 1 179 117 77 293 184 102
43 18 1 179 117 102 293 184 127
44 18 1 179 117 127 293 184 152
45 11 1 179 184 108 269 227 191
46 17 1 293 67 0 385 146 25
47 25 2 179 117 152 293 184 177
48 25 2 179 117 177 293 184 202
49 20 2 191 67 77 281 110 160
50 23 2 191 67 160 260 98 214
51 23 2 281 67 25 350 98 79
52 23 2 281 67 79 350 98 133
53 23 2 281 67 133 350 98 187
54 20 2 269 184 0 359 227 83
55 26 2 269 184 83 364 220 154
56 21 2 269 184 154 376 221 215
57 21 2 293 146 0 400 183 61
58 25 2 299 0 0 413 67 25
59 19 2 299 0 25 368 60 108
60 19 2 299 0 108 368 60 191
61 24 2 299 0 191 378 92 216
62 25 2 378 0 25 445 114 50
63 25 2 378 0 50 445 114 75
64 19 2 293 114 61 376 183 121
65 24 2 293 98 121 385 177 146
66 24 2 293 98 146 385 177 171
67 22 2 378 0 75 465 89 111
68 22 2 378 0 111 465 89 147
69 22 2 378 0 147 465 89 183
70 22 2 378 0 183 465 89 219
71 22 2 400 114 0 489 201 36
72 27 3 293 98 171 383 181 214
73 30 3 385 89 75 492 126 136
74 30 3 385 89 136 492 126 197
75 33 3 376 201 0 445 232 54
76 33 3 376 201 54 445 232 108
77 33 3 376 201 108 445 232 162
78 33 3 376 201 162 445 232 216
79 32 3 400 126 36 495 197 72
80 36 3 385 126 72 499 193 97
81 36 3 385 126 97 499 193 122
82 36 3 385 126 122 499 193 147
83 36 3 385 126 147 499 193 172
84 36 3 385 126 172 499 193 197
85 33 3 445 201 0 514 232 54
86 34 3 445 197 54 538 225 93
87 32 3 445 193 93 540 229 164
88 29 3 445 193 164 543 233 216
89 27 3 465 0 0 555 43 83
90 27 3 465 43 0 555 86 83
91 27 3 465 0 83 555 43 166
92 27 3 465 43 83 555 86 166
93 29 3 465 0 166 563 52 206
94 34 3 465 52 166 558 80 205
95 34 3 492 86 0 585 125 28
96 32 3 492 86 28 587 122 99
97 32 3 492 86 99 587 122 170
98 34 3 492 80 170 585 119 198
99 28 3 499 125 0 568 185 83
100 30 3 543 122 83 580 229 144
101 32 3 543 122 144 579 217 215
