Utilizacion 84.708730 VolCajasEmpacado 87.287653 Duracion[s] 60.006000 Iteraciones 1359
0 9 0 0 0 0 97 80 91
1 9 0 97 0 0 194 80 91
2 9 0 194 0 0 291 80 91
3 9 0 291 0 0 388 80 91
4 9 0 388 0 0 485 80 91
5 9 0 485 0 0 582 80 91
6 9 0 0 0 91 97 80 182
7 9 0 97 0 91 194 80 182
8 9 0 194 0 91 291 80 182
9 9 0 291 0 91 388 80 182
10 9 0 388 0 91 485 80 182
11 9 0 485 0 91 582 80 182
12 3 0 0 0 182 41 86 217
13 3 0 41 0 182 82 86 217
14 3 0 82 0 182 123 86 217
15 3 0 123 0 182 164 86 217
16 3 0 164 0 182 205 86 217
17 3 0 205 0 182 246 86 217
18 3 0 246 0 182 287 86 217
19 8 0 0 86 0 82 182 63
20 5 0 0 182 0 62 228 59
21 5 0 62 182 0 124 228 59
22 5 0 0 182 59 62 228 118
23 5 0 62 182 59 124 228 118
24 5 0 0 182 118 62 228 177
25 5 0 62 182 118 124 228 177
26 8 0 0 86 63 82 182 126
27 8 0 0 86 126 82 182 189
28 1 0 0 86 189 61 202 217
29 0 0 61 182 177 128 226 203
30 9 0 82 86 0 179 177 80
31 2 0 287 0 182 402 79 213
32 2 0 402 0 182 517 79 213
33 6 0 82 86 80 149 176 137
34 6 0 82 86 137 149 176 194
35 0 0 61 86 194 128 130 220
36 0 0 61 130 194 128 174 220
37 0 0 128 177 0 195 203 44
38 0 0 128 203 0 195 229 44
39 4 0 128 177 44 214 220 104
40 6 0 128 176 104 218 233 171
41 0 0 128 176 171 195 202 215
42 0 0 128 202 171 195 228 215
43 6 0 149 86 80 206 153 170
44 0 0 149 86 170 216 130 196
45 0 0 149 130 170 216 174 196
46 8 0 216 86 0 279 168 96
47 8 0 279 86 0 342 168 96
48 8 0 216 86 96 279 168 192
49 8 0 279 86 96 342 168 192
50 1 0 216 86 192 332 147 220
51 7 0 218 168 0 292 231 59
52 7 0 292 168 0 366 231 59
53 7 0 366 168 0 440 231 59
54 7 0 218 168 59 292 231 118
55 7 0 292 168 59 366 231 118
56 7 0 366 168 59 440 231 118
57 7 0 218 168 118 292 231 177
58 7 0 292 168 118 366 231 177
59 7 0 366 168 118 440 231 177
60 0 0 517 0 182 584 44 208
61 0 0 517 44 182 584 88 208
62 4 0 216 168 177 302 228 220
63 1 0 302 168 177 418 229 205
64 9 0 342 80 0 439 160 91
65 9 0 342 80 91 439 160 182
66 1 0 342 88 182 458 149 210
67 7 0 440 149 0 514 212 59
68 2 0 440 149 59 555 228 90
69 2 0 440 149 90 555 228 121
70 2 0 440 149 121 555 228 152
71 2 0 440 149 152 555 228 183
72 2 0 440 149 183 555 228 214
73 6 0 458 80 0 515 147 90
74 6 0 458 80 90 515 147 180
75 6 0 515 88 0 582 145 90
76 6 0 515 88 90 582 145 180
