Utilizacion 92.219463 VolCajasEmpacado 93.474006 Duracion[s] 60.008000 Iteraciones 653
0 0 0 0 0 0 27 39 33
1 0 0 0 39 0 27 78 33
2 0 0 0 78 0 27 117 33
3 0 0 0 117 0 27 156 33
4 0 0 0 156 0 27 195 33
5 0 0 0 0 33 27 39 66
6 0 0 0 39 33 27 78 66
7 0 0 0 78 33 27 117 66
8 0 0 0 117 33 27 156 66
9 0 0 0 156 33 27 195 66
10 0 0 0 0 66 27 39 99
11 0 0 0 39 66 27 78 99
12 0 0 0 78 66 27 117 99
13 0 0 0 117 66 27 156 99
14 0 0 0 156 66 27 195 99
15 0 0 0 0 99 27 39 132
16 0 0 0 39 99 27 78 132
17 0 0 0 78 99 27 117 132
18 0 0 0 117 99 27 156 132
19 0 0 0 156 99 27 195 132
20 0 0 0 0 132 27 39 165
21 0 0 0 39 132 27 78 165
22 0 0 0 78 132 27 117 165
23 0 0 0 117 132 27 156 165
24 0 0 0 156 132 27 195 165
25 0 0 0 0 165 27 39 198
26 0 0 0 39 165 27 78 198
27 0 0 0 78 165 27 117 198
28 0 0 0 117 165 27 156 198
29 0 0 0 156 165 27 195 198
30 1 0 0 195 0 61 232 32
31 1 0 0 195 32 61 232 64
32 1 0 0 195 64 61 232 96
33 1 0 0 195 96 61 232 128
34 1 0 0 195 128 61 232 160
35 1 0 0 195 160 61 232 192
36 0 0 0 195 192 39 228 219
37 2 0 27 0 0 84 65 86
38 2 0 84 0 0 141 65 86
39 2 0 141 0 0 198 65 86
40 2 0 198 0 0 255 65 86
41 2 0 255 0 0 312 65 86
42 2 0 312 0 0 369 65 86
43 2 0 369 0 0 426 65 86
44 2 0 426 0 0 483 65 86
45 2 0 483 0 0 540 65 86
46 2 0 27 65 0 84 130 86
47 2 0 84 65 0 141 130 86
48 2 0 141 65 0 198 130 86
49 2 0 198 65 0 255 130 86
50 2 0 255 65 0 312 130 86
51 2 0 312 65 0 369 130 86
52 2 0 369 65 0 426 130 86
53 2 0 426 65 0 483 130 86
54 2 0 483 65 0 540 130 86
55 2 0 27 130 0 84 195 86
56 2 0 84 130 0 141 195 86
57 2 0 141 130 0 198 195 86
58 2 0 198 130 0 255 195 86
59 2 0 255 130 0 312 195 86
60 2 0 312 130 0 369 195 86
61 2 0 369 130 0 426 195 86
62 2 0 426 130 0 483 195 86
63 2 0 483 130 0 540 195 86
64 2 0 27 0 86 113 57 151
65 2 0 113 0 86 199 57 151
66 2 0 199 0 86 285 57 151
67 2 0 285 0 86 371 57 151
68 2 0 371 0 86 457 57 151
69 2 0 457 0 86 543 57 151
70 2 0 27 57 86 113 114 151
71 2 0 113 57 86 199 114 151
72 2 0 199 57 86 285 114 151
73 2 0 285 57 86 371 114 151
74 2 0 371 57 86 457 114 151
75 2 0 457 57 86 543 114 151
76 2 0 27 114 86 113 171 151
77 2 0 113 114 86 199 171 151
78 2 0 199 114 86 285 171 151
79 2 0 285 114 86 371 171 151
80 2 0 371 114 86 457 171 151
81 2 0 457 114 86 543 171 151
82 2 0 27 0 151 113 57 216
83 2 0 113 0 151 199 57 216
84 2 0 199 0 151 285 57 216
85 2 0 285 0 151 371 57 216
86 2 0 371 0 151 457 57 216
87 2 0 457 0 151 543 57 216
88 2 0 27 57 151 113 114 216
89 2 0 113 57 151 199 114 216
90 2 0 199 57 151 285 114 216
91 2 0 285 57 151 371 114 216
92 2 0 371 57 151 457 114 216
93 2 0 457 57 151 543 114 216
94 2 0 27 114 151 113 171 216
95 2 0 113 114 151 199 171 216
96 2 0 199 114 151 285 171 216
97 2 0 285 114 151 371 171 216
98 2 0 371 114 151 457 171 216
99 2 0 457 114 151 543 171 216
100 1 0 61 195 0 98 227 61
101 1 0 61 195 61 98 227 122
102 1 0 61 195 122 98 227 183
103 1 0 61 171 183 93 232 220
104 0 0 98 171 86 137 198 119
105 0 0 137 171 86 176 198 119
106 0 0 176 171 86 215 198 119
107 0 0 215 171 86 254 198 119
108 0 0 254 171 86 293 198 119
109 0 0 293 171 86 332 198 119
110 0 0 332 171 86 371 198 119
111 0 0 371 171 86 410 198 119
112 0 0 410 171 86 449 198 119
113 0 0 449 171 86 488 198 119
114 0 0 488 171 86 527 198 119
115 0 0 98 171 119 137 198 152
116 0 0 137 171 119 176 198 152
117 0 0 176 171 119 215 198 152
118 0 0 215 171 119 254 198 152
119 0 0 254 171 119 293 198 152
120 0 0 293 171 119 332 198 152
121 0 0 332 171 119 371 198 152
122 0 0 371 171 119 410 198 152
123 0 0 410 171 119 449 198 152
124 0 0 449 171 119 488 198 152
125 0 0 488 171 119 527 198 152
126 0 0 98 171 152 137 198 185
127 0 0 137 171 152 176 198 185
128 0 0 176 171 152 215 198 185
129 0 0 215 171 152 254 198 185
130 0 0 254 171 152 293 198 185
131 0 0 293 171 152 332 198 185
132 0 0 332 171 152 371 198 185
133 0 0 371 171 152 410 198 185
134 0 0 410 171 152 449 198 185
135 0 0 449 171 152 488 198 185
136 0 0 488 171 152 527 198 185
137 0 0 98 171 185 137 198 218
138 0 0 137 171 185 176 198 218
139 0 0 176 171 185 215 198 218
140 0 0 215 171 185 254 198 218
141 0 0 254 171 185 293 198 218
142 0 0 293 171 185 332 198 218
143 0 0 332 171 185 371 198 218
144 0 0 371 171 185 410 198 218
145 0 0 410 171 185 449 198 218
146 0 0 449 171 185 488 198 218
147 0 0 488 171 185 527 198 218
148 1 0 98 198 0 135 230 61
149 1 0 98 198 61 159 230 98
150 0 0 98 198 98 131 225 137
151 0 0 98 198 137 131 225 176
152 0 0 98 198 176 131 225 215
153 0 0 131 198 98 170 225 131
154 0 0 131 198 131 170 231 158
155 1 0 131 198 158 168 230 219
156 0 0 170 198 0 197 231 39
157 0 0 170 198 39 197 231 78
158 0 0 170 198 78 197 231 117
159 0 0 170 198 117 197 231 156
160 0 0 170 198 156 197 231 195
161 0 0 197 198 0 224 231 39
162 0 0 197 198 39 224 231 78
163 0 0 197 198 78 224 231 117
164 0 0 197 198 117 224 231 156
165 0 0 197 198 156 224 231 195
166 0 0 224 198 0 251 231 39
167 0 0 224 198 39 251 231 78
168 1 0 224 198 78 261 230 139
169 1 0 224 198 139 261 230 200
170 1 0 261 198 0 298 230 61
171 1 0 261 198 61 298 230 122
172 1 0 261 198 122 298 230 183
173 1 0 261 198 183 322 230 220
174 1 0 322 198 0 359 230 61
175 1 0 322 198 61 359 230 122
176 1 0 322 198 122 359 230 183
177 1 0 322 198 183 383 230 220
178 1 0 383 198 0 420 230 61
179 1 0 420 198 0 457 230 61
180 1 0 457 198 0 494 230 61
181 1 0 494 198 0 531 230 61
182 1 0 531 198 0 568 230 61
183 1 0 383 198 61 420 230 122
184 1 0 420 198 61 457 230 122
185 1 0 457 198 61 494 230 122
186 1 0 494 198 61 531 230 122
187 1 0 531 198 61 568 230 122
188 1 0 383 198 122 420 230 183
189 1 0 420 198 122 457 230 183
190 1 0 457 198 122 494 230 183
191 1 0 494 198 122 531 230 183
192 1 0 531 198 122 568 230 183
193 1 0 383 198 183 444 230 220
194 1 0 444 198 183 505 230 220
195 1 0 505 198 183 566 230 220
196 1 0 543 0 0 580 32 61
197 1 0 543 32 0 580 64 61
198 1 0 543 64 0 580 96 61
199 1 0 543 96 0 580 128 61
200 1 0 543 128 0 580 160 61
201 1 0 543 160 0 580 192 61
202 1 0 543 0 61 580 32 122
203 1 0 543 32 61 580 64 122
204 1 0 543 64 61 580 96 122
205 1 0 543 96 61 580 128 122
206 1 0 543 128 61 580 160 122
207 1 0 543 160 61 580 192 122
208 1 0 543 0 122 580 32 183
209 1 0 543 32 122 580 64 183
210 1 0 543 64 122 580 96 183
211 1 0 543 96 122 580 128 183
212 1 0 543 128 122 580 160 183
213 1 0 543 160 122 580 192 183
214 1 0 543 0 183 580 61 215
215 1 0 543 61 183 580 122 215
216 1 0 543 122 183 580 183 215
