Utilizacion 65.386728 VolCajasEmpacado 66.333457 Duracion[s] 60.002000 Iteraciones 4832
0 1 0 0 0 0 61 69 86
1 0 0 0 69 0 76 140 61
2 4 1 0 0 86 52 41 140
3 3 1 0 0 140 95 70 170
4 3 1 0 0 170 95 70 200
5 2 1 0 70 61 24 115 98
6 6 2 0 70 98 41 159 159
7 5 2 0 159 0 117 213 30
8 8 3 0 159 30 60 226 55
9 9 3 0 159 55 117 213 85
10 7 3 0 70 159 24 115 196
11 10 4 0 115 159 41 169 211
12 11 4 0 169 85 89 230 126
13 10 4 0 169 126 52 210 180
14 12 5 0 70 196 37 115 220
15 13 5 0 169 180 55 220 215
16 17 6 41 70 61 65 115 98
17 16 6 76 70 0 174 151 26
18 14 6 76 70 26 171 144 68
19 15 6 41 115 68 158 145 122
20 19 7 65 70 68 139 102 128
21 20 7 41 70 128 160 121 216
22 19 7 41 121 122 115 153 182
23 18 7 55 121 182 122 181 207
24 21 8 95 0 0 184 41 61
25 22 9 95 0 61 195 50 104
26 23 10 95 0 104 190 70 134
27 24 11 55 181 126 100 205 163
28 25 11 95 0 134 212 30 188
29 25 11 95 30 134 212 60 188
30 26 11 117 181 0 236 232 88
31 28 12 95 0 188 190 70 218
32 27 12 122 145 88 220 226 114
33 29 13 55 181 163 106 216 218
34 30 13 106 181 114 225 232 202
35 33 14 122 145 114 196 177 174
36 34 14 122 121 174 174 175 215
37 31 14 174 70 0 260 131 69
38 35 14 160 70 69 255 112 143
39 35 14 160 70 143 255 112 217
40 32 14 212 0 0 283 61 76
41 32 14 212 0 76 283 61 152
42 36 15 212 0 152 301 41 213
43 37 15 220 131 0 315 173 74
44 38 15 220 112 74 339 163 162
45 39 16 196 112 162 263 172 187
46 41 16 283 41 0 369 110 61
47 40 16 301 0 61 382 98 87
48 43 17 236 173 0 336 223 43
49 42 17 255 61 87 350 103 161
50 44 18 236 173 43 325 214 104
51 45 19 174 112 187 241 172 212
52 46 19 225 172 104 296 233 180
53 53 20 225 172 180 249 217 217
54 52 20 249 172 180 316 232 205
55 49 20 255 41 161 355 91 204
56 51 20 263 91 162 298 142 217
57 48 20 263 142 162 359 166 202
58 48 20 301 0 87 397 24 127
59 50 20 301 0 127 390 41 188
60 47 20 336 166 0 412 227 71
61 55 21 298 91 162 353 142 197
62 54 21 355 0 188 415 74 220
63 57 21 325 166 71 411 227 140
64 56 21 316 166 140 416 209 190
65 58 22 316 166 190 412 206 214
66 59 22 359 110 0 454 152 74
67 63 23 353 98 74 448 140 148
68 61 23 355 74 148 441 135 217
69 60 23 415 0 0 491 71 61
70 62 23 415 0 61 510 70 91
71 64 24 415 0 91 475 74 123
72 65 24 416 152 0 514 233 26
73 66 25 316 209 140 361 233 177
74 67 25 359 140 74 455 164 114
75 69 25 415 0 123 475 74 155
76 68 25 415 0 155 482 60 180
77 73 26 359 140 114 455 164 154
78 72 26 415 0 180 475 74 212
79 70 26 416 164 26 451 219 77
80 71 26 451 164 26 570 215 114
81 74 27 316 209 177 361 233 214
82 75 27 416 135 154 467 170 209
83 76 28 416 170 114 516 220 157
84 78 28 454 74 0 523 135 86
85 78 28 454 74 86 523 135 172
86 77 28 523 0 0 574 119 88
87 79 29 416 170 157 483 230 182
88 81 29 516 135 114 585 196 200
89 80 29 510 0 88 586 71 149
90 82 30 441 74 172 537 98 212
91 83 31 416 196 182 461 220 219
92 85 31 482 0 149 568 69 210
