Utilizacion 88.463862 VolCajasEmpacado 89.705662 Duracion[s] 60.005000 Iteraciones 4212
0 2 0 0 0 0 39 92 68
1 2 0 39 0 0 78 92 68
2 2 0 78 0 0 117 92 68
3 2 0 117 0 0 156 92 68
4 2 0 156 0 0 195 92 68
5 2 0 195 0 0 234 92 68
6 2 0 234 0 0 273 92 68
7 2 0 273 0 0 312 92 68
8 2 0 312 0 0 351 92 68
9 2 0 351 0 0 390 92 68
10 2 0 390 0 0 429 92 68
11 2 0 429 0 0 468 92 68
12 2 0 468 0 0 507 92 68
13 2 0 507 0 0 546 92 68
14 2 0 546 0 0 585 92 68
15 2 0 0 92 0 39 184 68
16 2 0 39 92 0 78 184 68
17 2 0 78 92 0 117 184 68
18 2 0 117 92 0 156 184 68
19 2 0 156 92 0 195 184 68
20 2 0 195 92 0 234 184 68
21 2 0 234 92 0 273 184 68
22 2 0 273 92 0 312 184 68
23 2 0 312 92 0 351 184 68
24 2 0 351 92 0 390 184 68
25 2 0 390 92 0 429 184 68
26 2 0 429 92 0 468 184 68
27 2 0 468 92 0 507 184 68
28 2 0 507 92 0 546 184 68
29 2 0 546 92 0 585 184 68
30 1 0 0 0 68 86 90 97
31 1 0 0 90 68 86 180 97
32 1 0 0 0 97 86 90 126
33 1 0 0 90 97 86 180 126
34 1 0 0 0 126 86 90 155
35 1 0 0 90 126 86 180 155
36 1 0 0 0 155 86 90 184
37 1 0 0 90 155 86 180 184
38 1 0 0 0 184 86 90 213
39 1 0 0 90 184 86 180 213
40 2 0 0 184 0 92 223 68
41 2 0 0 184 68 92 223 136
42 2 0 0 184 136 92 223 204
43 1 0 86 0 68 172 90 97
44 1 0 172 0 68 258 90 97
45 1 0 258 0 68 344 90 97
46 1 0 86 90 68 172 180 97
47 1 0 172 90 68 258 180 97
48 1 0 258 90 68 344 180 97
49 1 0 86 0 97 172 90 126
50 1 0 172 0 97 258 90 126
51 1 0 258 0 97 344 90 126
52 1 0 86 90 97 172 180 126
53 1 0 172 90 97 258 180 126
54 1 0 258 90 97 344 180 126
55 1 0 86 0 126 172 90 155
56 1 0 172 0 126 258 90 155
57 1 0 258 0 126 344 90 155
58 1 0 86 90 126 172 180 155
59 1 0 172 90 126 258 180 155
60 1 0 258 90 126 344 180 155
61 1 0 86 0 155 172 90 184
62 1 0 172 0 155 258 90 184
63 1 0 258 0 155 344 90 184
64 1 0 86 90 155 172 180 184
65 1 0 172 90 155 258 180 184
66 1 0 258 90 155 344 180 184
67 1 0 86 0 184 172 90 213
68 1 0 172 0 184 258 90 213
69 1 0 258 0 184 344 90 213
70 1 0 86 90 184 172 180 213
71 1 0 172 90 184 258 180 213
72 1 0 258 90 184 344 180 213
73 0 0 92 184 0 148 216 28
74 0 0 92 184 28 148 212 60
75 0 0 92 184 60 148 212 92
76 0 0 92 184 92 148 212 124
77 0 0 92 184 124 148 212 156
78 0 0 92 184 156 148 212 188
79 0 0 92 184 188 148 212 220
80 2 0 344 0 68 412 92 107
81 2 0 412 0 68 480 92 107
82 2 0 480 0 68 548 92 107
83 2 0 344 92 68 412 184 107
84 2 0 412 92 68 480 184 107
85 2 0 480 92 68 548 184 107
86 2 0 344 0 107 412 92 146
87 2 0 412 0 107 480 92 146
88 2 0 480 0 107 548 92 146
89 2 0 344 92 107 412 184 146
90 2 0 412 92 107 480 184 146
91 2 0 480 92 107 548 184 146
92 2 0 344 0 146 412 92 185
93 2 0 412 0 146 480 92 185
94 2 0 480 0 146 548 92 185
95 2 0 344 92 146 412 184 185
96 2 0 412 92 146 480 184 185
97 2 0 480 92 146 548 184 185
98 2 0 148 184 0 240 223 68
99 2 0 148 184 68 240 223 136
100 2 0 148 184 136 240 223 204
101 0 0 344 0 185 400 28 217
102 0 0 240 184 0 296 212 32
103 0 0 344 28 185 400 60 213
104 0 0 344 60 185 400 92 213
105 0 0 344 92 185 400 124 213
106 0 0 344 124 185 400 156 213
107 0 0 240 184 32 296 212 64
108 0 0 240 184 64 296 212 96
109 0 0 240 180 96 296 208 128
110 0 0 344 156 185 400 188 213
111 0 0 240 180 128 296 208 160
112 0 0 240 180 160 296 208 192
113 0 0 240 180 192 296 212 220
114 0 0 400 0 185 432 56 213
115 0 0 296 188 0 352 216 32
116 0 0 296 188 32 352 216 64
117 0 0 400 56 185 456 88 213
118 0 0 296 188 64 352 216 96
119 0 0 400 88 185 456 120 213
120 0 0 296 188 96 352 216 128
121 0 0 296 188 128 352 216 160
122 0 0 400 120 185 456 152 213
123 0 0 296 188 160 352 216 192
124 0 0 296 188 192 352 220 220
125 0 0 352 188 0 408 216 32
126 0 0 352 188 32 408 216 64
127 0 0 352 188 64 408 216 96
128 0 0 352 188 96 408 216 128
129 0 0 352 188 128 408 216 160
130 0 0 352 188 160 408 216 192
131 0 0 352 188 192 408 220 220
132 0 0 400 152 185 456 184 213
133 0 0 408 184 0 464 212 32
134 0 0 408 184 32 464 212 64
135 0 0 408 184 64 464 212 96
136 0 0 408 184 96 464 212 128
137 0 0 408 184 128 464 212 160
138 0 0 408 184 160 464 212 192
139 0 0 408 184 192 464 216 220
140 1 0 456 0 185 542 90 214
141 1 0 456 90 185 546 176 214
142 2 0 464 184 0 556 223 68
143 2 0 464 184 68 556 223 136
144 2 0 464 184 136 556 223 204
145 2 0 548 0 68 587 92 136
146 2 0 548 0 136 587 92 204
147 2 0 548 92 68 587 184 136
148 2 0 548 92 136 587 184 204
