Utilizacion 67.757782 VolCajasEmpacado 69.538000 Duracion[s] 60.010000 Iteraciones 6571
0 0 0 0 0 0 33 65 56
1 2 1 0 0 56 46 105 137
2 2 1 0 0 137 46 105 218
3 1 1 0 105 0 44 165 21
4 3 1 0 105 21 32 184 54
5 4 1 0 184 0 80 217 53
6 6 2 0 105 54 46 210 135
7 5 2 0 105 135 69 170 220
8 7 3 46 0 0 155 25 36
9 7 3 46 0 36 155 25 72
10 9 4 0 170 135 27 224 167
11 8 4 46 0 72 155 25 108
12 10 4 46 25 0 161 89 94
13 10 4 46 25 94 140 89 209
14 11 5 0 170 167 27 224 199
15 12 5 69 89 0 148 121 33
16 13 5 80 121 0 161 216 37
17 14 6 69 89 37 151 179 72
18 14 6 69 89 72 151 179 107
19 18 7 0 170 199 44 230 220
20 16 7 46 179 53 112 224 99
21 15 7 46 179 99 78 233 126
22 17 7 69 89 107 159 171 142
23 20 8 69 89 142 174 170 188
24 19 8 69 89 188 141 140 211
25 21 9 46 171 126 73 225 158
26 22 9 69 140 188 148 173 220
27 23 9 161 0 0 256 81 37
28 24 10 112 179 37 192 232 70
29 25 10 161 0 37 251 82 72
30 27 11 78 179 99 134 212 164
31 26 11 134 179 70 239 225 151
32 30 12 161 0 72 276 81 133
33 29 12 140 0 133 245 81 179
34 28 12 140 0 179 235 81 216
35 31 12 174 82 0 289 176 64
36 32 13 44 173 164 124 206 217
37 33 13 134 173 151 167 229 216
38 35 13 174 82 64 289 143 145
39 34 13 174 81 145 279 162 191
40 36 14 141 81 191 250 117 216
41 38 14 167 170 151 256 220 213
42 37 14 256 176 0 361 222 81
43 39 15 148 117 191 202 149 218
44 40 16 202 117 191 274 168 214
45 41 16 245 0 133 277 79 166
46 41 16 245 0 166 277 79 199
47 40 16 256 168 81 328 219 104
48 42 16 279 143 104 361 233 139
49 43 16 279 143 139 374 224 176
50 45 17 277 0 0 382 81 46
51 44 17 277 0 46 322 66 92
52 47 17 277 0 92 342 69 177
53 46 17 342 0 46 406 94 161
54 48 18 289 94 0 355 140 45
55 49 19 256 168 176 328 219 199
56 50 20 342 0 161 431 62 211
57 51 21 289 94 45 394 140 126
58 52 21 374 140 0 435 221 115
59 52 21 435 140 0 496 221 115
60 55 22 289 94 126 394 140 207
61 53 22 328 140 176 407 173 208
62 54 22 431 0 0 512 95 37
63 56 23 328 173 176 393 229 209
64 57 23 393 173 115 498 219 196
65 60 24 394 95 0 460 140 46
66 58 24 394 94 46 450 127 111
67 59 24 431 0 37 526 81 74
68 61 25 393 173 196 437 233 217
69 62 25 431 0 74 492 81 189
70 63 26 394 94 111 499 140 192
71 65 26 394 62 192 445 134 215
72 64 26 499 95 0 580 190 37
73 66 27 498 140 37 580 230 72
74 67 27 499 0 74 545 105 155
75 67 27 499 105 72 580 210 118
76 67 27 499 0 155 580 105 201
77 69 28 498 140 118 567 225 183
