Utilizacion 79.556827 VolCajasEmpacado 80.876138 Duracion[s] 60.008000 Iteraciones 1572
0 7 0 0 0 0 114 52 45
1 7 0 0 52 0 114 104 45
2 7 0 0 104 0 114 156 45
3 9 0 0 0 45 42 36 88
4 9 0 0 0 88 42 36 131
5 9 0 0 0 131 42 36 174
6 9 0 0 0 174 42 36 217
7 3 0 0 36 45 90 146 111
8 3 0 0 36 111 90 146 177
9 10 0 0 36 177 52 127 210
10 10 0 52 36 177 104 127 210
11 9 0 0 127 177 42 163 220
12 10 0 0 163 0 91 196 52
13 10 0 0 196 0 91 229 52
14 3 0 0 163 52 90 229 162
15 1 0 0 163 162 85 225 187
16 0 0 0 163 187 96 223 217
17 9 0 42 127 177 85 163 219
18 11 0 42 0 45 123 31 86
19 11 0 42 0 86 123 31 127
20 11 0 42 0 127 123 31 168
21 11 0 42 0 168 123 31 209
22 8 0 96 156 0 204 193 67
23 8 0 96 193 0 204 230 67
24 8 0 96 156 67 204 193 134
25 8 0 96 193 67 204 230 134
26 8 0 96 156 134 204 193 201
27 8 0 96 193 134 204 230 201
28 6 0 114 31 0 193 144 45
29 6 0 193 31 0 272 144 45
30 6 0 272 31 0 351 144 45
31 6 0 351 31 0 430 144 45
32 6 0 430 31 0 509 144 45
33 2 0 123 0 45 200 93 123
34 2 0 123 0 123 200 93 201
35 4 0 104 93 45 191 156 126
36 4 0 104 93 126 191 156 207
37 1 0 191 93 45 276 155 70
38 6 0 191 93 70 304 138 149
39 0 0 191 93 149 287 153 179
40 11 0 191 93 179 272 134 210
41 11 0 204 134 179 285 165 220
42 6 0 200 0 45 313 79 90
43 6 0 200 0 90 313 79 135
44 5 0 200 0 135 318 57 217
45 5 0 304 79 45 422 136 127
46 5 0 422 79 45 540 136 127
47 5 0 304 79 127 422 136 209
48 5 0 422 79 127 540 136 209
49 1 0 318 0 45 403 62 70
50 0 0 318 0 70 414 60 100
51 0 0 204 165 0 300 225 30
52 14 1 204 165 30 291 228 111
53 14 1 204 165 111 291 228 192
54 23 1 204 165 192 289 227 217
55 21 1 300 144 0 381 185 31
56 21 1 300 185 0 381 226 31
57 23 1 291 144 31 353 229 56
58 12 1 318 0 100 396 77 193
59 15 1 291 138 56 409 195 138
60 15 1 291 138 138 409 195 220
61 23 1 318 0 193 403 62 218
62 19 1 291 195 56 334 231 98
63 19 1 291 195 98 334 231 140
64 19 1 291 195 140 334 231 182
65 16 1 414 0 45 527 79 90
66 16 1 414 0 90 527 79 135
67 16 1 414 0 135 527 79 180
68 19 1 353 195 31 396 231 73
69 19 1 353 195 73 396 231 115
70 18 1 334 195 115 442 232 182
71 22 1 403 0 180 499 60 210
72 17 1 409 144 0 523 189 52
73 17 1 409 144 52 523 189 104
74 17 1 409 144 104 523 189 156
75 17 1 409 144 156 523 189 208
76 20 1 442 189 0 533 222 52
77 20 1 442 189 52 533 222 104
78 20 1 442 189 104 533 222 156
79 16 1 540 0 0 585 113 79
80 16 1 540 113 0 585 226 79
81 16 1 540 0 79 585 113 158
82 16 1 540 113 79 585 226 158
83 22 1 523 136 158 583 232 188
84 22 1 523 136 188 583 232 218
85 17 1 540 0 158 585 114 210
