Utilizacion 76.644737 VolCajasEmpacado 77.362450 Duracion[s] 60.017000 Iteraciones 2039
0 2 0 0 0 0 30 57 37
1 2 0 0 57 0 30 114 37
2 2 0 0 114 0 30 171 37
3 2 0 0 171 0 30 228 37
4 2 0 0 0 37 30 57 74
5 2 0 0 57 37 30 114 74
6 2 0 0 114 37 30 171 74
7 2 0 0 171 37 30 228 74
8 1 0 0 0 74 57 58 149
9 1 0 0 58 74 57 116 149
10 1 0 0 116 74 57 174 149
11 1 0 0 174 74 57 232 149
12 1 0 0 0 149 57 75 207
13 1 0 0 75 149 57 150 207
14 1 0 0 150 149 57 225 207
15 0 0 57 0 0 136 74 35
16 0 0 57 74 0 136 148 35
17 0 0 57 148 0 136 222 35
18 0 0 57 0 35 131 79 70
19 0 0 57 79 35 131 158 70
20 4 1 57 0 70 115 75 127
21 4 1 57 75 70 115 150 127
22 4 1 57 0 127 115 75 184
23 4 1 57 75 127 115 150 184
24 3 1 57 0 184 94 57 214
25 3 1 57 57 184 94 114 214
26 3 1 57 114 184 94 171 214
27 4 1 57 171 35 132 229 92
28 3 1 57 171 92 87 228 129
29 5 2 57 171 129 87 228 166
30 5 2 94 0 184 131 57 214
31 5 2 94 57 184 131 114 214
32 7 2 87 171 92 162 229 149
33 7 2 87 171 149 162 229 206
34 7 2 136 0 0 211 57 58
35 7 2 136 57 0 211 114 58
36 7 2 136 114 0 211 171 58
37 6 2 131 0 58 205 79 93
38 6 2 131 79 58 205 158 93
39 7 2 115 114 93 190 171 151
40 7 2 115 114 151 190 171 209
41 6 2 131 0 93 210 74 128
42 6 2 131 0 128 210 74 163
43 6 2 131 0 163 210 74 198
44 6 2 211 0 0 285 79 35
45 6 2 211 0 35 285 79 70
46 8 3 131 74 93 168 104 150
47 8 3 131 74 150 168 104 207
48 8 3 168 74 93 225 111 123
49 8 3 168 74 123 225 111 153
50 8 3 168 74 153 225 111 183
51 8 3 168 74 183 225 111 213
52 10 3 162 171 0 219 229 75
53 10 3 219 171 0 276 229 75
54 10 3 276 171 0 333 229 75
55 10 3 333 171 0 390 229 75
56 10 3 390 171 0 447 229 75
57 10 3 447 171 0 504 229 75
58 10 3 162 171 75 219 229 150
59 10 3 219 171 75 276 229 150
60 10 3 276 171 75 333 229 150
61 10 3 333 171 75 390 229 150
62 10 3 390 171 75 447 229 150
63 10 3 447 171 75 504 229 150
64 8 3 162 171 150 192 228 187
65 9 3 210 0 70 289 74 105
66 9 3 210 0 105 289 74 140
67 9 3 210 0 140 289 74 175
68 9 3 210 0 175 289 74 210
69 9 3 225 79 0 304 153 35
70 11 4 162 171 187 199 228 217
71 11 4 190 111 93 220 168 130
72 11 4 190 111 130 220 168 167
73 11 4 190 111 167 220 168 204
74 13 4 199 168 150 274 225 208
75 13 4 274 168 150 349 225 208
76 13 4 349 168 150 424 225 208
77 13 4 424 168 150 499 225 208
78 11 4 220 111 35 257 168 65
79 11 4 220 111 65 257 168 95
80 11 4 220 111 95 257 168 125
81 11 4 220 111 125 257 168 155
82 11 4 220 111 155 257 168 185
83 11 4 220 111 185 257 168 215
84 13 4 257 79 35 315 154 92
85 13 4 257 74 92 332 131 150
86 13 4 257 74 150 332 131 208
87 12 4 289 0 0 368 74 35
88 12 4 289 0 35 368 74 70
89 12 4 289 0 70 368 74 105
90 12 4 289 0 105 368 74 140
91 12 4 289 0 140 368 74 175
92 13 4 332 74 0 389 149 58
93 14 5 257 131 92 287 168 149
94 14 5 287 131 92 317 168 149
95 14 5 257 131 149 287 168 206
96 14 5 287 131 149 317 168 206
97 14 5 289 0 175 326 57 205
98 14 5 317 131 58 354 161 115
99 14 5 354 131 58 391 161 115
100 16 5 326 0 175 405 74 210
101 15 5 332 74 58 407 131 116
102 15 5 332 74 116 407 131 174
103 16 5 332 74 174 406 153 209
104 16 5 405 0 0 484 74 35
105 15 5 405 0 35 462 58 110
106 15 5 405 0 110 462 58 185
107 17 6 405 0 185 442 57 215
108 17 6 406 131 0 463 161 37
109 17 6 463 131 0 520 161 37
110 17 6 520 131 0 577 161 37
111 17 6 406 131 37 463 161 74
112 17 6 463 131 37 520 161 74
113 17 6 520 131 37 577 161 74
114 19 6 407 74 0 482 131 58
115 19 6 407 74 58 482 131 116
116 19 6 407 74 116 482 131 174
117 19 6 482 74 0 557 131 58
118 18 6 484 0 0 563 74 35
119 18 6 484 0 35 563 74 70
120 18 6 484 0 70 563 74 105
121 18 6 484 0 105 563 74 140
122 18 6 484 0 140 563 74 175
123 19 6 482 74 58 557 131 116
124 19 6 482 74 116 557 131 174
125 20 7 406 74 174 463 104 211
126 20 7 406 104 174 463 134 211
127 20 7 406 134 74 443 164 131
128 20 7 406 134 131 443 164 188
129 20 7 442 0 185 479 57 215
130 20 7 443 134 74 500 164 111
131 20 7 500 134 74 557 164 111
132 20 7 443 134 111 500 164 148
133 21 7 463 74 174 537 153 209
134 21 7 479 0 175 558 74 210
135 22 7 504 164 0 579 222 57
136 22 7 504 164 57 579 222 114
137 22 7 504 164 114 579 222 171
138 21 7 499 153 171 573 232 206
