Utilizacion 72.452753 VolCajasEmpacado 73.203289 Duracion[s] 60.004000 Iteraciones 4761
0 4 0 0 0 0 119 37 63
1 4 0 0 37 0 119 74 63
2 4 0 0 74 0 119 111 63
3 4 0 0 111 0 119 148 63
4 4 0 0 148 0 119 185 63
5 2 0 0 0 63 81 66 141
6 2 0 0 0 141 81 66 219
7 3 0 0 185 0 72 215 50
8 2 0 0 66 63 81 144 129
9 2 0 0 66 129 81 144 195
10 2 0 0 144 63 66 225 141
11 2 0 0 144 141 66 225 219
12 1 0 0 66 195 111 115 216
13 0 0 119 0 0 213 100 28
14 0 0 119 100 0 213 200 28
15 9 1 66 144 63 132 225 141
16 9 1 66 144 141 132 225 219
17 7 1 81 0 63 153 50 93
18 7 1 81 0 93 153 50 123
19 8 1 81 0 123 200 63 160
20 5 1 81 0 160 192 49 181
21 8 1 81 0 181 200 63 218
22 8 1 119 63 28 238 100 91
23 8 1 119 100 28 238 137 91
24 6 1 132 63 91 226 163 119
25 6 1 132 63 119 226 163 147
26 6 1 132 63 147 226 163 175
27 6 1 132 63 175 226 163 203
28 11 2 132 163 28 213 229 106
29 11 2 132 163 106 213 229 184
30 10 2 132 163 184 204 213 214
31 12 2 213 0 0 332 37 63
32 12 2 332 0 0 451 37 63
33 12 2 451 0 0 570 37 63
34 10 2 200 0 63 272 30 113
35 10 2 200 0 113 272 30 163
36 10 2 200 0 163 272 30 213
37 14 2 213 163 0 324 212 21
38 13 2 226 137 21 326 231 49
39 13 2 226 137 49 326 231 77
40 13 2 226 137 77 326 231 105
41 19 3 213 163 105 294 229 183
42 18 3 213 163 183 332 226 220
43 16 3 238 37 0 338 131 28
44 16 3 238 37 28 338 131 56
45 16 3 238 37 56 338 131 84
46 16 3 238 37 84 338 131 112
47 16 3 238 37 112 338 131 140
48 17 3 226 131 105 298 161 155
49 15 3 226 30 140 337 79 161
50 15 3 226 79 140 337 128 161
51 18 3 226 30 161 345 93 198
52 18 3 226 93 161 345 156 198
53 18 3 332 156 0 451 193 63
54 18 3 332 193 0 451 230 63
55 19 3 332 156 63 413 222 141
56 19 3 332 156 141 413 222 219
57 19 3 345 0 63 426 66 141
58 19 3 345 0 141 426 66 219
59 19 3 345 66 0 423 147 66
60 21 4 226 66 198 337 115 219
61 20 4 345 66 66 423 147 132
62 22 4 345 66 132 464 103 195
63 21 4 345 66 195 456 115 216
64 21 4 423 115 63 472 226 84
65 25 5 345 115 132 464 152 195
66 24 5 413 152 84 443 224 134
67 24 5 413 152 134 443 224 184
68 25 5 426 0 63 545 37 126
69 25 5 426 0 126 545 37 189
70 26 5 464 37 0 545 115 66
71 23 5 472 115 0 572 209 28
72 29 6 413 152 184 463 224 214
73 29 6 426 0 189 498 50 219
74 30 6 464 50 66 583 87 129
75 27 6 464 50 129 575 99 150
76 29 6 498 0 189 570 50 219
77 27 6 464 50 150 575 99 171
78 27 6 464 50 171 575 99 192
79 27 6 464 50 192 575 99 213
80 28 6 472 115 28 566 215 56
81 28 6 472 115 56 566 215 84
82 28 6 472 115 84 566 215 112
83 28 6 472 115 112 566 215 140
84 31 6 463 152 140 541 233 206
