Utilizacion 71.969762 VolCajasEmpacado 72.962806 Duracion[s] 60.007000 Iteraciones 6185
0 1 0 0 0 0 54 114 20
1 0 0 0 0 20 43 114 46
2 2 0 0 0 46 50 92 133
3 4 1 0 114 0 87 206 50
4 4 1 87 114 0 174 206 50
5 4 1 174 114 0 261 206 50
6 3 1 0 206 0 114 232 43
7 6 2 0 0 133 50 92 220
8 5 2 0 206 43 114 232 86
9 5 2 0 206 86 114 232 129
10 5 2 0 206 129 114 232 172
11 8 3 0 92 50 26 206 93
12 8 3 0 92 93 26 206 136
13 7 3 26 92 50 140 146 70
14 9 4 26 92 70 140 146 90
15 9 4 26 92 90 140 146 110
16 10 5 26 92 110 140 146 130
17 11 6 26 92 130 140 146 150
18 12 7 0 92 150 114 118 193
19 13 8 0 118 150 114 144 193
20 13 8 0 92 193 114 135 219
21 14 8 26 146 50 113 196 142
22 14 8 54 0 0 141 50 92
23 15 9 0 146 142 114 200 162
24 16 9 50 0 92 100 92 179
25 17 10 0 144 162 114 198 182
26 18 10 0 198 172 114 224 215
27 19 10 100 0 92 150 92 179
28 20 11 0 144 182 114 187 208
29 21 11 114 146 50 201 196 142
30 24 12 114 0 179 157 114 205
31 22 12 114 146 142 206 233 192
32 24 12 114 114 192 157 228 218
33 23 12 157 0 0 211 114 20
34 26 13 157 0 20 244 92 70
35 25 13 157 0 70 211 114 90
36 28 14 157 0 90 200 114 116
37 27 14 157 0 116 211 114 136
38 29 15 157 0 136 200 114 162
39 29 15 157 0 162 200 114 188
40 30 15 206 114 50 293 206 100
41 31 16 157 114 100 271 140 143
42 31 16 157 114 143 271 140 186
43 32 16 206 140 100 298 227 150
44 33 17 157 0 188 200 114 214
45 34 17 206 140 150 298 227 200
46 35 18 211 0 70 254 114 96
47 36 19 157 114 200 271 168 220
48 37 19 211 0 96 237 114 139
49 38 19 254 0 0 346 87 50
50 39 20 200 0 139 243 114 165
51 40 21 157 168 200 271 222 220
52 41 21 200 0 165 243 114 191
53 41 21 200 0 191 243 114 217
54 42 21 254 0 50 346 87 100
55 43 22 243 0 100 335 50 187
56 43 22 243 50 100 335 100 187
57 43 22 298 100 0 390 150 87
58 43 22 298 150 0 390 200 87
59 45 23 243 0 187 357 43 213
60 45 23 243 43 187 357 86 213
61 44 23 271 86 200 325 200 220
62 45 23 298 200 0 412 226 43
63 47 24 325 100 87 368 214 113
64 47 24 325 100 113 368 214 139
65 47 24 325 100 139 368 214 165
66 46 24 325 100 165 379 214 185
67 48 25 325 100 185 368 214 211
68 49 25 357 0 0 444 92 50
69 49 25 357 0 50 444 92 100
70 49 25 357 0 100 444 92 150
71 50 26 357 0 150 444 92 200
72 52 27 390 92 0 440 179 92
73 51 27 379 92 92 422 206 118
74 51 27 379 92 118 422 206 144
75 53 28 379 92 144 422 206 170
76 54 28 422 179 0 509 229 92
77 55 29 379 206 92 493 232 135
78 56 29 422 92 92 472 184 179
79 57 30 357 0 200 471 54 220
80 58 30 379 92 179 493 135 205
81 59 31 379 135 179 493 189 199
82 60 31 471 0 0 521 87 92
83 60 31 521 0 0 571 87 92
84 60 31 471 0 92 521 87 184
85 60 31 521 0 92 571 87 184
86 61 32 368 135 199 482 189 219
87 61 32 471 0 184 585 54 204
88 63 33 379 206 135 493 232 178
89 62 33 509 87 0 563 201 20
90 62 33 509 87 20 563 201 40
91 64 34 379 189 178 493 232 204
92 65 34 493 87 40 580 179 90
93 66 35 509 87 90 563 201 110
94 66 35 509 87 110 563 201 130
95 68 36 493 87 130 580 179 180
96 67 36 493 87 180 547 201 200
97 70 37 493 54 200 547 168 220
