Utilizacion 72.611984 VolCajasEmpacado 74.317067 Duracion[s] 60.004000 Iteraciones 5110
0 8 0 0 0 0 76 73 109
1 8 0 0 0 109 76 73 218
2 5 0 0 73 0 108 151 54
3 5 0 108 73 0 216 151 54
4 4 0 0 73 54 49 146 126
5 7 0 0 151 0 96 216 58
6 1 0 0 73 126 37 131 152
7 3 0 0 146 58 58 232 94
8 6 0 0 73 152 58 177 209
9 2 0 0 177 94 95 211 155
10 9 0 58 73 54 129 142 76
11 0 0 58 73 76 175 162 99
12 10 1 0 177 155 58 214 181
13 10 1 0 177 181 58 214 207
14 12 1 58 73 99 116 177 156
15 15 1 58 73 156 92 168 217
16 11 1 76 0 0 152 73 109
17 11 1 152 0 0 228 73 109
18 11 1 228 0 0 304 73 109
19 14 1 76 0 109 182 49 182
20 13 1 96 177 0 204 231 78
21 13 1 204 177 0 312 231 78
22 16 2 58 177 155 116 214 181
23 16 2 58 177 181 116 214 207
24 16 2 76 0 182 134 37 208
25 23 2 134 0 182 192 86 218
26 22 2 116 86 99 165 159 171
27 21 2 92 86 171 198 159 220
28 19 2 116 162 78 172 229 176
29 20 2 192 0 109 300 78 163
30 18 2 192 0 163 296 58 220
31 17 2 172 162 78 230 227 174
32 24 2 230 78 0 347 167 23
33 25 3 116 159 176 202 217 212
34 29 3 216 78 23 325 154 96
35 29 3 216 78 96 325 154 169
36 26 3 198 58 169 304 131 218
37 27 3 230 154 78 328 221 134
38 28 3 230 154 134 334 211 192
39 36 4 202 131 192 319 220 215
40 31 4 304 0 0 413 73 76
41 33 4 304 0 76 377 49 148
42 37 4 300 0 148 386 58 184
43 35 4 296 0 184 333 58 210
44 35 4 304 58 169 341 116 195
45 34 4 341 0 184 402 95 218
46 34 4 334 167 0 429 228 34
47 36 4 334 116 34 423 233 57
48 30 4 334 116 57 438 174 114
49 32 4 334 116 114 432 172 181
50 45 5 334 116 181 405 185 203
51 42 5 334 185 57 420 221 115
52 43 5 334 185 115 429 219 176
53 38 5 413 0 0 470 58 104
54 38 5 413 58 0 470 116 104
55 39 5 402 0 104 467 96 162
56 39 5 402 0 162 467 96 220
57 39 5 429 174 0 525 232 65
58 40 5 429 174 65 496 230 163
59 41 5 438 116 0 546 170 78
60 44 5 470 0 0 587 89 23
61 44 5 470 0 23 587 89 46
62 45 5 470 0 46 539 71 68
63 46 6 334 185 176 392 222 202
64 47 6 429 172 163 515 230 199
65 48 6 438 116 78 510 165 151
66 49 6 432 96 151 538 169 200
67 50 6 470 0 68 528 96 133
68 51 6 467 0 133 576 76 206
69 52 7 546 89 0 580 184 61
70 55 7 546 76 61 582 162 119
71 57 7 538 76 119 587 182 192
