Utilizacion 86.058089 VolCajasEmpacado 86.863549 Duracion[s] 60.011000 Iteraciones 6896
0 2 0 0 0 0 72 93 109
1 2 0 0 93 0 72 186 109
2 2 0 0 0 109 72 93 218
3 2 0 0 93 109 72 186 218
4 1 0 0 186 0 119 231 36
5 1 0 0 186 36 119 231 72
6 1 0 0 186 72 119 231 108
7 1 0 0 186 108 119 231 144
8 1 0 0 186 144 119 231 180
9 2 0 72 0 0 181 93 72
10 2 0 72 0 72 181 93 144
11 2 0 72 0 144 181 93 216
12 2 0 72 93 0 144 186 109
13 2 0 72 93 109 144 186 218
14 0 0 144 93 0 211 188 32
15 0 0 144 93 32 211 188 64
16 0 0 144 93 64 211 188 96
17 0 0 144 93 96 211 188 128
18 0 0 144 93 128 211 188 160
19 0 0 144 93 160 211 188 192
20 0 0 181 0 0 276 67 32
21 0 0 181 0 32 276 67 64
22 4 1 0 188 180 119 233 216
23 5 1 181 0 64 290 72 157
24 4 1 119 188 0 238 233 36
25 4 1 119 188 36 238 233 72
26 4 1 119 188 72 238 233 108
27 4 1 119 188 108 238 233 144
28 4 1 119 188 144 238 233 180
29 4 1 119 188 180 238 233 216
30 3 1 181 0 157 276 67 189
31 5 1 211 72 0 283 165 109
32 5 1 211 72 109 283 165 218
33 3 1 238 165 0 333 232 32
34 3 1 238 165 32 333 232 64
35 7 2 238 165 64 357 201 109
36 7 2 238 165 109 357 201 154
37 7 2 238 165 154 357 201 199
38 8 2 283 72 0 392 165 72
39 8 2 283 72 72 392 165 144
40 8 2 283 72 144 392 165 216
41 6 2 290 0 0 385 67 32
42 6 2 290 0 32 385 67 64
43 6 2 290 0 64 385 67 96
44 6 2 290 0 96 385 67 128
45 6 2 290 0 128 385 67 160
46 6 2 290 0 160 385 67 192
47 7 2 357 165 0 476 201 45
48 6 2 357 165 45 452 232 77
49 6 2 357 165 77 452 232 109
50 7 2 357 165 109 476 201 154
51 8 2 385 0 0 478 72 109
52 8 2 385 0 109 478 72 218
53 8 2 392 72 0 464 165 109
54 9 3 357 165 154 452 232 186
55 9 3 357 165 186 452 232 218
56 11 3 392 72 109 464 165 218
57 10 3 464 72 0 583 108 45
58 10 3 464 108 0 583 144 45
59 10 3 464 72 45 583 108 90
60 10 3 464 108 45 583 144 90
61 10 3 464 72 90 583 108 135
62 9 3 464 72 135 559 139 167
63 13 4 464 72 167 583 108 212
64 13 4 464 108 167 583 153 203
65 14 4 476 153 0 569 225 109
66 14 4 476 153 109 569 225 218
67 14 4 478 0 0 571 72 109
68 14 4 478 0 109 571 72 218
