Utilizacion 77.111871 VolCajasEmpacado 77.890091 Duracion[s] 60.001000 Iteraciones 2761
0 0 0 0 0 0 44 90 35
1 0 0 0 90 0 44 180 35
2 1 0 0 0 35 38 119 76
3 1 0 0 0 76 38 119 117
4 1 0 0 0 117 38 119 158
5 1 0 0 0 158 38 119 199
6 2 0 0 119 35 55 186 62
7 2 0 0 119 62 55 186 89
8 2 0 0 119 89 55 186 116
9 2 0 0 119 116 55 186 143
10 2 0 0 119 143 55 186 170
11 2 0 0 119 170 55 186 197
12 0 0 0 186 0 90 230 35
13 0 0 0 186 35 90 230 70
14 1 0 0 186 70 119 227 108
15 1 0 0 186 108 119 227 146
16 2 0 44 0 0 99 67 27
17 5 1 0 186 146 119 227 184
18 4 1 0 186 184 90 230 219
19 4 1 44 67 0 134 102 44
20 4 1 44 67 44 134 102 88
21 4 1 44 67 88 134 102 132
22 4 1 44 67 132 134 102 176
23 4 1 44 67 176 134 102 220
24 3 1 44 0 27 99 67 54
25 3 1 44 0 54 99 67 81
26 3 1 44 0 81 99 67 108
27 3 1 44 0 108 99 67 135
28 3 1 44 0 135 99 67 162
29 3 1 44 0 162 99 67 189
30 3 1 44 0 189 99 67 216
31 4 1 55 102 0 145 137 44
32 5 1 55 102 44 174 143 82
33 5 1 55 102 82 174 143 120
34 5 1 55 102 120 174 143 158
35 5 1 55 102 158 174 143 196
36 7 2 55 143 0 145 178 44
37 7 2 55 143 44 145 178 88
38 7 2 55 143 88 145 178 132
39 7 2 55 143 132 145 178 176
40 7 2 55 143 176 145 178 220
41 8 2 99 0 0 154 67 27
42 8 2 99 0 27 154 67 54
43 8 2 99 0 54 154 67 81
44 8 2 99 0 81 154 67 108
45 8 2 99 0 108 154 67 135
46 8 2 99 0 135 154 67 162
47 8 2 99 0 162 154 67 189
48 7 2 119 178 0 209 222 35
49 6 2 119 178 35 238 219 73
50 6 2 119 178 73 238 216 114
51 6 2 119 178 114 238 216 155
52 6 2 119 178 155 238 216 196
53 7 2 134 67 0 224 102 44
54 7 2 134 67 44 224 102 88
55 6 2 154 0 0 273 41 38
56 6 2 273 0 0 392 41 38
57 6 2 392 0 0 511 41 38
58 6 2 154 0 38 273 41 76
59 9 3 99 0 189 154 67 216
60 10 3 134 67 88 224 102 132
61 10 3 134 67 132 224 102 176
62 10 3 134 67 176 224 102 220
63 10 3 145 143 0 235 178 44
64 10 3 145 143 44 235 178 88
65 10 3 145 143 88 235 178 132
66 10 3 145 143 132 235 178 176
67 10 3 145 143 176 235 178 220
68 9 3 154 0 76 221 55 103
69 9 3 154 0 103 221 55 130
70 9 3 154 0 130 221 55 157
71 9 3 154 0 157 221 55 184
72 9 3 154 0 184 221 55 211
73 9 3 221 0 76 288 55 103
74 11 3 174 102 0 293 143 38
75 11 3 174 102 38 293 143 76
76 11 3 174 102 76 293 143 114
77 11 3 174 102 114 293 143 152
78 11 3 174 102 152 293 143 190
79 9 3 221 0 103 276 67 130
80 9 3 221 0 130 276 67 157
81 10 3 221 0 157 311 35 201
82 11 3 311 0 38 430 38 79
83 13 4 224 35 157 314 70 201
84 12 4 224 70 190 279 137 217
85 13 4 235 143 0 325 178 44
86 13 4 235 143 44 325 178 88
87 13 4 235 143 88 325 178 132
88 13 4 235 143 132 325 178 176
89 13 4 235 143 176 325 178 220
90 12 4 238 178 0 305 233 27
91 12 4 305 178 0 372 233 27
92 12 4 372 178 0 439 233 27
93 12 4 439 178 0 506 233 27
94 12 4 506 178 0 573 233 27
95 12 4 238 178 27 305 233 54
96 12 4 305 178 27 372 233 54
97 12 4 372 178 27 439 233 54
98 12 4 439 178 27 506 233 54
99 12 4 506 178 27 573 233 54
100 12 4 238 178 54 305 233 81
101 12 4 238 178 81 305 233 108
102 13 4 238 178 108 328 222 143
103 13 4 238 178 143 328 222 178
104 13 4 238 178 178 328 222 213
105 13 4 311 0 79 401 35 123
106 14 4 293 70 0 412 108 41
107 14 4 293 70 41 412 108 82
108 14 4 293 70 82 412 108 123
109 14 4 293 70 123 412 108 164
110 14 4 293 70 164 412 108 205
111 13 4 311 0 123 401 35 167
112 14 4 314 0 167 433 41 205
113 14 4 325 108 0 444 149 38
114 17 5 293 108 38 383 143 82
115 17 5 293 108 82 383 143 126
116 17 5 293 108 126 383 143 170
117 17 5 293 108 170 383 143 214
118 17 5 328 143 54 372 233 89
119 17 5 328 143 89 372 233 124
120 17 5 328 143 124 372 233 159
121 17 5 328 143 159 372 233 194
122 17 5 372 143 54 416 233 89
123 17 5 416 143 54 460 233 89
124 17 5 460 143 54 504 233 89
125 17 5 504 143 54 548 233 89
126 16 5 372 143 89 491 184 127
127 16 5 372 184 89 491 225 127
128 16 5 372 143 127 491 184 165
129 16 5 372 184 127 491 225 165
130 16 5 372 143 165 491 184 203
131 16 5 372 184 165 491 225 203
132 15 5 412 41 0 479 96 27
133 15 5 479 41 0 546 96 27
134 15 5 412 41 27 479 96 54
135 15 5 412 41 54 467 108 81
136 15 5 412 41 81 467 108 108
137 15 5 412 41 108 467 108 135
138 15 5 412 41 135 467 108 162
139 18 6 412 41 162 467 108 189
140 18 6 412 41 189 467 108 216
141 19 6 383 108 38 473 143 82
142 19 6 383 108 82 473 143 126
143 19 6 383 108 126 473 143 170
144 19 6 383 108 170 473 143 214
145 20 6 433 0 38 552 41 76
146 20 6 433 0 76 552 38 117
147 20 6 433 0 117 552 38 158
148 20 6 433 0 158 552 38 199
149 19 6 473 96 0 563 140 35
150 19 6 473 96 35 563 140 70
151 18 6 479 41 27 546 96 54
152 18 6 479 41 54 546 96 81
153 18 6 479 41 81 546 96 108
154 18 6 479 41 108 546 96 135
155 18 6 479 41 135 546 96 162
156 18 6 479 41 162 546 96 189
157 18 6 479 41 189 546 96 216
158 22 7 473 96 70 563 131 114
159 22 7 473 96 114 563 140 149
160 22 7 473 96 149 563 140 184
161 22 7 473 96 184 563 140 219
162 21 7 491 140 89 546 207 116
163 21 7 491 140 116 546 207 143
164 21 7 491 140 143 546 207 170
165 21 7 491 140 170 546 207 197
166 22 7 548 140 54 583 230 98
167 22 7 546 140 98 581 230 142
168 22 7 546 140 142 581 230 186
169 22 7 552 0 0 587 90 44
170 22 7 552 0 44 587 90 88
