Utilizacion 90.614504 VolCajasEmpacado 91.825561 Duracion[s] 60.014000 Iteraciones 3364
0 1 0 0 0 0 63 90 41
1 1 0 63 0 0 126 90 41
2 1 0 126 0 0 189 90 41
3 1 0 189 0 0 252 90 41
4 1 0 0 90 0 63 180 41
5 1 0 63 90 0 126 180 41
6 1 0 126 90 0 189 180 41
7 1 0 189 90 0 252 180 41
8 1 0 0 0 41 63 90 82
9 1 0 63 0 41 126 90 82
10 1 0 126 0 41 189 90 82
11 1 0 189 0 41 252 90 82
12 1 0 0 90 41 63 180 82
13 1 0 63 90 41 126 180 82
14 1 0 126 90 41 189 180 82
15 1 0 189 90 41 252 180 82
16 1 0 0 0 82 63 90 123
17 1 0 63 0 82 126 90 123
18 1 0 126 0 82 189 90 123
19 1 0 189 0 82 252 90 123
20 1 0 0 90 82 63 180 123
21 1 0 63 90 82 126 180 123
22 1 0 126 90 82 189 180 123
23 1 0 189 90 82 252 180 123
24 1 0 0 0 123 63 90 164
25 1 0 63 0 123 126 90 164
26 1 0 126 0 123 189 90 164
27 1 0 189 0 123 252 90 164
28 1 0 0 90 123 63 180 164
29 1 0 63 90 123 126 180 164
30 1 0 126 90 123 189 180 164
31 1 0 189 90 123 252 180 164
32 1 0 0 0 164 63 90 205
33 1 0 63 0 164 126 90 205
34 1 0 126 0 164 189 90 205
35 1 0 189 0 164 252 90 205
36 1 0 0 90 164 63 180 205
37 1 0 63 90 164 126 180 205
38 1 0 126 90 164 189 180 205
39 1 0 189 90 164 252 180 205
40 0 0 0 180 0 85 220 73
41 0 0 0 180 73 85 220 146
42 0 0 0 180 146 85 220 219
43 0 0 85 180 0 170 220 73
44 0 0 85 180 73 170 220 146
45 0 0 85 180 146 170 220 219
46 0 0 170 180 0 255 220 73
47 0 0 170 180 73 255 220 146
48 0 0 170 180 146 255 220 219
49 2 0 252 0 0 314 73 54
50 2 0 314 0 0 376 73 54
51 2 0 376 0 0 438 73 54
52 2 0 438 0 0 500 73 54
53 2 0 500 0 0 562 73 54
54 2 0 252 73 0 314 146 54
55 2 0 314 73 0 376 146 54
56 2 0 376 73 0 438 146 54
57 2 0 438 73 0 500 146 54
58 2 0 500 73 0 562 146 54
59 2 0 252 0 54 314 73 108
60 2 0 314 0 54 376 73 108
61 2 0 376 0 54 438 73 108
62 2 0 438 0 54 500 73 108
63 2 0 500 0 54 562 73 108
64 2 0 252 73 54 314 146 108
65 2 0 314 73 54 376 146 108
66 2 0 376 73 54 438 146 108
67 2 0 438 73 54 500 146 108
68 2 0 500 73 54 562 146 108
69 2 0 252 0 108 314 73 162
70 2 0 314 0 108 376 73 162
71 2 0 376 0 108 438 73 162
72 2 0 438 0 108 500 73 162
73 2 0 500 0 108 562 73 162
74 2 0 252 73 108 314 146 162
75 2 0 314 73 108 376 146 162
76 2 0 376 73 108 438 146 162
77 2 0 438 73 108 500 146 162
78 2 0 500 73 108 562 146 162
79 2 0 252 0 162 314 73 216
80 2 0 314 0 162 376 73 216
81 2 0 376 0 162 438 73 216
82 2 0 438 0 162 500 73 216
83 2 0 500 0 162 562 73 216
84 2 0 252 73 162 314 146 216
85 2 0 314 73 162 376 146 216
86 2 0 376 73 162 438 146 216
87 2 0 438 73 162 500 146 216
88 2 0 500 73 162 562 146 216
89 0 0 255 146 0 295 231 73
90 0 0 295 146 0 335 231 73
91 0 0 335 146 0 375 231 73
92 0 0 375 146 0 415 231 73
93 0 0 415 146 0 455 231 73
94 0 0 455 146 0 495 231 73
95 0 0 495 146 0 535 231 73
96 0 0 535 146 0 575 231 73
97 0 0 255 146 73 295 231 146
98 0 0 295 146 73 335 231 146
99 0 0 335 146 73 375 231 146
100 0 0 375 146 73 415 231 146
101 0 0 415 146 73 455 231 146
102 0 0 455 146 73 495 231 146
103 0 0 495 146 73 535 231 146
104 0 0 535 146 73 575 231 146
105 0 0 255 146 146 295 231 219
106 0 0 295 146 146 335 231 219
107 0 0 335 146 146 375 231 219
108 0 0 375 146 146 415 231 219
109 0 0 415 146 146 455 231 219
110 0 0 455 146 146 495 231 219
111 0 0 495 146 146 535 231 219
112 0 0 535 146 146 575 231 219
