Utilizacion 77.846387 VolCajasEmpacado 78.132753 Duracion[s] 60.012000 Iteraciones 1862
0 4 0 0 0 0 92 73 89
1 4 0 0 73 0 92 146 89
2 4 0 0 146 0 92 219 89
3 6 0 0 0 89 60 90 149
4 6 0 0 90 89 60 180 149
5 6 0 0 0 149 60 90 209
6 6 0 0 90 149 60 180 209
7 8 0 0 180 89 79 233 130
8 10 0 0 180 130 68 230 161
9 10 0 0 180 161 68 230 192
10 12 0 60 0 89 90 70 130
11 12 0 60 70 89 90 140 130
12 12 0 60 0 130 90 70 171
13 12 0 60 70 130 90 140 171
14 12 0 60 0 171 90 70 212
15 12 0 60 70 171 90 140 212
16 2 0 92 0 0 182 79 100
17 2 0 92 79 0 182 158 100
18 2 0 92 0 100 182 79 200
19 2 0 92 79 100 182 158 200
20 9 0 92 158 0 165 200 32
21 5 0 92 158 32 207 218 117
22 5 0 92 158 117 207 218 202
23 3 0 182 0 0 295 76 83
24 3 0 182 76 0 295 152 83
25 8 0 182 0 83 235 41 162
26 11 0 182 41 83 237 145 113
27 11 0 182 41 113 237 145 143
28 10 0 182 41 143 250 72 193
29 1 0 182 72 143 286 132 169
30 1 0 182 0 193 242 104 219
31 9 0 182 104 169 255 146 201
32 13 0 242 72 169 328 101 205
33 3 0 207 152 0 290 228 113
34 2 0 207 146 113 307 225 203
35 6 0 250 0 83 340 60 143
36 1 0 250 0 143 354 60 169
37 1 0 250 0 169 354 60 195
38 0 0 307 101 0 398 197 28
39 7 0 307 101 28 395 189 71
40 7 0 307 101 71 395 189 114
41 7 0 307 101 114 395 189 157
42 0 0 307 101 157 403 192 185
43 0 0 307 101 185 403 192 213
44 5 0 354 0 0 469 85 60
45 24 1 307 197 0 393 233 29
46 20 1 328 60 60 407 101 113
47 20 1 328 60 113 407 101 166
48 24 1 307 192 29 393 228 58
49 23 1 307 192 58 377 233 88
50 23 1 307 192 88 377 233 118
51 21 1 307 192 118 375 223 168
52 21 1 307 192 168 375 223 218
53 25 1 328 60 166 442 91 195
54 17 1 354 0 60 469 60 145
55 27 1 354 0 145 458 60 171
56 27 1 354 0 171 458 60 197
57 24 1 393 197 0 479 233 29
58 25 1 393 192 29 507 223 58
59 25 1 393 192 58 507 223 87
60 25 1 393 192 87 507 223 116
61 25 1 393 192 116 507 223 145
62 22 1 375 192 145 479 222 200
63 16 1 403 101 0 495 190 73
64 16 1 403 101 73 495 190 146
65 16 1 403 101 146 495 190 219
66 15 1 469 0 0 582 83 76
67 15 1 469 0 76 582 83 152
68 26 1 458 0 152 554 91 180
69 26 1 458 0 180 554 91 208
70 15 1 495 91 0 578 167 113
71 14 1 495 91 113 585 170 213
72 18 1 507 170 0 567 230 90
73 18 1 507 170 90 567 230 180
