Utilizacion 71.567604 VolCajasEmpacado 72.687881 Duracion[s] 60.061000 Iteraciones 1146
0 3 0 0 0 0 53 40 74
1 3 0 0 0 74 53 40 148
2 0 0 0 0 148 86 56 182
3 0 0 0 0 182 86 56 216
4 7 0 0 56 0 53 165 24
5 1 0 0 56 24 76 106 59
6 1 0 0 106 24 76 156 59
7 7 0 0 165 0 109 218 24
8 7 0 0 165 24 109 218 48
9 2 0 0 56 59 68 145 98
10 6 0 0 156 48 69 225 129
11 5 0 0 56 98 66 153 175
12 4 0 0 153 129 99 201 209
13 14 1 0 201 129 109 223 171
14 12 1 0 56 175 74 109 215
15 10 1 76 56 0 153 122 97
16 13 1 74 56 97 150 106 132
17 8 1 74 56 132 130 142 166
18 11 1 74 56 166 173 136 214
19 9 1 109 142 0 178 223 69
20 9 1 178 142 0 247 223 69
21 9 1 247 142 0 316 223 69
22 20 2 0 201 171 58 232 214
23 18 2 86 0 0 160 53 40
24 18 2 160 0 0 234 53 40
25 18 2 234 0 0 308 53 40
26 18 2 308 0 0 382 53 40
27 21 2 99 142 69 208 195 93
28 19 2 86 0 40 162 50 75
29 17 2 99 142 93 198 190 173
30 22 2 99 136 173 208 178 195
31 17 2 86 0 75 185 48 155
32 21 2 86 0 155 195 53 179
33 15 2 173 53 0 242 122 81
34 15 2 242 53 0 311 122 81
35 15 2 311 53 0 380 122 81
36 16 2 173 53 81 270 119 158
37 23 2 173 53 158 262 121 197
38 30 3 99 136 195 208 189 219
39 29 3 58 201 171 116 232 214
40 31 3 86 0 179 184 20 212
41 31 3 86 20 179 184 40 212
42 24 3 116 195 69 192 230 119
43 24 3 192 195 69 268 230 119
44 24 3 268 195 69 344 230 119
45 27 3 116 190 119 205 229 187
46 29 3 116 189 187 174 232 218
47 29 3 174 189 187 232 232 218
48 26 3 195 0 40 269 53 80
49 28 3 195 0 80 281 34 136
50 25 3 195 0 136 277 42 205
51 30 3 208 122 69 317 175 93
52 25 3 208 121 93 290 163 162
53 32 4 173 42 197 282 84 219
54 32 4 173 84 197 282 126 219
55 39 4 208 126 162 266 169 193
56 40 4 208 126 193 317 179 217
57 36 4 232 179 119 314 221 188
58 36 4 281 0 40 363 42 109
59 37 4 281 0 109 370 39 177
60 34 4 282 42 81 379 119 147
61 34 4 282 42 147 379 119 213
62 38 4 317 122 0 403 178 34
63 38 4 317 122 34 403 178 68
64 36 4 317 122 68 359 191 150
65 33 4 317 119 150 386 200 219
66 34 4 380 53 0 477 119 77
67 35 4 382 0 0 481 48 80
68 37 4 370 0 80 459 39 148
69 41 5 277 0 177 386 42 199
70 48 5 314 200 119 372 231 162
71 46 5 386 0 148 462 35 198
72 49 5 462 0 80 496 86 136
73 43 5 380 48 77 457 114 174
74 46 5 379 42 174 429 118 209
75 47 5 386 178 0 475 217 68
76 47 5 386 178 68 475 217 136
77 47 5 386 178 136 475 217 204
78 44 5 403 119 0 502 167 80
79 45 5 457 39 136 499 121 205
80 45 5 386 118 80 455 160 162
81 42 5 499 0 0 568 69 81
82 42 5 499 0 81 580 69 150
83 50 6 277 0 199 375 33 219
84 50 6 386 0 198 484 33 218
85 51 6 386 121 162 495 143 204
86 51 6 386 143 162 495 165 204
87 55 6 484 0 150 573 39 218
88 52 6 475 167 0 584 220 24
89 54 6 499 39 150 585 95 184
90 53 6 499 39 184 542 97 215
91 58 6 475 167 24 574 215 104
92 57 6 475 165 104 544 207 186
93 52 6 475 165 186 584 218 210
94 56 6 502 97 0 576 137 53
95 59 6 502 97 53 579 163 150
96 57 6 495 121 150 577 163 219
