Utilizacion 71.326391 VolCajasEmpacado 71.772008 Duracion[s] 60.003000 Iteraciones 3106
0 1 0 0 0 0 40 86 29
1 0 0 0 86 0 48 141 66
2 0 0 0 141 0 48 196 66
3 2 0 0 0 29 74 50 105
4 3 1 0 0 105 29 86 145
5 3 1 0 0 145 29 86 185
6 5 1 0 86 66 55 134 132
7 5 1 0 86 132 55 134 198
8 4 1 0 134 66 76 184 140
9 4 1 0 134 140 76 184 214
10 6 2 0 196 0 86 225 40
11 7 2 29 0 105 103 76 155
12 8 3 0 196 40 86 225 80
13 8 3 0 196 80 86 225 120
14 10 3 29 0 155 103 76 205
15 9 3 0 184 120 66 232 175
16 11 4 0 184 175 86 224 204
17 12 4 55 76 0 121 131 48
18 13 4 55 76 48 129 126 124
19 15 5 55 76 124 121 131 172
20 14 5 76 131 0 150 181 76
21 14 5 76 131 76 152 181 150
22 17 6 55 76 172 121 131 220
23 17 6 76 131 150 131 179 216
24 16 6 86 181 0 172 210 40
25 19 7 86 181 40 160 231 116
26 18 7 86 181 116 172 210 156
27 18 7 86 179 156 172 219 185
28 18 7 86 179 185 172 219 214
29 20 8 103 0 0 169 55 48
30 20 8 103 0 48 169 55 96
31 21 9 103 0 96 189 29 136
32 21 9 103 0 136 189 29 176
33 21 9 103 0 176 189 29 216
34 22 10 129 55 0 203 131 50
35 22 10 129 55 50 203 131 100
36 22 10 129 55 100 203 131 150
37 22 10 129 55 150 203 131 200
38 23 11 152 131 0 238 171 29
39 23 11 152 131 29 238 171 58
40 24 11 172 131 58 222 205 134
41 25 12 172 131 134 222 205 210
42 26 13 189 0 0 237 55 66
43 26 13 237 0 0 285 55 66
44 27 13 189 0 66 275 29 106
45 27 13 189 0 106 275 40 135
46 28 14 189 0 135 275 40 164
47 29 14 189 0 164 255 55 212
48 28 14 203 55 0 289 95 29
49 30 15 203 55 29 251 121 84
50 30 15 203 55 84 251 121 139
51 32 16 203 55 139 253 129 215
52 32 16 253 55 29 303 131 103
53 32 16 253 55 103 303 131 177
54 31 16 222 171 0 308 200 40
55 31 16 222 200 0 308 229 40
56 31 16 253 55 177 339 95 206
57 33 17 222 171 40 270 226 106
58 34 17 285 0 0 359 50 76
59 35 18 222 131 106 262 217 135
60 35 18 222 131 135 262 217 164
61 36 18 222 131 164 288 179 219
62 36 18 222 179 164 288 227 219
63 36 18 275 0 76 341 48 131
64 37 19 275 0 131 323 55 197
65 38 20 253 95 177 339 124 217
66 39 20 308 124 0 363 172 66
67 39 20 308 172 0 363 220 66
68 40 20 288 131 66 362 181 142
69 40 20 288 181 66 362 231 142
70 40 20 288 131 142 362 181 218
71 41 21 288 181 142 374 210 182
72 41 21 288 181 182 374 221 211
73 42 21 339 50 0 415 124 50
74 42 21 339 50 50 415 124 100
75 42 21 339 50 100 415 124 150
76 42 21 339 50 150 415 124 200
77 43 22 359 0 0 414 48 66
78 45 23 359 0 66 414 48 132
79 44 23 323 0 132 409 29 172
80 46 24 363 124 0 437 174 76
81 47 25 362 124 76 428 179 124
82 47 25 362 124 124 428 179 172
83 47 25 362 124 172 428 179 220
84 49 26 323 0 172 409 29 212
85 48 26 374 179 0 429 227 66
86 50 27 374 179 66 448 229 142
87 50 27 374 179 142 448 229 218
88 51 27 414 0 0 500 40 29
89 51 27 414 0 29 500 40 58
90 51 27 414 0 58 500 40 87
91 52 28 414 0 87 500 40 116
92 52 28 414 0 116 500 40 145
93 53 28 409 0 145 464 48 211
94 56 29 464 0 145 514 76 219
95 55 29 415 48 0 463 103 66
96 54 29 415 76 66 501 116 95
97 54 29 415 76 95 501 116 124
98 54 29 415 76 124 501 116 153
99 56 29 428 76 153 502 152 203
100 57 30 448 152 0 534 181 40
101 59 31 448 152 40 524 202 114
102 59 31 448 152 114 524 202 188
103 58 31 448 202 0 534 231 40
104 58 31 448 202 40 534 231 80
105 58 31 448 202 80 534 231 120
106 61 32 502 76 0 578 150 50
107 61 32 502 76 50 578 150 100
108 61 32 502 76 100 578 150 150
109 61 32 502 76 150 578 150 200
110 60 32 514 0 0 580 55 48
111 60 32 514 0 48 580 55 96
112 61 32 514 0 96 564 76 170
113 62 33 534 150 0 584 224 76
114 63 34 448 152 188 534 192 217
115 64 34 514 0 170 569 66 218
116 65 34 534 150 76 584 224 152
