Utilizacion 73.293222 VolCajasEmpacado 75.159627 Duracion[s] 60.008000 Iteraciones 2000
0 3 0 0 0 0 37 53 72
1 3 0 0 0 72 37 53 144
2 3 0 0 0 144 37 53 216
3 0 0 0 53 0 78 137 28
4 0 0 0 137 0 78 221 28
5 6 0 0 53 28 54 114 122
6 6 0 0 53 122 54 114 216
7 4 0 0 114 28 37 171 98
8 4 0 0 171 28 37 228 98
9 5 0 0 114 98 39 221 138
10 5 0 0 114 138 39 221 178
11 5 0 0 114 178 39 221 218
12 1 0 37 0 0 129 29 44
13 10 0 37 0 44 128 28 88
14 2 0 37 0 88 121 33 149
15 9 0 39 114 28 108 228 103
16 7 0 39 114 103 93 190 183
17 8 0 78 33 0 146 111 76
18 11 1 39 114 183 111 167 220
19 18 1 37 0 149 129 44 178
20 18 1 37 0 178 129 44 207
21 19 1 39 167 183 130 211 211
22 11 1 54 44 76 107 81 148
23 11 1 54 44 148 107 81 220
24 20 1 54 81 76 143 108 119
25 20 1 54 81 119 143 108 162
26 19 1 54 81 162 145 109 206
27 14 1 111 111 0 191 165 76
28 14 1 111 111 76 191 165 152
29 15 1 111 109 152 180 154 202
30 13 1 130 165 0 208 233 76
31 15 1 130 165 76 199 215 121
32 15 1 130 165 121 199 215 166
33 15 1 130 165 166 199 215 211
34 16 1 146 0 0 231 94 39
35 17 1 146 0 39 186 107 78
36 17 1 146 0 78 186 107 117
37 17 1 146 0 117 186 107 156
38 17 1 146 0 156 186 107 195
39 17 1 186 0 39 225 107 79
40 12 1 186 0 79 255 75 193
41 12 1 208 107 0 322 182 69
42 33 2 186 0 193 229 89 220
43 34 2 191 107 69 261 164 106
44 34 2 191 107 106 261 164 143
45 34 2 191 107 143 261 164 180
46 27 2 180 107 180 287 146 220
47 30 2 208 164 69 300 193 113
48 30 2 208 164 113 300 193 157
49 30 2 208 164 157 300 193 201
50 27 2 208 193 0 315 232 40
51 29 2 208 193 40 292 226 101
52 28 2 199 193 101 271 230 154
53 29 2 199 193 154 283 226 215
54 32 2 231 75 0 322 103 44
55 32 2 231 75 44 322 103 88
56 23 2 255 0 0 333 68 76
57 23 2 255 0 76 333 68 152
58 31 2 255 0 152 339 78 180
59 31 2 255 0 180 339 78 208
60 21 2 287 78 88 356 128 133
61 26 2 287 78 133 381 163 172
62 26 2 287 78 172 381 163 211
63 22 2 322 163 0 397 232 114
64 22 2 397 163 0 472 232 114
65 22 2 472 163 0 547 232 114
66 23 2 300 163 114 376 231 192
67 24 2 376 163 114 466 233 177
68 25 2 339 0 0 393 76 80
69 25 2 339 0 80 393 76 160
70 25 2 339 0 160 419 76 214
71 22 2 381 76 0 495 151 69
72 22 2 381 76 69 495 151 138
73 22 2 381 76 138 495 151 207
74 45 3 300 163 192 391 207 220
75 46 3 391 151 177 480 178 220
76 41 3 391 178 177 463 231 214
77 47 3 419 0 0 476 70 37
78 47 3 476 0 0 533 70 37
79 36 3 419 0 37 487 76 115
80 37 3 419 0 115 473 76 195
81 38 3 466 178 114 560 232 175
82 40 3 466 178 175 573 217 215
83 35 3 487 0 37 556 50 82
84 41 3 487 0 82 540 72 119
85 35 3 473 0 119 542 45 169
86 35 3 473 0 169 542 45 219
87 45 3 473 45 119 564 73 163
88 43 3 473 45 163 565 74 207
89 42 3 495 74 0 528 158 61
90 47 3 495 74 61 552 144 98
91 44 3 495 74 98 579 152 126
92 39 3 495 74 126 580 168 165
93 39 3 495 74 165 580 168 204
