Utilizacion 81.897698 VolCajasEmpacado 83.114724 Duracion[s] 60.029000 Iteraciones 1520
0 0 0 0 0 0 85 108 20
1 0 0 85 0 0 170 108 20
2 0 0 0 108 0 85 216 20
3 0 0 85 108 0 170 216 20
4 7 0 0 0 20 55 75 118
5 7 0 0 0 118 55 75 216
6 4 0 0 75 20 56 156 60
7 4 0 0 75 60 56 156 100
8 4 0 0 75 100 56 156 140
9 4 0 0 75 140 56 156 180
10 4 0 0 75 180 56 156 220
11 5 0 0 156 20 107 198 81
12 5 0 107 156 20 214 198 81
13 5 0 0 156 81 107 198 142
14 5 0 107 156 81 214 198 142
15 5 0 0 156 142 107 198 203
16 5 0 107 156 142 214 198 203
17 1 0 0 198 20 119 232 45
18 1 0 0 198 45 119 232 70
19 1 0 0 198 70 119 232 95
20 1 0 0 198 95 119 232 120
21 2 0 0 198 120 40 230 180
22 2 0 0 198 180 60 230 220
23 2 0 55 0 20 115 32 60
24 2 0 115 0 20 175 32 60
25 2 0 55 32 20 115 64 60
26 2 0 115 32 20 175 64 60
27 2 0 60 198 120 120 230 160
28 2 0 60 198 160 120 230 200
29 7 0 55 0 60 153 75 115
30 7 0 55 0 115 153 75 170
31 2 0 55 0 170 95 60 202
32 2 0 95 0 170 135 60 202
33 2 0 135 0 170 167 60 210
34 3 0 56 75 20 116 114 79
35 3 0 116 75 20 176 114 79
36 3 0 56 114 20 116 153 79
37 3 0 116 114 20 176 153 79
38 3 0 56 75 79 116 114 138
39 3 0 116 75 79 176 114 138
40 3 0 56 114 79 116 153 138
41 3 0 116 114 79 176 153 138
42 3 0 56 75 138 116 114 197
43 3 0 116 75 138 176 114 197
44 3 0 56 114 138 116 153 197
45 3 0 116 114 138 176 153 197
46 0 0 56 60 197 164 145 217
47 7 0 175 0 0 273 75 55
48 7 0 175 0 55 273 75 110
49 7 0 175 0 110 273 75 165
50 7 0 175 0 165 273 75 220
51 7 0 176 75 0 274 150 55
52 7 0 176 75 55 274 150 110
53 7 0 176 75 110 274 150 165
54 7 0 176 75 165 274 150 220
55 6 0 214 150 0 311 216 45
56 6 0 214 150 45 311 216 90
57 6 0 214 150 90 311 216 135
58 6 0 214 150 135 311 216 180
59 5 0 273 0 0 380 42 61
60 5 0 380 0 0 487 42 61
61 6 0 273 0 61 370 66 106
62 6 0 370 0 61 467 66 106
63 6 0 273 0 106 370 66 151
64 6 0 370 0 106 467 66 151
65 6 0 273 0 151 370 66 196
66 11 1 214 150 180 273 210 219
67 11 1 273 150 180 332 210 219
68 10 1 274 66 0 334 106 32
69 10 1 274 106 0 334 146 32
70 13 1 274 66 32 381 108 93
71 13 1 274 108 32 381 150 93
72 13 1 274 66 93 381 108 154
73 13 1 274 108 93 381 150 154
74 13 1 274 66 154 381 108 215
75 13 1 274 108 154 381 150 215
76 10 1 370 0 151 430 32 191
77 10 1 370 32 151 430 64 191
78 12 1 332 150 0 372 231 56
79 12 1 372 150 0 412 231 56
80 12 1 412 150 0 452 231 56
81 12 1 452 150 0 492 231 56
82 12 1 492 150 0 532 231 56
83 12 1 532 150 0 572 231 56
84 11 1 332 150 56 371 209 116
85 11 1 332 150 116 371 209 176
86 11 1 332 150 176 391 210 215
87 9 1 370 0 191 489 34 216
88 15 1 381 66 0 479 141 55
89 15 1 479 66 0 577 141 55
90 15 1 381 66 55 479 141 110
91 15 1 479 66 55 577 141 110
92 15 1 381 66 110 479 141 165
93 15 1 479 66 110 577 141 165
94 15 1 381 66 165 479 141 220
95 15 1 479 66 165 577 141 220
96 10 1 430 34 151 490 66 191
97 8 1 391 141 56 499 226 76
98 12 1 391 141 76 431 222 132
99 12 1 391 141 132 431 222 188
100 8 1 431 141 76 539 226 96
101 8 1 431 141 96 539 226 116
102 8 1 431 141 116 539 226 136
103 8 1 431 141 136 539 226 156
104 8 1 431 141 156 539 226 176
105 8 1 431 141 176 539 226 196
106 8 1 431 141 196 539 226 216
107 14 1 490 0 0 587 66 45
108 11 1 539 141 56 578 200 116
109 14 1 490 0 45 587 45 111
110 12 1 539 141 116 579 222 172
111 15 1 490 0 111 565 55 209
