Utilizacion 72.366916 VolCajasEmpacado 73.190641 Duracion[s] 60.003000 Iteraciones 2958
0 2 0 0 0 0 36 57 63
1 1 0 0 0 63 35 69 124
2 1 0 0 0 124 35 69 185
3 5 0 0 69 0 96 164 68
4 5 0 0 69 68 96 164 136
5 5 0 0 69 136 96 164 204
6 3 0 0 164 0 38 202 66
7 3 0 0 164 66 38 202 132
8 6 0 0 202 0 96 233 60
9 4 0 36 0 0 106 55 107
10 4 0 36 0 107 106 55 214
11 0 0 96 55 0 181 147 34
12 14 1 0 164 132 51 195 163
13 14 1 0 164 163 51 195 194
14 13 1 0 202 60 96 233 120
15 13 1 0 202 120 96 233 180
16 10 1 0 195 180 66 233 218
17 13 1 51 164 0 147 195 60
18 13 1 51 164 60 147 195 120
19 10 1 66 164 120 104 202 186
20 10 1 104 164 120 142 202 186
21 9 1 96 55 34 151 125 141
22 11 1 96 55 141 159 112 177
23 11 1 96 55 177 159 112 213
24 11 1 96 125 34 153 161 97
25 12 1 96 125 97 165 160 158
26 12 1 96 125 158 165 160 219
27 9 1 106 0 0 213 55 70
28 9 1 106 0 70 176 55 177
29 11 1 142 195 0 199 231 63
30 11 1 199 195 0 256 231 63
31 11 1 256 195 0 313 231 63
32 8 1 147 161 63 243 229 158
33 7 1 181 55 0 266 147 34
34 21 2 51 164 186 102 195 217
35 21 2 66 202 180 117 233 211
36 21 2 102 160 186 153 191 217
37 20 2 117 202 158 213 233 218
38 15 2 153 160 158 222 195 219
39 18 2 159 55 34 195 112 97
40 17 2 159 55 97 214 125 204
41 16 2 266 0 0 334 96 95
42 19 2 222 0 95 314 85 129
43 19 2 214 0 129 299 92 163
44 19 2 214 0 163 299 92 197
45 22 3 165 125 34 196 156 85
46 22 3 165 125 85 216 156 116
47 22 3 165 125 116 216 156 147
48 23 3 165 125 147 261 156 207
49 25 3 222 156 158 260 222 196
50 25 3 314 0 95 352 38 161
51 25 3 260 156 0 326 194 38
52 23 3 260 156 38 356 187 98
53 23 3 260 156 98 356 187 158
54 26 3 266 96 0 336 151 107
55 27 3 336 38 0 431 106 96
56 27 3 431 38 0 526 106 96
57 27 3 336 38 96 431 106 192
58 27 3 431 38 96 526 106 192
59 24 3 356 106 0 441 198 34
60 24 3 356 106 34 441 198 68
61 31 4 260 198 63 329 233 124
62 31 4 260 198 124 329 233 185
63 28 4 260 156 158 291 187 209
64 28 4 291 156 158 322 187 209
65 28 4 322 156 158 353 187 209
66 29 4 261 106 107 327 144 145
67 30 4 261 106 145 318 142 208
68 32 4 356 106 68 441 198 102
69 39 5 260 187 185 311 218 216
70 36 5 299 0 161 365 38 199
71 40 5 336 106 102 399 142 159
72 40 5 336 106 159 399 142 216
73 37 5 329 198 0 390 233 69
74 37 5 390 198 0 451 233 69
75 34 5 329 198 69 425 229 129
76 34 5 329 198 129 425 229 189
77 35 5 356 142 102 463 197 172
78 38 5 399 106 172 491 191 206
79 34 5 365 0 0 461 31 60
80 34 5 365 0 60 461 31 120
81 34 5 365 0 120 461 31 180
82 33 5 491 106 0 587 201 68
83 41 6 451 201 0 547 232 60
84 41 6 451 201 60 547 232 120
85 41 6 451 201 120 547 232 180
86 43 6 461 0 0 522 35 69
87 41 6 461 0 69 557 31 129
88 44 6 461 0 129 524 36 186
89 44 6 524 0 129 587 36 186
90 42 6 491 106 68 583 191 102
91 42 6 491 106 102 583 191 136
92 46 6 491 106 136 587 201 204
93 45 6 526 36 0 581 106 107
94 45 6 526 36 107 581 106 214
